9 0.2863455656297238 0.1727961663942102 0.06418286831702939 0.1103841209411626
6 0.4713022074831022 0.44059909537032205 0.06825571828879458 0.1401125312495882
7 0.18350753391851835 0.30992224512873606 0.08852969190984816 0.2068051534085667
10 0.3571740051204975 0.1560819991859258 0.07292010246142669 0.17999719155801358
11 0.4557766470444631 0.34823431736714483 0.06766418408792756 0.1299562812495881
8 0.4894206888554892 0.6578820527566482 0.07628802616718496 0.1574227621748646
9 0.2790321365211194 0.34202740746575644 0.06312089725622468 0.11895059740221221
9 0.38657713894019385 0.567114956572252 0.06573766304124015 0.12367900771063774
5 0.2760157394060691 0.07583934577735915 0.06522942882625564 0.1283528709411626
2 0.2837699283321455 0.6511705823846785 0.07798703405969273 0.1597937857138149
1 0.787785510240995 0.31344585470251757 0.10102969190984812 0.20702334172016937
3 0.5817369914722077 0.6751025547852432 0.06325740514873246 0.1212943474022122
3 0.6102289286144942 0.3602957609537533 0.05586213410204497 0.11492161647693581
3 0.6393003205384599 0.5512344066516823 0.06353042093374803 0.12598184740221222