7 0.3359375 0.665625 0.0609375 0.071875
11 0.48046875 0.66015625 0.0328125 0.05625
1 0.75078125 0.67578125 0.0734375 0.06875
3 0.35234375 0.57421875 0.03125 0.0484375
9 0.428125 0.58203125 0.0296875 0.04296875
2 0.61796875 0.58359375 0.03828125 0.05625
3 0.74296875 0.5984375 0.03828125 0.04296875
11 0.36484375 0.484375 0.0375 0.06484375
3 0.428125 0.50625 0.0296875 0.05078125
3 0.48515625 0.4953125 0.02734375 0.053125
9 0.61875 0.51015625 0.03125 0.05390625
8 0.740625 0.50859375 0.04296875 0.06484375
0 0.4296875 0.4015625 0.0328125 0.071875
3 0.4921875 0.4234375 0.02734375 0.053125
9 0.68125 0.421875 0.03515625 0.05078125
9 0.4296875 0.33984375 0.02734375 0.05859375
2 0.49375 0.33984375 0.03125 0.07421875
6 0.61640625 0.334375 0.0359375 0.08203125
3 0.73359375 0.35546875 0.03515625 0.05625
3 0.31640625 0.2671875 0.0328125 0.05859375
9 0.38515625 0.26328125 0.0296875 0.06015625
9 0.55390625 0.265625 0.0265625 0.06015625
8 0.61328125 0.2640625 0.03515625 0.071875
4 0.7328125 0.265625 0.0578125 0.1078125
9 0.44140625 0.19453125 0.0265625 0.0625
6 0.55390625 0.184375 0.03125 0.08984375
9 0.61640625 0.203125 0.0265625 0.06015625
5 0.67421875 0.2078125 0.0359375 0.07421875
0 0.32421875 0.1171875 0.0375 0.08984375
3 0.49609375 0.134375 0.025 0.0625
5 0.553125 0.1265625 0.0296875 0.07421875
10 0.66953125 0.1203125 0.05078125 0.1109375