8 0.7195678765281386 0.7324638479269797 0.05150826831736559 0.05972114532659738
8 0.6460894329505736 0.7315358211414937 0.048260437584671044 0.057304660144236054
9 0.5828933921319708 0.7433623674942713 0.033338122455808694 0.04057110182361114
9 0.3087565292871005 0.7354173552420835 0.034941566033373485 0.04138871941479181
11 0.24440410221787903 0.7245331002080906 0.049822937584671045 0.057341027735416716
2 0.6531416943705344 0.6417466225282645 0.049945768317365594 0.059684777735416715
3 0.5139596856641071 0.6557155907087852 0.03206222749876275 0.046003484232430655
5 0.4574607021724505 0.6442319236306948 0.03588326831736559 0.05935746941479163
9 0.251828177862191 0.6425745853904516 0.037817582541716986 0.05159952080156245
3 0.7093750842391976 0.5687461868328132 0.040161332541716985 0.05165407218833344
9 0.527876100747541 0.5543531124602783 0.0301688568519765 0.05454268284565984
3 0.3299332457045868 0.5552213621759379 0.03547383254171699 0.05154496941479181
3 0.2622920443251059 0.5473893719595836 0.037940413274411534 0.05394327080156245
2 0.7089014507021124 0.4733064002636812 0.05216336555840364 0.07222114532659737
0 0.5945114020815934 0.47690156610750056 0.041389639868663154 0.07509157218833344
6 0.46515145070211245 0.46763305603951427 0.03497586555840364 0.07182110182361115
9 0.40339507915081485 0.4818397199834726 0.0301688568519765 0.05454268284565984
3 0.7136984933297377 0.4116240178548617 0.0387626068519765 0.05474270459715278
1 0.5284160905707757 0.39479627450437543 0.04722356004047974 0.09707567496187508
4 0.4663255263464244 0.3855290708571532 0.04352202792830404 0.1008910059839236
5 0.40444632406243225 0.40207948480111144 0.038759284825709096 0.06956827080156244
10 0.5327151662150877 0.31276502450437543 0.04742827792830404 0.10098192496187508
3 0.41211938319840086 0.3302954037790629 0.02963326831736577 0.059211999050069505
6 0.6510391203081021 0.2490317924561464 0.04286693068726599 0.0883910059839236
0 0.585086571687583 0.253754353626563 0.03571284995457162 0.08588360182361114
3 0.41107586160167475 0.26065505100552117 0.02963326831736559 0.059211999050069505
9 0.6996304285395596 0.20244838639597282 0.030496405472495526 0.06079268284565975
3 0.6431314450479029 0.1909647193178825 0.030619236205190248 0.06313643284565976
9 0.5900916542293 0.2030276550133338 0.028152655472495524 0.060738131458888935
9 0.5333879528498191 0.1954502379352435 0.02827548620519007 0.06308188145888893
11 0.4828114207376434 0.19036204122187544 0.033577139868663154 0.07490973423243057
7 0.4194859051338112 0.17480846998347258 0.04939689167768559 0.12365635875746532