8 0.22216892122012338 0.71484375 0.05014240399835055 0.05859375
8 0.29558368916681205 0.715625 0.046949207838416565 0.05625
9 0.35769724426051924 0.72890625 0.03240933471887839 0.03984375
9 0.6319614583671419 0.72734375 0.03399456677218975 0.040625
11 0.697077993006878 0.71796875 0.048511707838416386 0.05625
2 0.29585412529761623 0.62578125 0.04857990399835055 0.05859375
3 0.43363527012476677 0.64296875 0.031005959092057722 0.0453125
5 0.4909620368178141 0.6328125 0.03451740399835046 0.05859375
9 0.6963398586045688 0.6359375 0.03663383346523723 0.05078125
3 0.24566992036219357 0.5515625 0.038977583465237144 0.05078125
9 0.42799668705524097 0.54140625 0.028912261678482487 0.05390625
3 0.6254938126820615 0.546875 0.03429008346523723 0.05078125
3 0.6936444191085523 0.540625 0.03670202962517113 0.053125
2 0.25391198086617706 0.45625 0.050506116851332016 0.07109375
0 0.3677926244396864 0.4625 0.03965954506457736 0.07421875
6 0.4976619808661772 0.45625 0.03331861685133184 0.07109375
9 0.5581448397999502 0.471875 0.028912261678482487 0.05390625
3 0.254145313077773 0.39453125 0.037506011678482484 0.05390625
1 0.44044652593075445 0.38203125 0.044983542557294955 0.09609375
4 0.5031738464638679 0.37421875 0.041190952823851566 0.1
5 0.5635885092377071 0.3921875 0.03715667069139794 0.06875
10 0.4428333915284452 0.3 0.045097202823851566 0.1
3 0.5617736081423503 0.3203125 0.02826740399835046 0.05859375
6 0.32992186605990914 0.23359375 0.04082723997087019 0.0875
0 0.3953650096334185 0.23984375 0.033727793810936116 0.08515625
3 0.5684842608870596 0.25078125 0.02826740399835046 0.05859375
9 0.285214771311901 0.1859375 0.029094118104973178 0.06015625
3 0.34254153800494835 0.17578125 0.02916231426490725 0.0625
9 0.3944988430986556 0.1890625 0.026750368104973176 0.06015625
9 0.4517119495251463 0.1828125 0.026818564264907252 0.0625
11 0.502606859791703 0.17890625 0.03184704506457727 0.07421875
7 0.5670785367513071 0.16484375 0.04653768236988043 0.12265625