8 0.7153963427851291 0.706034893897232 0.051850197312694316 0.05915737133990877
8 0.6419133401542931 0.7076706665738679 0.04858868942018653 0.05677725867281787
9 0.5786397954300824 0.7216791699156857 0.033570634172632195 0.040207376670909054
9 0.30451205069175424 0.7233074939529113 0.03517863680346807 0.04100680800445424
11 0.2402143322617854 0.7146870192950472 0.05015118942018652 0.056795440006363405
2 0.6494898927004245 0.6177996445735496 0.05028769731269449 0.059139190006363404
3 0.5102075848220341 0.6365961925923216 0.03232665258848364 0.04565794533736352
5 0.4537678690229011 0.6271035612667303 0.036225197312694316 0.05897555800445424
9 0.24811710849955743 0.6326194066279563 0.03811392100433508 0.051190330004772557
3 0.7061563926298373 0.5429718198997773 0.04045767100433508 0.05121760200509069
9 0.5247166768307043 0.5349336952578216 0.03048343152767874 0.05422442333704538
3 0.32674190841485284 0.5427023839513204 0.035770171004335084 0.05116305800445424
3 0.2591371794615402 0.5372432719605473 0.03825042889684287 0.053534080004772555
2 0.7062389635918201 0.44772295456718636 0.052578239406069115 0.07165737133990877
0 0.5918124425451327 0.4553001919160039 0.04182274992941295 0.07465510200509069
6 0.4624889635918201 0.45055924260027574 0.03539073940606911 0.07145737667090887
9 0.4006414109751016 0.46689331460854805 0.03048343152767874 0.05422442333704538
3 0.711396171427858 0.38598602323364095 0.03907718152767874 0.054324420671545234
1 0.5261867135212329 0.3756496019255489 0.04778432359281872 0.09658464600572696
4 0.4641417398295921 0.36856435526736664 0.044105586746998424 0.10044544267186346
5 0.4021576793203659 0.38724217727563903 0.03916048151356133 0.06915908000477247
10 0.5309644897590049 0.2936183519255489 0.048011836746998424 0.10049089600572696
3 0.41025017135727093 0.3153217239417754 0.029975197312694313 0.05890283267027261
6 0.6496759633800586 0.2258757739099587 0.043377544653623444 0.08794544267186337
0 0.5836869423333712 0.23288938991886737 0.03620978676111584 0.08551987667090888
3 0.4096124055016682 0.24584501794241173 0.029975197312694313 0.05890283267027261
9 0.69854537386105 0.17768317457036806 0.03084745257436623 0.060474423337045294
3 0.642105658061917 0.1681905432447768 0.030983960466874017 0.06281817333704529
9 0.5889883633377062 0.18208086791854922 0.02850370257436623 0.06044715133672711
9 0.5323211343843937 0.17649448659295794 0.028640210466873837 0.06279090133672707
11 0.4817673975385732 0.1731791299331849 0.03401024992941295 0.07456419533736343
7 0.41852394489361994 0.15986206460854815 0.05011266304124007 0.12315623667249972