6 0.6405087661072691 0.7139137772114781 0.04251475292686617 0.05772321996293321
3 0.42722751610726917 0.7064658318433162 0.03154543667008767 0.05187252404661713
2 0.7058843021134268 0.6247719208582085 0.04882384026088378 0.06809772477225665
3 0.6277274858566482 0.6275124857416657 0.03155907220870695 0.05421627404661713
5 0.5620706695998695 0.6306895602437699 0.033176114363184794 0.0636458377489479
8 0.3668490731906656 0.6082440974524128 0.03869486133812261 0.07243056070710593
1 0.22008770267916086 0.5835838594333124 0.0677329215447771 0.09609623920022674
11 0.49537859416970864 0.5431870710435429 0.03163634026088378 0.06749752404661713
3 0.4399143893492484 0.5404688096107977 0.02765736738824671 0.05486111479078985
9 0.3079604074014252 0.5225769267638404 0.033139752926866176 0.057395837748947895
3 0.6263018621236895 0.4696181401881695 0.031563617388246715 0.05499752404661713
5 0.5036683380213886 0.4614286395551973 0.031663611338122524 0.07218502404661713
7 0.4334694675098838 0.43944202295030876 0.04753405103327228 0.1149181610699257
9 0.3740581060735654 0.4436186022617362 0.03155907220870695 0.05421627404661713
9 0.3115581060735654 0.44143605416850207 0.03546532220870695 0.0543526833024444
9 0.5634660397185908 0.3908458102437698 0.027684638465485634 0.05954861479079003
9 0.43618137705260834 0.376242618503805 0.027684638465485634 0.05954861479079003
0 0.3744808077707676 0.3709623522617363 0.03643292456983911 0.0864112151536097
6 0.31677284690018315 0.3509747452754946 0.03644656010845857 0.0887549651536097
3 0.6896972624930319 0.3178944382814037 0.031590888465485634 0.05968502404661713
3 0.5592103317748727 0.3164633691367772 0.026912478824565156 0.06108383293962447
11 0.45069839500658926 0.2986086918247827 0.02777554205628192 0.07517361479079003
4 0.38596372931554457 0.27759429817805226 0.04752041549465282 0.11257441106992569
9 0.2624398709042882 0.28812751569391465 0.0355198643631847 0.06372768330244423
0 0.5628307563447118 0.23141624654143894 0.03178178600615773 0.09249752404661712
10 0.45346939188333124 0.22525303737827906 0.04364143657189175 0.1171255018140985
9 0.3268205334720749 0.23567712748947972 0.031590888465485634 0.05968502404661713
3 0.6740909640920382 0.1798215194069297 0.030051114363184795 0.06353671034428628
9 0.5678500544511179 0.1745486876484315 0.026912478824565156 0.06108383293962456
2 0.45384209660559555 0.16119053737827904 0.027807358313060603 0.08064236479078998
8 0.3366727773237548 0.15397325970346487 0.036414743851679886 0.0832862151536097
3 0.27721596409203825 0.16596233901489232 0.0355198643631847 0.06372768330244423