7 0.30546875 0.71171875 0.0625 0.08203125
5 0.375 0.72890625 0.03828125 0.05390625
0 0.44140625 0.721875 0.0359375 0.05390625
10 0.5828125 0.7296875 0.05546875 0.07421875
3 0.71328125 0.73203125 0.0375 0.0453125
3 0.771875 0.73828125 0.04296875 0.04296875
9 0.30859375 0.6359375 0.0359375 0.05078125
3 0.37890625 0.63203125 0.0328125 0.0484375
9 0.440625 0.63203125 0.0296875 0.04296875
2 0.51484375 0.640625 0.03515625 0.06015625
2 0.5765625 0.63671875 0.03828125 0.0484375
9 0.7015625 0.6359375 0.0375 0.05078125
3 0.7703125 0.6390625 0.040625 0.0484375
4 0.303125 0.5265625 0.05859375 0.09140625
8 0.4515625 0.5375 0.0328125 0.07109375
8 0.32421875 0.47109375 0.046875 0.0625
5 0.38125 0.46015625 0.0375 0.06484375
9 0.50390625 0.47578125 0.02734375 0.053125
6 0.578125 0.4640625 0.03125 0.071875
3 0.70234375 0.4765625 0.03515625 0.05390625
11 0.759375 0.47734375 0.046875 0.06484375
9 0.4515625 0.3921875 0.02734375 0.053125
9 0.68828125 0.4 0.0296875 0.05390625
3 0.33046875 0.30703125 0.03125 0.05625
3 0.5765625 0.32421875 0.02734375 0.05625
9 0.63359375 0.31796875 0.03125 0.05859375
6 0.5125 0.22734375 0.0296875 0.084375
0 0.575 0.2328125 0.0296875 0.08515625
9 0.62890625 0.2515625 0.03125 0.05625
3 0.75078125 0.25546875 0.03515625 0.05859375
11 0.3375 0.1703125 0.03515625 0.0765625
1 0.50859375 0.1546875 0.0359375 0.12109375