10 0.33519622990932235 0.6859429805509805 0.057077250676317706 0.07404168758467104
1 0.4007575952419133 0.6948509910664301 0.054079520011135786 0.08481541327441153
9 0.4826706665738679 0.7093063167107421 0.030160214672181596 0.04218085594746519
9 0.6109138452419133 0.7058648134313816 0.03181362133990877 0.050075243102595125
8 0.6711610019096405 0.7012049689038772 0.04135225334181776 0.06462906603337366
9 0.7435899852403225 0.7245439716174106 0.03643748667249973 0.04485215456798421
5 0.6727695025859581 0.630152162481442 0.04286930000795408 0.06080470318850324
2 0.3489603799331849 0.5107758842144536 0.041452250676317706 0.07322281603337348
9 0.4261586792648213 0.5273292983933764 0.02790737133990877 0.049870525214770825
3 0.4885768632638669 0.5376360345985665 0.027961915340545217 0.05455802521477082
8 0.6018490225970942 0.5443541033454735 0.03908122867599957 0.07075623530067894
9 0.675322885264185 0.5450777996365718 0.03655566534054522 0.05500840456798421
9 0.4285757019414572 0.4539736855485062 0.027189756007317812 0.055298331637205676
4 0.4796205812778663 0.43397876809022307 0.041743152013044946 0.09822281603337349
3 0.5420024026098208 0.4474105042954132 0.027189756007317812 0.05529833163720586
3 0.6105614986075937 0.46741978912112214 0.03030566534054522 0.05468085594746519
0 0.7403853586091845 0.4624976729968916 0.0492738413430903 0.07441350180902226
9 0.3021410186187295 0.3691748824054314 0.03186816534054513 0.05476274310259503
2 0.3631239719525931 0.3684622314554917 0.04286930000795426 0.060804703188503326
3 0.4904859032861385 0.3735735345985665 0.027998278007635945 0.057683025214770645
9 0.5505148839513204 0.38766369007106194 0.027971006007317813 0.055339275214770646
11 0.3687750826305017 0.28589539292088095 0.033639750676317706 0.0728133802577248
6 0.5453557639640471 0.2935861414505429 0.030705654678545004 0.08905585594746528
6 0.6664495139640471 0.2999323959730987 0.036955654678545 0.0893834045679843
0 0.5453290393061831 0.22870144787297803 0.028361904678545 0.08893302521477064
3 0.6007068826384558 0.2394209418800842 0.028043731341499623 0.061589275214770645
3 0.6639154073042741 0.24898737166283916 0.030414753341817757 0.06405585594746536
11 0.44372163331477366 0.16005658921197927 0.03057838534372692 0.07811835594746527
3 0.4919864106460919 0.17743884102100158 0.025727253341817757 0.063810194482076
3 0.5982545919796374 0.18144466756982475 0.028043731341499623 0.061589275214770645
5 0.6600824299809099 0.17530421019744993 0.036019863343408606 0.07606121099041943
7 0.7165506059834553 0.159502147782121 0.05774996001749919 0.1318541875846711