3 0.2421875 0.7171875 0.0421875 0.0453125
0 0.31171875 0.70390625 0.046875 0.05625
10 0.446875 0.70390625 0.0515625 0.08515625
9 0.5203125 0.72890625 0.03125 0.03984375
11 0.73828125 0.71484375 0.0484375 0.05859375
4 0.24375 0.6 0.06953125 0.08984375
3 0.32421875 0.61875 0.0375 0.05078125
8 0.45546875 0.6140625 0.0359375 0.06015625
11 0.52578125 0.615625 0.0328125 0.0625
7 0.73984375 0.62421875 0.06640625 0.08515625
9 0.32890625 0.5390625 0.0375 0.05390625
6 0.51953125 0.52578125 0.03515625 0.06640625
3 0.275 0.45625 0.0359375 0.05625
9 0.46796875 0.46171875 0.02734375 0.053125
0 0.72265625 0.44453125 0.046875 0.071875
3 0.275 0.36875 0.0359375 0.05859375
3 0.4 0.3671875 0.0296875 0.05625
9 0.5328125 0.38203125 0.02734375 0.053125
3 0.59296875 0.37890625 0.02734375 0.05625
5 0.65078125 0.3765625 0.0375 0.07109375
2 0.7125 0.371875 0.0453125 0.06640625
5 0.34609375 0.290625 0.03828125 0.071875
9 0.46328125 0.29375 0.02734375 0.05390625
2 0.59140625 0.290625 0.03828125 0.07109375
6 0.7140625 0.290625 0.04296875 0.08515625
8 0.525 0.22578125 0.03125 0.08203125
1 0.590625 0.209375 0.0375 0.125
9 0.70703125 0.22421875 0.03515625 0.05859375
9 0.29765625 0.15 0.0328125 0.06015625
3 0.35 0.15390625 0.02734375 0.0625
3 0.6390625 0.15859375 0.02734375 0.0625
9 0.70390625 0.16953125 0.0328125 0.06484375