2 0.693090545910277 0.6731696822192275 0.05139941534054522 0.054011390015886104
6 0.6197439525780041 0.6640753258885616 0.039053956675681435 0.06707445170428343
9 0.553046801241277 0.687916200483172 0.027961915340545217 0.05360228693163087
3 0.23106271324000432 0.6916728514594019 0.04118862133990877 0.04914661201270896
6 0.6191268819223672 0.5827980523496111 0.03827270667568143 0.0670608149348082
9 0.49171949725495817 0.5860440089251584 0.027971006007317813 0.05438353693163087
1 0.4307547252546399 0.5873240909060952 0.04392327001113579 0.0827812723211343
9 0.3688177992520946 0.6049967861175567 0.02796191534054513 0.05360228693163087
3 0.23129052725177646 0.6049404646899268 0.03811816534054504 0.0537795649348082
9 0.6683189072645032 0.5187997820570717 0.03186816534054522 0.053670470779006864
3 0.6113331105983668 0.5138980478853843 0.03031475600731781 0.05442444724005639
3 0.5527393605983668 0.5128752901747464 0.027971006007317813 0.05438353693163087
4 0.4247234485996394 0.5012638599808186 0.044059630012726815 0.09450002232113448
9 0.43564331460854805 0.43581613798399593 0.027961915340545217 0.05360228693163087
3 0.30896263594050277 0.4437632313290184 0.03578350600731781 0.054519904626382495
3 0.6585182879535475 0.3537514805149441 0.03193180000795408 0.059139220779006865
5 0.6093359006206385 0.34976736403800845 0.03364884134309047 0.07244774431795716
11 0.36224272461809315 0.3642081448838547 0.036773841343090474 0.07250229139585782
3 0.3067648839513204 0.3640211842511176 0.03193180000795426 0.059139220779006865
0 0.2435199966184113 0.3597916059236289 0.04392327001113587 0.08278127232113439
8 0.6061387226289108 0.2887616801906326 0.0367647506763177 0.07172104139585782
2 0.4880608846276381 0.2960775279998819 0.032077250676317705 0.07163922077900678
5 0.31071713462763817 0.2929819813290183 0.03680111334340861 0.07484604139585782
9 0.25754668129377456 0.2959609310047068 0.03193180000795417 0.059139220779006865
9 0.6600273386378195 0.22406398051494417 0.03036930000795408 0.05911194724005649
8 0.5990443853039559 0.2269065624958809 0.033703385343726744 0.07713524431795715
11 0.31859381663750136 0.22044846225429487 0.03680111334340861 0.07484604139585782
3 0.26446029996818327 0.23903877516050814 0.033512481341499624 0.060728994317957155
0 0.5960017486473645 0.15261962864850503 0.0323136080124085 0.09195172077900678
9 0.4222733473106374 0.1745922658250173 0.027262481341499622 0.06061990016215577
10 0.3092193639799555 0.15308368425111768 0.05678689668204475 0.11424946063273707
7 0.26007333931413723 0.14597456777418194 0.059312460017499194 0.1299153709411626