3 0.2705538053978388 0.6705868962002413 0.042694177376317734 0.052910316033373664
3 0.3414393083635884 0.6883343181810802 0.03956917737631773 0.052746541723114146
0 0.5363061393902276 0.6876327125722991 0.03535917984777566 0.0642196302577247
6 0.6077354704168668 0.6804620217082678 0.04014218034206714 0.06680904172311415
7 0.3967887001509118 0.5735182236535755 0.060070019771663485 0.09669793758467105
5 0.4669247866147585 0.5920059520568495 0.035454680342067314 0.06656338025772471
9 0.5355474526223697 0.5924839868825587 0.031884011368706666 0.05546210594746519
4 0.5908742811775511 0.5727756744672297 0.05053585228117754 0.09230036465389269
3 0.656817616158523 0.5840274349826793 0.03500901136870649 0.055625880257724705
10 0.7332527821661342 0.5849149055840371 0.07048093775644108 0.10348020409301455
0 0.46364593631074735 0.5115372020568495 0.035741181824942105 0.0735946302577247
5 0.5855700158545118 0.4999965937345351 0.033955847338261694 0.06804399310259512
9 0.6589266028126501 0.5209918464480685 0.03510451186299814 0.057969630257724704
3 0.7195776013297754 0.5171541954981288 0.03744826186299797 0.058092460990419426
3 0.2756246714819997 0.43152107417397384 0.038229511862998146 0.058133404567984215
3 0.34378442247058294 0.4397706654221182 0.03510451186299814 0.057969630257724704
6 0.4055522520143474 0.4250774016273082 0.036059516805913995 0.0814071302577247
9 0.34053740566466895 0.36008316542211816 0.03510451186299814 0.057969630257724794
8 0.5219001522046278 0.3532167689947342 0.03436968281352506 0.07820024310259503
2 0.2761618878701718 0.27251456637205784 0.03918451680591399 0.08157090456798421
9 0.3399206403416297 0.28754974615481277 0.02979492935348409 0.061589275214770645
8 0.4516884698853943 0.2754768713241549 0.03436968281352506 0.07820024310259513
9 0.5048280573378241 0.2977513410210016 0.028950012357289622 0.059985831637205764
11 0.563852888858755 0.29226930291593217 0.03271168231923358 0.07577460594746536
9 0.6295097223568521 0.29648981343138175 0.029109179847775658 0.06389208163720586
9 0.27565521049385405 0.22181520352718756 0.03760742935348409 0.061998710990419426
3 0.5642720415204934 0.22602682722619166 0.027546679847775656 0.063810194482076
11 0.619358789543327 0.21955882123329787 0.03436968281352524 0.07820024310259503
2 0.6794513725471326 0.2211489767057933 0.03468801779449713 0.08601274310259503
3 0.45059686068413446 0.15302533921197928 0.027546679847775833 0.063810194482076
1 0.6145174392393159 0.13900818407816812 0.05206386018984297 0.1298003646538925
9 0.6674023587069682 0.1550326537750148 0.029109179847775658 0.06389208163720576