1 0.6955490901019068 0.661925887483527 0.06875572848964459 0.09023463544042354
8 0.6166019297934813 0.6638105743500062 0.04334662540538936 0.06665168969514959
0 0.5468661282513538 0.6751248033709633 0.03394435186643907 0.06503464754067209
3 0.4760451136408571 0.6590861920328408 0.03061480032431163 0.0532977168225127
5 0.41808260917663037 0.6673435987468949 0.03628810186643907 0.06504828307929138
11 0.2781843120987297 0.6696550116092691 0.04640344155801355 0.06276362041330899
3 0.20545987825135378 0.673138559912067 0.04307389001588611 0.051026689695149584
9 0.6712678847441756 0.5758383965587133 0.03223184740221221 0.056431807181592394
0 0.6111116347441756 0.575488417734148 0.03874094602224041 0.07131191861791084
9 0.5485161773578493 0.5805935533709633 0.028284687093786686 0.05406533128389342
10 0.4837269744357501 0.5770913034691592 0.043755728489644596 0.09008918969514976
9 0.2899087905883742 0.5798703489432866 0.036042640015886106 0.05098578307929138
11 0.6748798543053663 0.5031957820973327 0.04178412540538936 0.06664259933607006
4 0.48918781615591944 0.48805152936685825 0.040026756492821745 0.1002227137974506
6 0.22814122200011808 0.4927834394005621 0.05207674310014117 0.0745141866700875
9 0.670747507713933 0.4266014658405541 0.03379434740221221 0.05644089754067192
8 0.5512571680223586 0.42356230337096334 0.03406708279171564 0.07206589754067191
9 0.2926497812528834 0.42283909894328664 0.03609718709378669 0.05411078307929138
7 0.6770577832814783 0.3336599869177929 0.05983074188232518 0.11596134328594587
3 0.5407111801972231 0.3563066256778662 0.02754434740221221 0.056404536104353475
6 0.4841026700509534 0.33175607757146014 0.03117390787279355 0.0853289668225127
9 0.432885043427748 0.3564606409013725 0.027503437093786685 0.05406078610435348
2 0.2972884626646272 0.33613852966144586 0.04352390340856669 0.07680793969514976
9 0.24696118019722313 0.35459763817089807 0.03379434740221221 0.05644089754067192
9 0.6632777013005415 0.27263612850653657 0.03066934740221221 0.056422716822512695
3 0.5976390645310664 0.27303558342519263 0.027585257710637735 0.058748286104353474
3 0.4263680365278891 0.2821964391059745 0.027612531249588023 0.060310786104353475
3 0.31390894683631465 0.279198183252242 0.032300031249588024 0.060338057181592394
3 0.26742545901117926 0.2117334273003137 0.036206281249588114 0.06036078307929138
3 0.6505203770302426 0.15301852009528022 0.03077844155801355 0.06267271682251274
5 0.5451334476470936 0.147717420857406 0.03102390340856669 0.07673521682251269
2 0.31306128733866806 0.14871125253408277 0.04352390340856669 0.07680793969514968