6 0.215625 0.703125 0.05625 0.06484375
9 0.35 0.70703125 0.0359375 0.053125
0 0.55625 0.7140625 0.03515625 0.0625
9 0.628125 0.72109375 0.03515625 0.053125
10 0.6921875 0.72109375 0.0578125 0.08203125
3 0.2859375 0.63203125 0.03828125 0.053125
3 0.490625 0.63828125 0.0296875 0.05078125
3 0.55703125 0.62734375 0.02734375 0.053125
3 0.2296875 0.54140625 0.040625 0.05390625
3 0.30078125 0.5453125 0.03515625 0.05625
9 0.5484375 0.55078125 0.0296875 0.05390625
11 0.68671875 0.54765625 0.0421875 0.06640625
0 0.3625 0.4578125 0.0375 0.07421875
6 0.4234375 0.44921875 0.03515625 0.08203125
4 0.48671875 0.45 0.040625 0.10234375
8 0.55625 0.4671875 0.03515625 0.07421875
3 0.3140625 0.38125 0.0328125 0.05625
2 0.4234375 0.38203125 0.03515625 0.0765625
11 0.60625 0.384375 0.03515625 0.071875
3 0.675 0.3921875 0.0328125 0.05859375
3 0.253125 0.30859375 0.03515625 0.05859375
9 0.31640625 0.30625 0.03125 0.05390625
9 0.42890625 0.31875 0.0265625 0.05625
9 0.4984375 0.31875 0.0265625 0.06015625
5 0.5484375 0.31875 0.0296875 0.07421875
2 0.67890625 0.31953125 0.0359375 0.0765625
9 0.6625 0.25 0.03125 0.0625
1 0.32421875 0.16015625 0.0515625 0.12265625
9 0.44609375 0.178125 0.0265625 0.0625
5 0.49921875 0.18359375 0.02734375 0.0796875
7 0.5453125 0.15234375 0.03828125 0.13125
8 0.60390625 0.171875 0.0296875 0.0796875