6 0.8007404160312506 0.7168163165530708 0.05775925503399328 0.06582559740221221
9 0.6664563350092021 0.7183770422033413 0.037173998100139015 0.05375229139585791
0 0.4603699891695145 0.7218081850618965 0.03661095364722229 0.06311365462638267
9 0.388658643329827 0.7275848522701809 0.03639274810013893 0.0537386546263825
10 0.324596143329827 0.726466637173217 0.05972179853697925 0.08304037094116268
3 0.7287731906325352 0.6444952573003053 0.039517748100139014 0.053793201704283256
3 0.5242311609972574 0.6471724236978108 0.03086944671336802 0.051299447240056396
3 0.45757033785899354 0.6350757982924214 0.028580248100139018 0.05360228693163087
3 0.782913870344063 0.5548521047025176 0.04187968189572917 0.05461536201270896
3 0.7119110393220144 0.5575174086802772 0.03646548328249999 0.0568636546263825
9 0.46438207589114633 0.5586633027566483 0.030942181895729347 0.05442444724005639
11 0.3260280907087852 0.5531245945595431 0.04373312262517368 0.06714263555165907
0 0.6481557042159032 0.4689401038917387 0.039227460581076554 0.07487331493480802
6 0.5870181824644101 0.4592826858726754 0.037065548536979166 0.08264490462638267
4 0.5237551162600005 0.45895935754518663 0.04300707722232637 0.10305286201270895
8 0.4546239097629865 0.4749331850618965 0.03688371058107638 0.07483240462638267
3 0.6948111922480559 0.3932230835991993 0.03412173328249999 0.056822744317957155
2 0.5854543760436461 0.39209518587267544 0.0369382619678472 0.07717615462638268
11 0.402696427430417 0.39124793181548567 0.03682915919430556 0.07248865462638268
3 0.3341282653863198 0.3978603961016707 0.03417628466927081 0.059166494317957154
3 0.75405759925816 0.3216305016182625 0.036520034669270986 0.05920740462638267
9 0.6907217978713891 0.31818217329077375 0.03250468189572917 0.05445172077900677
9 0.5785127386008335 0.3287184784863492 0.027871733282499988 0.056713650162155814
9 0.5089814886008336 0.3275048060030591 0.027962652260451294 0.060619900162155814
5 0.45898148860083354 0.32663205275664825 0.031414960581076554 0.07473694724005639
2 0.3285309223964239 0.32513596225429486 0.037719511967847286 0.07718979139585783
9 0.34331881458888913 0.25589108441327346 0.03270470364722229 0.06304547077900677
1 0.679508928096007 0.17195205559602203 0.05441735590767358 0.12355627678536125
9 0.5580521553945835 0.1877934695578955 0.028017203647222287 0.06296365016215581
5 0.5050544419637154 0.19233491923358398 0.029198497150208523 0.08016478693163095
7 0.45823334014010425 0.16028034983454892 0.041336127659166874 0.1319182017042833
8 0.40009418502986127 0.17878884212391116 0.03154224715020835 0.08020569724005648