6 0.784375 0.703125 0.05625 0.06484375
9 0.65 0.70703125 0.0359375 0.053125
0 0.44375 0.7140625 0.03515625 0.0625
9 0.371875 0.72109375 0.03515625 0.053125
10 0.3078125 0.72109375 0.0578125 0.08203125
3 0.7140625 0.63203125 0.03828125 0.053125
3 0.509375 0.63828125 0.0296875 0.05078125
3 0.44296875 0.62734375 0.02734375 0.053125
3 0.7703125 0.54140625 0.040625 0.05390625
3 0.69921875 0.5453125 0.03515625 0.05625
9 0.4515625 0.55078125 0.0296875 0.05390625
11 0.31328125 0.54765625 0.0421875 0.06640625
0 0.6375 0.4578125 0.0375 0.07421875
6 0.5765625 0.44921875 0.03515625 0.08203125
4 0.51328125 0.45 0.040625 0.10234375
8 0.44375 0.4671875 0.03515625 0.07421875
3 0.6859375 0.38125 0.0328125 0.05625
2 0.5765625 0.38203125 0.03515625 0.0765625
11 0.39375 0.384375 0.03515625 0.071875
3 0.325 0.3921875 0.0328125 0.05859375
3 0.746875 0.30859375 0.03515625 0.05859375
9 0.68359375 0.30625 0.03125 0.05390625
9 0.57109375 0.31875 0.0265625 0.05625
9 0.5015625 0.31875 0.0265625 0.06015625
5 0.4515625 0.31875 0.0296875 0.07421875
2 0.32109375 0.31953125 0.0359375 0.0765625
9 0.3375 0.25 0.03125 0.0625
1 0.67578125 0.16015625 0.0515625 0.12265625
9 0.55390625 0.178125 0.0265625 0.0625
5 0.50078125 0.18359375 0.02734375 0.0796875
7 0.4546875 0.15234375 0.03828125 0.13125
8 0.39609375 0.171875 0.0296875 0.0796875