3 0.6712614940324564 0.740625 0.03563366311182729 0.0484375
6 0.5907927440324564 0.740625 0.038568947312694314 0.05859375
3 0.5229527966491749 0.75625 0.02998290258848364 0.0453125
9 0.4539297808641594 0.7515625 0.03420767100433508 0.05078125
3 0.3274127834949953 0.75234375 0.041102413111827295 0.0484375
0 0.7968313704537552 0.6296875 0.05520271046687384 0.0625
9 0.7206783941312784 0.63671875 0.04059417889684287 0.053125
6 0.65849691254713 0.6421875 0.03957771046687384 0.0625
9 0.5261317335796999 0.66328125 0.03278167889684287 0.053125
1 0.4468236651779659 0.64296875 0.05647678413027979 0.084375
5 0.39051275199555147 0.66875 0.04560019731269431 0.05859375
9 0.709142383678522 0.559375 0.03452618942018652 0.05625
7 0.6503288258001316 0.5421875 0.061710315700311116 0.09375
8 0.5736599099868812 0.5671875 0.038796460466873836 0.0625
3 0.39153765472520935 0.565625 0.03595218152767874 0.05390625
3 0.31285891787938896 0.56953125 0.03903167889684287 0.053125
2 0.7547363337632266 0.4703125 0.04963524992941295 0.07421875
8 0.7041293890107809 0.48671875 0.0459642183593818 0.06484375
2 0.5109786284874372 0.48359375 0.03916048151356133 0.06875
3 0.44309317847331986 0.4984375 0.03048343152767874 0.05390625
3 0.5662128890813681 0.4125 0.029838689420186526 0.05625
9 0.37875839171220405 0.41328125 0.03434417889684287 0.053125
9 0.5519236049510884 0.328125 0.03006620257436623 0.06015625
0 0.49108481548854943 0.31640625 0.034647286761115836 0.08515625
10 0.7285400418816133 0.23515625 0.06316639988706055 0.11875
4 0.6140148102974647 0.240625 0.05204688936371689 0.115625
11 0.5522883550216754 0.25390625 0.03557274992941295 0.07421875
5 0.43707287869919875 0.2609375 0.03557274992941295 0.07421875
9 0.3792071707925736 0.2734375 0.030619939420186527 0.05625
11 0.3188689102692299 0.2703125 0.04260399992941277 0.07421875
9 0.7111936471856375 0.1921875 0.03645271046687402 0.0625
3 0.6529716235081141 0.18515625 0.03098396046687384 0.0625