11 0.6222775802037388 0.7190450557281466 0.03859486738824689 0.05524306070710594
3 0.5496622368195971 0.7286135178865314 0.029969301131468208 0.04947421034428636
5 0.3613400802037388 0.7281571940173994 0.040965888465485635 0.060012406260602266
11 0.6952151104543598 0.6305430617185962 0.04566247882456533 0.06173859736759475
9 0.4303168182998821 0.6304166092636764 0.03154543667008767 0.05187252404661713
9 0.35374977312034234 0.6323089806778883 0.03621930113146821 0.04969246515360979
0 0.2974861375817229 0.6319295239617991 0.0472386143631847 0.06413691106992551
1 0.21855716168402384 0.6307787409295074 0.07465054205628183 0.07681052586071573
3 0.48688445998682167 0.5487375341286002 0.02765736738824671 0.05486111479079003
2 0.43214696301188377 0.5420535137101801 0.03635111133812252 0.07234871515360979
3 0.2375975322937245 0.5457216946503716 0.04092043667008758 0.052199906260602266
8 0.6903271016737611 0.4619294709744235 0.043386906517662284 0.0733755018140986
9 0.6153180113146816 0.4629860286863045 0.029982936670087668 0.051817960344286186
2 0.49416062880112416 0.45627721561694584 0.03166815651766246 0.07296627404661712
5 0.37390267095560187 0.4698536206964217 0.036323840260883776 0.06766121515360979
9 0.3020776679305398 0.4809573010036411 0.036232936670087576 0.05203621515360961
9 0.24024528844204457 0.4635813172457099 0.0354698673882468 0.055133933302444225
3 0.6148816740788599 0.3879860286863045 0.030028388465485632 0.059630460344286186
9 0.5609617885402404 0.3875247264167191 0.026903388465485633 0.05952133293962456
10 0.5007509963857627 0.38025042895645694 0.041252234776493604 0.10923115626060227
8 0.42963452048806366 0.37882682741251095 0.03554259026088378 0.06763393330244423
4 0.2381419120768073 0.37066713094804077 0.06700621369925477 0.10544395734906135
6 0.6721987495090207 0.30081092170006285 0.038758493851679884 0.08336806070710594
0 0.49794818325224205 0.30142602450995326 0.03174542456983929 0.08624752404661713
9 0.4331317043294808 0.3083779181566838 0.027693728824565157 0.06111111479079003
3 0.6710993369412341 0.2461507035512283 0.031590888465485634 0.05968502404661713
3 0.5507595658639952 0.24566460863070416 0.026903388465485633 0.05952133293962456
3 0.4937464965821544 0.2507811837657804 0.025349978824565154 0.0610292692372937
9 0.435874909248137 0.24264379075202208 0.025340888465485635 0.0594667692372937
7 0.2537300297596417 0.2294692120735668 0.0631772317514315 0.11858879809323426
3 0.6636453852440318 0.1737399902117171 0.030051114363184795 0.06353671034428628
6 0.3768357316532357 0.1681274295894292 0.03332156010845857 0.08864583774894799