6 0.43016377760596675 0.6354230071245476 0.03754376235728962 0.060436210990419424
3 0.5628171101154809 0.6323688489385187 0.031661176882026076 0.04999335594746519
11 0.638630193613578 0.6276160719147257 0.04526076186299814 0.05850189676606821
3 0.38387370943090876 0.5661274525111347 0.03331917737631773 0.052418993102595124
9 0.43543620943090877 0.563425176391853 0.03175667737631773 0.05233710594746519
3 0.5016514584423256 0.5646324722988385 0.029412927376317732 0.05221427521477064
3 0.6313707919404228 0.5570545884230691 0.03497717787060939 0.0548446302577247
6 0.7110092123966583 0.5349505370890166 0.05342343034206713 0.06750508254171698
5 0.38949630973491994 0.48553587177844015 0.038484179847775656 0.06438340456798422
3 0.4524738122063779 0.47054163557325007 0.02950842787060921 0.05455802521477064
9 0.6411861437273088 0.4692270398025501 0.03744826186299797 0.058092460990419426
11 0.3268145790122919 0.3976098258714546 0.04098709733826169 0.06841248530067894
2 0.44328449600848624 0.3899467328142881 0.03832501235728962 0.060477154567984304
9 0.5082728260465423 0.4021324722988385 0.02963576186299797 0.057683025214770645
2 0.7054024940313199 0.3855646907524898 0.0482411818249421 0.07424972749876284
9 0.3336813443353311 0.32474885798363023 0.03354201186299814 0.057887743102595035
9 0.5152669253619704 0.3261465044110141 0.02875901136870649 0.055298331637205766
4 0.5733486807991778 0.29737637324877814 0.047170771748829846 0.1053768967660682
3 0.636025094335331 0.30890369346602325 0.03354201186299814 0.057887743102595035
5 0.27661294365075906 0.25212026345612565 0.043553681824941924 0.07400406603337358
7 0.33490294612221694 0.23737168871632486 0.05571544220506528 0.123755082541717
8 0.4534155241831067 0.2561073213488988 0.033955847338261694 0.06804399310259504
3 0.5748594426621759 0.24116731682634301 0.029731262357289623 0.06002677521477064
9 0.29009712349853467 0.1890470533702174 0.03223417984777566 0.06405585594746528
9 0.40361845403088237 0.1963505410457455 0.028854511862998145 0.057642081637205765
10 0.4623222919776039 0.17144571630594468 0.045018022737412976 0.10994156603337357
8 0.5243447895061459 0.1798889801007546 0.034497016805913994 0.08132524310259504
9 0.6301809540308824 0.1844769035519315 0.029635761862998145 0.057683025214770645
3 0.6806902900004376 0.16935651458777942 0.03370117935348418 0.061793993102595035
0 0.29562422330825433 0.11079922263752277 0.04210126977166349 0.09575623530067894
0 0.4647416378329908 0.11207071630594467 0.03106826927737192 0.09283927521477064
1 0.5228233932701982 0.08330058514370875 0.041285527680328823 0.1331334045679843