6 0.5352962272438223 0.659375 0.03583805000795408 0.05859375
3 0.4024382739099587 0.66328125 0.03025112133990877 0.0484375
11 0.3266661145767314 0.6625 0.04362327800763595 0.05625
3 0.5853513185869128 0.5875 0.031840893340226904 0.05078125
9 0.5337888185869127 0.5875 0.030278393340226906 0.05078125
3 0.4673280245862765 0.5921875 0.027934643340227085 0.05078125
3 0.33764961525304915 0.59140625 0.03343066534054504 0.053125
6 0.25895245058882177 0.5734375 0.051535775342135895 0.06484375
5 0.5839439072645032 0.50703125 0.036664753341817756 0.0625
3 0.5215802672660941 0.4953125 0.027961915340545217 0.053125
9 0.3324177699315941 0.50390625 0.03581077800763595 0.05625
11 0.6514137652769116 0.415625 0.039053956675681435 0.06640625
2 0.5350256966104572 0.4140625 0.036619300007954256 0.05859375
9 0.4692188832750027 0.4296875 0.027998278007635945 0.05625
2 0.2724166086091845 0.4234375 0.046148841343090476 0.071875
9 0.648352947286775 0.34296875 0.03190452800763595 0.05625
9 0.46619442795195676 0.35390625 0.027189756007317812 0.05390625
4 0.4094631699554566 0.328125 0.04416871801399935 0.103125
3 0.3460091972867748 0.34296875 0.03190452800763595 0.05625
5 0.7093909919637289 0.2671875 0.0414613413430903 0.071875
7 0.6517148519653198 0.25546875 0.05219030334977184 0.12109375
8 0.5318927006285927 0.28046875 0.03202270667568143 0.06640625
3 0.4108989479630926 0.271875 0.02802555000795408 0.05859375
9 0.6991807453055467 0.2046875 0.030414753341817757 0.0625
9 0.5849637039704104 0.21796875 0.027217028007635945 0.05625
10 0.5274057426400466 0.19609375 0.04187951201463562 0.1078125
8 0.46476938263845585 0.2078125 0.03217724801081765 0.0796875
9 0.3584012039704104 0.21796875 0.027998278007636036 0.05625
3 0.308546654638774 0.20546875 0.03194998134149962 0.06015625
0 0.697746061982819 0.1265625 0.03937213001272681 0.09375
0 0.5280966333147736 0.13671875 0.02840735801240868 0.09140625
1 0.4713653753182735 0.1109375 0.037464732017817325 0.13125