10 0.32258928761597166 0.6504452470304992 0.06077580547083343 0.09545490399835047
3 0.6660119792953466 0.6745098504874889 0.03633819671336802 0.05180419239901042
4 0.7352347579806938 0.6561977711788869 0.06927863649288213 0.09179870658477522
3 0.4649781157882288 0.5787557666265404 0.028580248100139018 0.053920621865896835
9 0.5993349319926384 0.5834469297960909 0.03406718189572917 0.054860996239076344
11 0.7314571009705897 0.5833823968057075 0.04842062262517359 0.06777017319868044
3 0.273791377756076 0.49657844945863927 0.03719218189572917 0.054951924452321776
3 0.4027521791428468 0.49798548825501054 0.030942181895729347 0.05477006802583091
9 0.5293692305296176 0.49932433089144757 0.028707534669270986 0.05938937186589684
11 0.5959027670987496 0.4957878054229116 0.037483122625173594 0.06745192445232177
0 0.2856569045415622 0.42343646615168673 0.040135997150208345 0.08080137061225567
0 0.34732110315479126 0.4275760483632826 0.03779224715020835 0.08073317445232178
3 0.4151625665856594 0.4350224870013692 0.02865298328249999 0.05704562186589683
2 0.7232841911106942 0.4306976660060374 0.05003767401194459 0.07015938730530316
9 0.47404856373586773 0.3569944268930971 0.027871733282499988 0.05702288981258556
1 0.5333696655594788 0.3274493308914477 0.044951436929722276 0.11997753087881238
8 0.5890196003049997 0.35486728872986417 0.03688371058107638 0.07524169239901032
9 0.29823225256545116 0.28620925079142284 0.03421265226045147 0.06111099623907634
6 0.3602783108860762 0.27394258300301877 0.03790134992375007 0.0854206744523216
9 0.41787260533899284 0.28499975494805796 0.02796265226045147 0.06092913981258556
3 0.47257828913458316 0.28580974867985176 0.026363784669270984 0.05932117570596294
8 0.3021761765773957 0.21752744695135684 0.043842225398715406 0.07232128087881237
7 0.3621330580362846 0.19425508300301872 0.0482764586812154 0.12866220909205778
5 0.5256864117597567 0.22090381419840024 0.029071210581076555 0.07501437186589692
9 0.5794290075994443 0.22950357587688278 0.02640015226045147 0.06088367570596294
3 0.6398034631465276 0.22187894398185595 0.031087652260451293 0.06102006802583091
9 0.30361269642902766 0.15580869695135685 0.028798453647222288 0.06329562186589692
3 0.36593085847312484 0.16543976121626408 0.02874390226045147 0.06095187186589692
9 0.4159490422687152 0.16611336262818988 0.028017203647222287 0.06327288981258557
6 0.532155923727604 0.14447770651826827 0.029525805470833433 0.09454562186589692
5 0.5827553357717014 0.15376778998350543 0.029125761967847198 0.07735812186589693
2 0.6881877181805207 0.1583991171805364 0.03321384992375016 0.08528428213245362