10 0.6811402837152992 0.6097685665871164 0.06132159639736088 0.09647904776646961
3 0.3377994606749034 0.6398414801504051 0.036633833465237145 0.05241867865988183
4 0.26845842728880853 0.6227310628630628 0.06980168613080409 0.09297305810555194
3 0.5383102745440993 0.5405370312266436 0.028889529625171127 0.054398555624352515
9 0.4039580065974106 0.5475768974377473 0.03438101167848249 0.05543451674922295
11 0.2718130963308539 0.5498201017381923 0.04880722453146395 0.06858948821317572
3 0.7290512833195878 0.4549868672490702 0.037506011678482484 0.05558006596343468
3 0.6000768371596539 0.4586470223353034 0.031256011678482486 0.055288967535011224
9 0.4734461409997198 0.4621980155108779 0.02904865399835046 0.05986730562435252
11 0.40688076662654044 0.4598221863128769 0.037869724531463866 0.06808006596343467
0 0.7167582203083219 0.3820224021952583 0.04059991943775678 0.08147047787409348
0 0.6551076664682558 0.38724074917593965 0.03825616943775678 0.08136131596343468
3 0.5872980408414353 0.39587519458504444 0.028980457838416386 0.05752355562435252
2 0.2790990959351425 0.39693054218489837 0.05043792069139794 0.07100601282028159
9 0.5279481214036785 0.31884396774440826 0.028199207838416562 0.057487168320799586
1 0.4684450892712249 0.2903230155108779 0.04564277210332381 0.12071491439185814
8 0.4129452470304991 0.3187241513666888 0.03731579506457745 0.07585617865988184
9 0.7033823789255258 0.24495904983789343 0.03456286810497318 0.06168451674922295
6 0.6412544519659218 0.23377114681857486 0.03839256175762475 0.08604881596343468
9 0.5837147366056579 0.24583880728149157 0.028312868104973177 0.061393418320799586
3 0.5290045045523465 0.24760466853019655 0.02670490399835046 0.05975814371369372
8 0.6990382082341279 0.17631821174855225 0.04425611685133202 0.07305866439185818
7 0.638935782528165 0.15408364681857484 0.04901782468974858 0.12945421360606985
5 0.4755097800208826 0.18359998056468985 0.029503295064577273 0.07549230562435247
9 0.42180811850068467 0.19314195450984192 0.026750368104973176 0.06132064371369372
3 0.3613790838609486 0.18656877688341744 0.03143786810497318 0.06153896753501131
9 0.697242376022532 0.11459946174855225 0.02916231426490725 0.06377355562435252
3 0.6349696965556454 0.12532294603278654 0.029094118104973178 0.06142980562435252
9 0.5849469645023341 0.126870483460174 0.028381064264907253 0.06373716832079959
6 0.4685945387963712 0.10725580438600742 0.03007159639736088 0.09502355562435252
5 0.4180406093294846 0.11743347911694779 0.02957149122451135 0.07783605562435252
2 0.31261732343610726 0.12390826509659317 0.033705061757624756 0.08583049214211717