3 0.662415555953426 0.6847378769859961 0.04000264469597585 0.04515287628012441
5 0.5907148612009806 0.672563371653737 0.04169394731269449 0.06082337891096046
9 0.522473095415965 0.6812096005364625 0.0325086631118273 0.05016659997176518
3 0.45583162698599605 0.6757478267883521 0.03219014469597585 0.04469784997176518
2 0.3936956480326835 0.673138037255226 0.03865995257436623 0.06220386838761662
0 0.3272516006776368 0.6910227582454436 0.04063968152767874 0.056090376280124234
9 0.652296374284573 0.5911166796027146 0.03420767100433508 0.05260135523343692
11 0.4719564269012915 0.586048289956649 0.03622519731269449 0.060504860495108836
6 0.28022395320965077 0.5894294371422865 0.04605522362105354 0.0688633920651398
7 0.736071405784017 0.5029271638882863 0.07476405254613142 0.09389348414439738
5 0.6693011347373294 0.5130448875093399 0.04647245257436623 0.06265889469597567
1 0.4782889978632743 0.4906902873258131 0.046085315700310936 0.09611613680346806
3 0.41359716630736065 0.518594750423523 0.030301421004335083 0.052373842079257396
9 0.3564672057698995 0.5102431951053814 0.030301421004335083 0.052373842079257396
9 0.28946171629324313 0.511031421357271 0.03595218152767874 0.05581736049510884
8 0.6629594004517578 0.4347756743410427 0.05037870257436623 0.06288640785015538
11 0.5961814241292812 0.4316576505929322 0.041367723621053544 0.0685903762801244
4 0.5361994793768357 0.4188006057981343 0.048565573592818725 0.09859639469597585
3 0.6115326793203659 0.35523936376122933 0.03282718152767874 0.05563534997176518
10 0.5548199477362173 0.35309230581225176 0.052471823592818725 0.09882390785015546
9 0.48964997404457655 0.34910202680246943 0.028276189420186525 0.05770608418674961
2 0.30435721615206884 0.36222990031058355 0.04710948940606911 0.07359639469597586
9 0.6664623740022243 0.2944236901260583 0.03434417889684287 0.05494510523343692
3 0.6124574134647631 0.28589012428457294 0.03282718152767874 0.05563534997176518
3 0.4328987160814817 0.28077623200767154 0.029838689420186526 0.057797089448421435
9 0.7243196476091605 0.2100795112292154 0.03935019731269431 0.06068687101845249
3 0.6640268897166527 0.2159269638035816 0.034662697312694314 0.06041385523343701
3 0.6166436555016682 0.21401512428457298 0.03310019731269431 0.06032284997176518
9 0.4976584370716993 0.21160202680246942 0.02850370257436623 0.06161233418674961
8 0.3842861818100275 0.2197624082736785 0.03961550782192056 0.07861011838761663
0 0.6729006317535576 0.14377894801856603 0.041033794653623445 0.08959312101845254
6 0.400509692262784 0.14173611881113962 0.03648280254613141 0.09166385523343701