3 0.6751141802677052 0.7134808839333967 0.03925084239534584 0.04362331493480802
5 0.6031264337277463 0.6983428534945875 0.040668762357289626 0.05926195170428343
9 0.534966682739163 0.7042167524389272 0.031661176882026076 0.0489556972400564
3 0.46816118471632945 0.6960145146137918 0.03143834239534584 0.043486947240056396
2 0.40591585270110697 0.6908554561718054 0.03760742935348418 0.060769904626382674
0 0.33971784973535746 0.7060634448077198 0.039696511368706486 0.0545608149348082
9 0.6633410335374659 0.6192223693229001 0.03331917737631773 0.051326720779006865
11 0.4827277034994097 0.6067610998411395 0.035200012357289624 0.05916649431795697
6 0.2908585384803817 0.6023032451320314 0.04489334733826169 0.06714263555165925
7 0.7456534678338658 0.534251305605908 0.07319210228117753 0.0910574224832903
5 0.6789925498490883 0.5416604310112973 0.04541992935348418 0.06090627232113448
1 0.48739264026726764 0.5114349630716644 0.044445019771663395 0.09445911201270896
3 0.4231245518262545 0.5367582913991532 0.029412927376317555 0.05125853693163087
9 0.3657895542977125 0.5260486623403157 0.029412927376317732 0.05125853693163087
9 0.2987293882901013 0.5240964245151802 0.03500901136870649 0.05447899431795715
8 0.6712702331569049 0.4629450957839497 0.04932617935348418 0.06097445616851012
11 0.6043692346397798 0.4570866079588144 0.04020584733826169 0.0670608149348082
4 0.5441002380998208 0.44174402597787765 0.046884270265955055 0.09684377232113431
3 0.6183945839552077 0.381114443186162 0.031884011368706486 0.05442444724005639
10 0.5615861684418881 0.3766411773578494 0.050790520265955055 0.0969119561685102
9 0.49627950342286004 0.36997416599376365 0.027292011862997966 0.056686376623205435
2 0.31102775292856844 0.37554983035937894 0.04586559832684482 0.0718437723211343
9 0.6723127628144002 0.32240191640080074 0.03341467787060921 0.053670470779006864
3 0.6181027652858582 0.31163774026406266 0.031884011368706486 0.05442444724005648
3 0.4382706852478021 0.2991628340128269 0.028854511862997968 0.056713650162155814
9 0.7287484466165086 0.2402246160764892 0.03832501235728962 0.05922104139585782
3 0.668496696122217 0.24361839732607732 0.03363751235728962 0.059139220779006865
3 0.6210314471108 0.23976274026406266 0.03207501235728962 0.05911194724005649
9 0.5018821990879665 0.23247416599376364 0.02745117935348418 0.060592626623205435
8 0.38853728209177213 0.2360139975676633 0.03827593281352515 0.07717615462638268
0 0.676112877947159 0.17166157670922627 0.03950285178688588 0.08812729139585782
6 0.4034075484033945 0.15846569602553578 0.03491085228117754 0.09038922077900677