2 0.6993308147936327 0.7085206485438933 0.04713106426490725 0.06329093262955983
5 0.5640381724737646 0.7155673096630977 0.03748327962517113 0.05375229139585791
10 0.5080609571135006 0.70717415706531 0.05066524122451135 0.07740797970746058
11 0.4342597442605193 0.7209560133959758 0.037506011678482665 0.05453354139585791
0 0.30077965452707595 0.71938165097623 0.044446333465237145 0.05153127232113448
11 0.23510919042045328 0.7220896396121443 0.05234976167848249 0.05479264001588611
3 0.6941097688711254 0.6195945162386449 0.038909387305303154 0.04909206493480802
9 0.565484663698276 0.6390184464325729 0.03422188730530316 0.049010244317957155
8 0.4396041252976162 0.6177901030875503 0.037506011678482484 0.05453354139585791
9 0.6909369562555708 0.5407837236249712 0.039045779625171126 0.053779564934808025
0 0.38172108062875026 0.5407151343371386 0.037869724531463866 0.0670335413958579
9 0.3093687075092121 0.5583759671288542 0.032727583465237145 0.051326720779006865
3 0.5133635372135256 0.4712639306042602 0.028889529625171308 0.05360228693163087
9 0.38861358979995025 0.4648520637202875 0.028912261678482487 0.05438353693163087
3 0.24943742953339357 0.47118565868686774 0.03748327962517113 0.05375229139585791
9 0.682406705397641 0.377734298706049 0.03295490399835046 0.059139220779006865
5 0.5722731874509523 0.378875833202048 0.03708847453146404 0.06701990462638267
3 0.5020743477175091 0.37619689245481325 0.028131011678482486 0.054369900162155815
3 0.39095499129101835 0.38438331372028745 0.028980457838416473 0.05672728693163096
7 0.2556994528903586 0.36331861160896706 0.061821701570210406 0.11196025771063774
1 0.5663618197416905 0.28683833766627487 0.045188131037096825 0.10386138555165925
2 0.3934100530486432 0.30000831372028747 0.03800611685133202 0.07172104139585782
8 0.32824805430228443 0.31207766558672656 0.044187920691397944 0.06948638555165916
3 0.2760406966221524 0.30830382914156296 0.03686115399835055 0.05920740462638267
3 0.5733081532069277 0.23596163027994868 0.028312868104973177 0.060619900162155814
6 0.5117712596334185 0.23078893506848713 0.032301686130804086 0.09036194724005649
3 0.39304399168672977 0.23208047402871296 0.028312868104973264 0.060619900162155814
6 0.2792770083797772 0.22391519237208782 0.04551473997087019 0.0882500223211343
9 0.6296778251519669 0.1771945564166868 0.02904865399835046 0.05907103693163096
9 0.5703255572052782 0.17744970089679973 0.028381064264907253 0.06296365016215581
4 0.5180189111244865 0.15025200122111126 0.03932457594338974 0.11703354139585782
9 0.34622046747183494 0.17745720373617352 0.02904865399835046 0.05907103693163096