3 0.34023143341288353 0.6642998910977643 0.03986517473094038 0.05099941861791084
4 0.5365777404849782 0.637324821521336 0.0469349660872691 0.08540623487468953
3 0.8129411873418249 0.6514292698988885 0.043099336641599 0.05336134933607006
9 0.3499274569865321 0.5706317043294808 0.033615174730940375 0.05096305718159222
9 0.5400794220403441 0.5615844781371943 0.029708924730940466 0.050940331283893234
10 0.5949488585581086 0.5658088907049809 0.04488231451569256 0.09164259933607007
3 0.7878084466474499 0.5645878000513136 0.039974336641599176 0.05334316861791066
9 0.35232040280992166 0.48785556576579936 0.03219822394515211 0.054078966822512696
5 0.41254942741702755 0.4897680445903646 0.038249170801998925 0.06661078307929139
9 0.5345699766312393 0.4936020925985748 0.029854473945152192 0.05406533128389342
11 0.34552028515107586 0.4089311350476401 0.041483332712657715 0.0689727137974506
3 0.4019158343652876 0.41238338797450635 0.0323073858558109 0.056422716822512695
3 0.47241027088305215 0.4166987041330891 0.029073223945152195 0.05406078610435348
1 0.5980994755977819 0.39868502321853816 0.04824490901517464 0.11353123487468952
9 0.6425408343652876 0.41378330327276747 0.0291823858558109 0.056404536104353475
6 0.7125622359368642 0.4079423694313503 0.04419095574818695 0.07679884933607006
3 0.76263501054397 0.409795760921898 0.0385573858558109 0.05645907825883114
5 0.4640112659206535 0.3369839330558503 0.034597631926869356 0.0720568071815924
2 0.6339235055815713 0.3293810321955286 0.038867754962398846 0.07989203307929138
3 0.6942616920993359 0.33363726102009394 0.03397904776646961 0.0587755571815924
9 0.7637929420993359 0.3340417819991369 0.038666547766469606 0.05880282825883123
0 0.45966406017246647 0.26041688787631045 0.03376287799792799 0.0876727168225127
6 0.5222004474760193 0.2615617522394952 0.03361732878371626 0.08454771682251269
8 0.5823930847795724 0.26269298106406047 0.038503881926869356 0.07207953307929138
8 0.345888350495338 0.19883397238165762 0.04162888192686944 0.0720977137974506
3 0.4037565084770554 0.21713452048806364 0.030145572373575468 0.060315331283893325
0 0.46349322745980875 0.19170779449216876 0.03365371608726928 0.08532896682251274
11 0.5220698608344202 0.20845038777811462 0.03314429383752824 0.0743914668225127
2 0.5102740281217626 0.1396503908031767 0.030909705748187122 0.07672158128389332
9 0.6145441511572918 0.1480673996819713 0.027129734284234354 0.0626409005657341
7 0.6782962820507039 0.12500714958377543 0.05749363047912741 0.12764373184962738
9 0.7271533130679506 0.15106565553570378 0.03397904776646961 0.05877555718159235