3 0.3209389805149441 0.6751060652464895 0.038386390015886104 0.05230925790866543
4 0.518104306813838 0.65503494026508 0.04445515787279355 0.08690709239534584
3 0.7941037451254408 0.6787721650933902 0.04155230032431163 0.054780341901054186
9 0.3333650681779238 0.5819290682122391 0.032136390015886016 0.052054589923887916
9 0.5238127901747466 0.5795401917479548 0.028230140015886106 0.05189542243340171
10 0.5785684740221224 0.5856747866147585 0.04222050202859488 0.09306159190105419
3 0.771496313713697 0.5911939106447658 0.03842730032431163 0.05465300790866543
9 0.3381695706135558 0.4993712361970166 0.030628437093786688 0.055115922927693364
5 0.3983530941525061 0.5033849155505006 0.03631537540538954 0.06783875741437377
9 0.5202826412304068 0.5114759412536631 0.028284687093786686 0.0550204224334017
11 0.33366725689656357 0.4203376522046279 0.03948128571381497 0.07030984140676252
3 0.38997180397446424 0.4257546640676259 0.03066934740221221 0.05745967292769336
3 0.46035248782184013 0.43252592889637353 0.027503437093786685 0.0549885889353046
1 0.586587705354436 0.41893295558811927 0.044946081573899656 0.11503209239534584
9 0.6305968039744643 0.4355593814815622 0.02754434740221221 0.05733233893530461
6 0.7008002098186629 0.43217439631030985 0.04196140340856669 0.07821784190105419
3 0.7508274833576133 0.4357742401885304 0.03691934740221221 0.05771434091247087
5 0.45427403733537275 0.35264742790779036 0.03250458279171564 0.07314833992388783
2 0.6244365328711459 0.35099338049297907 0.036547200486467445 0.08112000741437378
3 0.6846609667185217 0.3573508098464631 0.032272757710637735 0.059867089923887826
9 0.7541922167185218 0.3601839911771135 0.03696025771063773 0.06005809091247105
0 0.45215638392680607 0.27605309440969317 0.031214818181219073 0.08870967292769336
6 0.5146700206962812 0.2793810242574688 0.031160271103318492 0.08558467292769337
8 0.5748399074657564 0.2826134536109529 0.03641083279171564 0.07330750741437378
8 0.34015521590774284 0.21059523767989136 0.039535832791715644 0.07343484140676262
3 0.3975001116056718 0.23088783304098665 0.028393781249588024 0.06127042243340188
0 0.4579875982129911 0.20758959589256792 0.03117390787279355 0.08636592292769345
11 0.5160864703719696 0.2263515247517604 0.030982993100141167 0.07542842292769344
2 0.5062926846581547 0.15725135627269124 0.02868015340856651 0.07767667243340189
9 0.6103353023529066 0.1692977115196183 0.025309691558013724 0.06348683844101308
7 0.6747699492686513 0.14850239186168554 0.05378529342445262 0.12944476087441492
9 0.722876212661332 0.1762254852456145 0.032272757710637735 0.059867089923887826