9 0.46835484735257965 0.6809488414439435 0.033501896766068205 0.044242089923887916
5 0.5329938794647553 0.6796847717860108 0.038227018317365594 0.06002625741437377
9 0.5929863551544958 0.6790109511394948 0.03403416327441171 0.054398339923887915
3 0.6682286945936177 0.7015663834587286 0.037694751809022264 0.04987000741437377
5 0.8109927267057933 0.7034856636105153 0.05471515547249552 0.06225726087441501
6 0.5892195460185272 0.6071359511394949 0.03843173620519007 0.06393250741437377
3 0.6668532230877486 0.6009443009492145 0.0356376068519765 0.05524325692008212
4 0.32551117084918507 0.4841308967674204 0.0629304471956095 0.10001192885919252
9 0.459019711667788 0.5028238414439435 0.032635437584671044 0.05745967292769336
11 0.5317578488229178 0.5073468567669828 0.034648316937884616 0.06611708992388791
3 0.6549054217536963 0.5217197159682426 0.0340751068519765 0.05517958992388792
0 0.7153482767966504 0.5296396453217266 0.04591336555840364 0.07281275889724874
2 0.7969291474434368 0.5243884126219323 0.05532930913596843 0.07397601087441501
6 0.3390170708946136 0.39970681722365586 0.04619997060135787 0.07828150889724857
9 0.40274537822155987 0.42569099707143154 0.034197937584671045 0.05752333992388774
3 0.46055787822155986 0.42804667593062395 0.030291687584671045 0.05736417243340188
9 0.6534414190401627 0.44915896646253406 0.034320768317365594 0.059867089923887916
7 0.7909037974888653 0.4391684956257379 0.07312431874690688 0.1160189308363588
10 0.7146478346894235 0.35264606380079583 0.06465339947960161 0.11801251235728971
9 0.40763319482076027 0.26607591653908386 0.03296298620519007 0.06370967292769344
3 0.46745857417397396 0.27708901239447076 0.030496405472495526 0.06127042243340188
8 0.5199251549066686 0.28156560676698283 0.03542624491161739 0.08096083992388783
1 0.7610890654675467 0.2719027411771135 0.06189689167768542 0.12491642836490087
3 0.3395139586155702 0.20093373619701663 0.03296298620519007 0.06370967292769336
3 0.4101949508136541 0.2108300010257642 0.02983798620519007 0.0635823389353047
8 0.5684202086155702 0.21026095113949497 0.03554907564431194 0.08330458992388783
3 0.6387703301668678 0.22871913247014536 0.032840155472495525 0.06136592292769345
2 0.6992165072360892 0.22182714532172665 0.040359406377006656 0.08583934091247096
0 0.7627843622790433 0.2298744086675995 0.04767726141996072 0.09159459239534576
11 0.4021943430571665 0.13254583353527824 0.03698874491161739 0.0810245069200822
9 0.6261198439616777 0.16583713049297905 0.029715155472495525 0.06123858893530465
9 0.7441704811168075 0.17220648870565558 0.03452548620519007 0.06377333992388783