9 0.7831241766129426 0.7612781416422699 0.04323237041330881 0.047313801695410974
3 0.5081514476901814 0.7531573107916391 0.031486349336070064 0.042080492142117266
11 0.2925400832288009 0.7454581650110307 0.04873293667008758 0.05303726282028158
9 0.7622935261454045 0.6712695717498938 0.040861349336070066 0.042517139784752266
6 0.7030048845566608 0.6833478866798712 0.04329600292686635 0.05825130169541097
1 0.5021645472226434 0.6638400996667685 0.042651108313060605 0.08165241439185814
3 0.4372708002477054 0.6522262034718753 0.03153180113146803 0.049892992142117266
3 0.3794583002477053 0.6495335430089587 0.033094301131468204 0.04996576674922295
3 0.30764238758172285 0.6563421610820892 0.03621930113146821 0.050111315963434676
9 0.7641100353187866 0.5807537336605526 0.04093407220870695 0.05501713978475227
5 0.44615037567786614 0.5675066011145106 0.033162478824565154 0.06168451674922295
5 0.7565969962875668 0.49761374792857616 0.04571247579950324 0.07086046360606986
9 0.6894685836215844 0.5046406898230243 0.03548350292686635 0.057887428659881834
9 0.6238344932625047 0.5000216563245783 0.02765282220870695 0.054398555624352515
2 0.5011100655694076 0.4825900996667685 0.03164997579950324 0.07020549214211709
8 0.44173506556940756 0.479824664596746 0.0363011143631848 0.06417381596343467
6 0.3738435836215844 0.4899402191876412 0.03788634026088378 0.06815284057054072
4 0.7552839602814092 0.40617111062502326 0.06700166851971509 0.10543667080199892
9 0.6936742945903646 0.4220465136443419 0.03627838846548563 0.060267565963434674
3 0.5084862283335859 0.4079539727022977 0.02688975292686635 0.057487168320799496
0 0.3154538458200286 0.38802880872472445 0.042651108313060515 0.08165241439185814
3 0.6838675025340828 0.34739111600170675 0.035497138465485634 0.06023117865988183
9 0.6252510266363837 0.34075581823523715 0.02767100292686635 0.05752355562435252
7 0.5665527375069681 0.3200580204687674 0.04364598175143151 0.11840755169541115
3 0.4979663639704013 0.3449809377561097 0.02688975292686635 0.057487168320799586
2 0.3846532977136226 0.33423602874093505 0.033244292056281745 0.07574701674922295
8 0.7451680960164204 0.2783907129823881 0.04727497579950324 0.07093323821317572
0 0.681777761707465 0.25669334139460087 0.03880394564707803 0.09162672787409357
10 0.6169658279642436 0.2591419451997078 0.05217609923787414 0.10787031203449331
9 0.49518173155503986 0.2690905258454509 0.026912478824565156 0.061393418320799586
3 0.6728385780624395 0.19691808105551867 0.03161361436318479 0.06395549214211718
11 0.5642175569852006 0.18717274586166158 0.027789177594901203 0.07783605562435252