3 0.29296875 0.75234375 0.03828125 0.04296875
2 0.35078125 0.75 0.0484375 0.0484375
2 0.50390625 0.73828125 0.0375 0.0484375
11 0.56640625 0.73828125 0.0359375 0.05859375
3 0.77421875 0.7453125 0.04296875 0.04296875
6 0.4390625 0.65 0.0359375 0.05859375
6 0.50546875 0.66015625 0.03515625 0.05625
7 0.56875 0.63984375 0.0515625 0.0875
8 0.76796875 0.6578125 0.05546875 0.06484375
0 0.29765625 0.5546875 0.046875 0.06640625
1 0.56953125 0.55859375 0.03828125 0.09375
5 0.765625 0.553125 0.05078125 0.0625
5 0.3109375 0.47265625 0.040625 0.06640625
3 0.38125 0.47265625 0.03125 0.05625
9 0.63125 0.484375 0.0328125 0.05078125
0 0.696875 0.4734375 0.0421875 0.071875
3 0.31875 0.39375 0.0328125 0.05625
9 0.37109375 0.409375 0.03125 0.05859375
9 0.44375 0.41015625 0.02734375 0.05625
8 0.49453125 0.4 0.0328125 0.07421875
11 0.56328125 0.40234375 0.03515625 0.06875
9 0.62421875 0.3921875 0.02734375 0.05859375
10 0.6890625 0.384375 0.0609375 0.1
9 0.74609375 0.396875 0.03515625 0.05390625
9 0.62109375 0.3203125 0.03125 0.05390625
4 0.684375 0.303125 0.05625 0.10546875
3 0.73671875 0.3203125 0.0359375 0.05859375
3 0.38671875 0.25859375 0.02734375 0.06015625
9 0.43828125 0.25859375 0.025 0.06015625
3 0.66953125 0.24765625 0.03125 0.0625
9 0.740625 0.25078125 0.03515625 0.05859375
3 0.5609375 0.178125 0.0265625 0.0625