8 0.6432849717924825 0.7034646957466799 0.04327782220870695 0.0546255018140986
9 0.304090661585828 0.6926487691524758 0.03541987041330898 0.0465401833024444
11 0.7028639839909268 0.6021452432069421 0.04331872882456515 0.0616567518140986
3 0.4348225111182897 0.5990029181566838 0.03154543667008767 0.05187252404661713
9 0.7125066287029282 0.5135093291417915 0.03778180113146803 0.04974702885594055
11 0.6436748154712117 0.5018476320443491 0.040988614363184794 0.06391865626060227
3 0.5108759510098311 0.5088292967424719 0.02765282220870695 0.054079864790789856
0 0.4530452702916719 0.5077231537287135 0.03322611133812252 0.0722395877489479
9 0.38588958654845057 0.5155381429289403 0.033094301131468204 0.049583337748947895
3 0.24133106547121175 0.5158977853945445 0.03859032220870704 0.05446181070710594
3 0.708059502337691 0.4206769883976186 0.03625111738824671 0.05516121515360961
9 0.4501833698241337 0.41874249928220986 0.027671002926866174 0.05720486479078986
3 0.383818026439992 0.4280927066312712 0.031577252926866264 0.05734127404661713
6 0.6973896470496926 0.33275040246276916 0.04267837939029935 0.08584821996293313
3 0.6310061229473917 0.3389756098118305 0.031590888465485634 0.05968502404661713
9 0.4591265777678519 0.3441963670682247 0.027671002926866174 0.05720486479079003
8 0.38415384884509074 0.3515029247801057 0.03869486133812261 0.07243056070710593
3 0.260639080792914 0.3425322072642434 0.03627838846548563 0.05984871515360961
9 0.6954726230455875 0.2718674661651 0.035497138465485634 0.05982143330244423
0 0.5149084242752516 0.2617633237843139 0.03174087939029935 0.08546627404661714
5 0.3313101290957118 0.26739330880818946 0.03869940651766246 0.07321181070710595
9 0.27195785499341085 0.2733729794967619 0.03628747882456533 0.06141121515360961
5 0.6911073099120669 0.19309762542092718 0.03871304205628192 0.07555556070710594
1 0.4494919816532357 0.16559021743104435 0.04136586426498887 0.12876240626060226
10 0.27605902683277544 0.17242803838976936 0.052253367290050964 0.12055060217691822
7 0.7000050660603869 0.11073899320694203 0.058576090162687854 0.1332688569862417
9 0.6337306262670414 0.1357142005560034 0.027693728824565157 0.06111111479078994
3 0.5696363100102627 0.13248256235156847 0.025377249901804077 0.0657167692372937
6 0.517215291958086 0.12102919637965215 0.030246557083396474 0.09713046034428627
2 0.39609427088084714 0.12057038331029349 0.03172724385167989 0.08312252404661713
2 0.3352022226762452 0.13051086770119685 0.038726677594901296 0.07789931070710594
4 0.27330166549465285 0.10141613394326565 0.05617325282867043 0.12303076143274541