3 0.54055285985821 0.6436206514494969 0.031233279625171306 0.0532977168225127
9 0.47577730601814405 0.641654151351301 0.031256011678482486 0.054078966822512696
2 0.3327176278048987 0.645610919207086 0.04876176042484133 0.0651164607723885
10 0.6695249575092121 0.5600718323640479 0.058082936130804085 0.09016645774732641
4 0.6061755113492782 0.5627837419067724 0.05585284639736088 0.09405907220870695
3 0.4825106908161647 0.5713143802740621 0.03123327962517113 0.0532977168225127
9 0.35201920876285336 0.5728546752572102 0.03281851167848249 0.054088057181592396
9 0.2746299946562306 0.5748671480316513 0.039045779625171126 0.053343168617910844
5 0.6596164115867049 0.4710820552366847 0.040213474531464045 0.0666289637974506
6 0.6016675192668369 0.47610589852263063 0.034972045064577274 0.07440964754067192
9 0.2974430205204781 0.48881147336361624 0.03672476167848249 0.05411078307929138
11 0.7224179399582349 0.40666503123257963 0.042716348904643195 0.07211134933607007
3 0.6617077604913483 0.39920705523668476 0.03444920783841639 0.05644089754067201
0 0.6047219745979711 0.3979763533430908 0.038324365597690854 0.08224032825883124
6 0.5391424387045937 0.39679564842443477 0.03513116943775678 0.07987839754067191
3 0.3012787258516122 0.4106773830045366 0.03444920783841656 0.056440897540672094
1 0.6061684658224824 0.3214183985226306 0.04166832594338974 0.11662896379745061
0 0.4777934132360576 0.3307575579671592 0.032165293810936114 0.0853289668225127
9 0.4240008235026142 0.3271649253554061 0.02826740399835046 0.058748286104353474
3 0.7122426210744741 0.27315309446429625 0.03300036810497318 0.060338057181592394
3 0.7067260584589194 0.1942922962596943 0.03300036810497318 0.06033805718159235
9 0.5456521661390514 0.19991610324489495 0.028312868104973177 0.06031078610435352
9 0.48402434435229685 0.19715017242853985 0.02670490399835046 0.058739195745273906
8 0.4252260058724947 0.2045223108940255 0.033477741224511345 0.07674430718159239
2 0.3142430417658721 0.20673022638867838 0.04425611685133202 0.07133918969514967
7 0.719519226643035 0.10360820892567682 0.05935593111623927 0.1339164577473264
8 0.6522946227238268 0.13211954918656055 0.040440795064577276 0.07444146379745065
11 0.6013315162973359 0.13866498585664813 0.03191524122451135 0.07673521682251275
3 0.545726373977468 0.14367519360397457 0.026818564264907252 0.06264544574527386
5 0.44110707013740197 0.14194049766230896 0.02957149122451135 0.07672158128389332
9 0.38251332013740197 0.1422813861277946 0.026818564264907252 0.06264544574527386
3 0.32780308808409064 0.14338079869558124 0.029094118104973178 0.060315331283893325