6 0.6226961985544058 0.7450709910693755 0.046121405472495526 0.06115635875746541
4 0.5596196664422303 0.7396918536265631 0.05508032564431211 0.08321319671336802
3 0.20822094075248976 0.7283841456109377 0.04456222749876284 0.04629442496187508
3 0.6163886448455042 0.6713971017267019 0.037694751809022264 0.049255770801562446
7 0.35931312924167197 0.6513339491819101 0.059767825644311934 0.08332229948690965
0 0.29253506501732074 0.6419576427611461 0.04390048620519007 0.06344555737069442
3 0.22308902419871784 0.6536387187492017 0.04094258254171699 0.051672255983923596
9 0.5660787856186786 0.5716685522397922 0.03222600180902226 0.04912848423243048
9 0.2988503420411137 0.566230944147917 0.03876260685197641 0.05474270459715278
8 0.22738477781676245 0.5567455349536112 0.05405673620519007 0.06368194671336802
5 0.6927851277713339 0.48231772435187564 0.04566770409301455 0.06738817496187507
9 0.6190643447546471 0.5009391313619798 0.035596663274411536 0.05388871941479181
8 0.5710739020815934 0.4763560522397922 0.0442280348257091 0.06969555737069441
9 0.4443509497976013 0.4913972111497573 0.030291687584671045 0.05688643284565984
10 0.3679489020815935 0.4716282653863198 0.056926108660998766 0.10354388050895835
1 0.30301994290019635 0.45681957655673633 0.06305327792830413 0.10134560087368065
5 0.24726790988350955 0.4758592108654168 0.04579053482570909 0.06973192496187508
0 0.6336391791053864 0.40193858690906303 0.04258032564431193 0.0829222559839236
9 0.569044412597043 0.41060376567066026 0.02963326831736559 0.059211999050069505
3 0.3244312754419133 0.4064747376509031 0.034197937584671045 0.05697735182361115
2 0.695017092379798 0.35017737157833395 0.05035520409301455 0.06749727773541672
3 0.6330903024657062 0.33778516793111163 0.03432076831736577 0.059321101823611146
11 0.5727702781554467 0.3395100156706602 0.035139639868663156 0.07494610182361114
3 0.4478521653105765 0.33503810837621567 0.029510437584671045 0.05686824905006951
6 0.32367103686187404 0.3165037010817711 0.040359406377006656 0.08521145459715278
9 0.2731387703535306 0.32549618816399334 0.03888543758467104 0.05708645459715278
2 0.6222623450933314 0.27573910961048664 0.03982713986866315 0.07505520459715279
3 0.5763323694035909 0.2715412656706603 0.02963326831736577 0.059211999050069505
9 0.6356088721171245 0.20017606515757 0.03452548620519007 0.06322735182361114
11 0.5152963721171244 0.19737576063666712 0.03135622060135788 0.07719893284565975
9 0.4628297913844298 0.19850119633211843 0.02827548620519007 0.06308188145888889
3 0.3418588721171244 0.19333895801562528 0.03061923620519007 0.06313643284565976