0 0.2812246696980653 0.6790993433720437 0.045626117388246804 0.05443350867281786
8 0.3647229709277294 0.696478294716725 0.0355198643631847 0.06290908000477238
2 0.4240979709277294 0.6971691853914519 0.03551986436318479 0.06290908000477255
9 0.5436701275435876 0.6915288074076784 0.02762555113146803 0.04875567333704538
5 0.680357061286809 0.6985884240929048 0.04250111738824671 0.054397146005727134
9 0.28713430211342683 0.6033817280394527 0.03776362041330898 0.04574885200509069
11 0.48797463944744435 0.5955617794000424 0.031590888465485634 0.058957376670908876
9 0.5504246424725064 0.6048827827418602 0.026844301131468205 0.04874658267027243
0 0.6105945280111259 0.6032390140833599 0.0363011143631848 0.06291817067154533
3 0.7433433954975686 0.6157219274347226 0.03779543667008767 0.05121760200509069
3 0.6024598411446466 0.5242327667488599 0.02765282220870695 0.05344317333704538
3 0.36849845248276913 0.4504118167170431 0.03154543667008758 0.051144876670908876
8 0.4318387898167867 0.4409919107256336 0.03321247579950324 0.06913180800445425
6 0.6139200367917246 0.434516286083678 0.03635111133812252 0.07151192067154515
3 0.7287456060735653 0.43897761409926817 0.03546532220870695 0.053534080004772375
7 0.41833534690018315 0.3447345287237247 0.0475022347764936 0.10835794000636341
1 0.6104637595661656 0.35712708274981436 0.0475022347764936 0.10835794000636331
3 0.7268109222321482 0.36863784209894995 0.035483502926866174 0.05665908000477256
3 0.3123716932111911 0.2942794480426344 0.031577252926866174 0.05661362667090888
11 0.36474725946796976 0.28941977271640684 0.03635111133812261 0.07151192067154524
3 0.4889069221339522 0.3010214387332697 0.02532725292686635 0.05654090133672707
5 0.5468057805452086 0.2868503980744511 0.030101111338122523 0.07143919533736351
2 0.6014478287498106 0.2952992447485417 0.033230656517662285 0.07225680800445433
10 0.7264660094679698 0.29362875143217726 0.06308178298109546 0.10072725334181776
3 0.43228473829253505 0.23004532005886094 0.025349978824565335 0.06044715133672707
9 0.48694042203575644 0.23615041673295148 0.02532725292686635 0.05654090133672707
9 0.6635211027539156 0.23507990742358675 0.03159997882456515 0.06051987667090888
4 0.7214745033196497 0.2115338667647682 0.056877234776493604 0.10846702800763604
9 0.43731767193756055 0.17072486405949724 0.025327252926866172 0.05654090133672716
9 0.49285459963065764 0.15965155140036055 0.025363614363184794 0.06279090133672711
9 0.5967744851692771 0.15851686008113264 0.026926114363184796 0.06280908267027256
6 0.7100875514260557 0.1543662567631774 0.04271019564707803 0.09033464600572705