8 0.48962214037881074 0.6844704308735399 0.03770292984777566 0.06393250741437377
9 0.5436238908731024 0.6890106922422464 0.029094592395345842 0.04408292243340188
9 0.618447477336949 0.70687862456148 0.029094592395345842 0.04408292243340188
0 0.7501922258540743 0.705227235739906 0.04907151136870649 0.0558162598858317
2 0.29358278710905006 0.5821081403416297 0.05323242935348409 0.062225427376317734
3 0.4284034560824108 0.5985210020143474 0.03322367688202608 0.04971083992388792
3 0.48718820707099403 0.6055960143716371 0.029317426882026255 0.04955167243340188
2 0.5456864565767023 0.6056397767289268 0.03770292984777566 0.06393250741437377
6 0.613750707070994 0.6107530410633828 0.03770292984777566 0.06393250741437377
11 0.7366616250557716 0.6220009002646425 0.04760451186299815 0.05809634288963732
9 0.36562227178601087 0.5125079061589606 0.03344651136870649 0.05517958992388792
3 0.41909744026508006 0.5232663340295698 0.02950842787060921 0.054239172433401706
1 0.5482119372993305 0.5144881947137043 0.04610302026595505 0.09781275889724857
9 0.6712501892764969 0.5288610539149641 0.02950842787060921 0.054239172433401886
0 0.7391552722803025 0.5300680682494201 0.04577009783255335 0.07050084239534585
3 0.3701559214819997 0.4323574911399325 0.0349771778706093 0.054462006920082115
3 0.42525725695726335 0.44474208600673626 0.02950842787060921 0.054239172433401706
11 0.48399558699531936 0.43153643186212304 0.033955847338261694 0.06767958992388792
9 0.7205697569572633 0.4567751482874762 0.03341467787060921 0.054398339923887915
8 0.30080640220462784 0.33827722729976806 0.04042868182494201 0.07340300790866543
3 0.3702885726608633 0.3590473251323213 0.031884011368706486 0.05511592292769345
9 0.72401840912471 0.3882798162722537 0.03722542737631773 0.05221375741437386
6 0.29822788885875495 0.27499597729976805 0.045625517794497125 0.08609400889724857
5 0.4907655573378241 0.2914207678316782 0.03405134783255335 0.07002333992388783
7 0.6591972223568522 0.2904843034206725 0.051395356729801736 0.1128475098858317
9 0.47799896049385404 0.22694443235641462 0.027451179353484 0.06117492193911023
3 0.6009417119767289 0.23897354155767436 0.028950012357289622 0.05967608893530461
9 0.7094399614824372 0.24105464779318458 0.03370117935348418 0.06142958992388783
4 0.36467660672980184 0.12561274262280725 0.051586357718385045 0.11753500988583174
5 0.42419352817462047 0.15065650498009692 0.03271168231923358 0.07542842292769344
3 0.6518237796574953 0.16695130292638088 0.029794929353484177 0.06127042243340188
10 0.7097490261974542 0.15293256528367055 0.0532761917107738 0.12072367688202616