9 0.5501158556626246 0.7036512468750539 0.029599762820281584 0.05003009207925739
3 0.6229711588057777 0.6954284941736308 0.031943512820281586 0.05016659997176518
9 0.29387651012968524 0.5718574023767221 0.038448223945152106 0.055999371018452496
0 0.4250366188971909 0.5943000917263215 0.04052014619489306 0.06702787628012441
9 0.48995314350429664 0.5996393100857033 0.029854473945152192 0.05549884207925739
3 0.6090306292362732 0.6135869599727638 0.032161836641598995 0.05485409997176518
11 0.5500130401134745 0.517433025814249 0.03427014619489306 0.06666385523343692
3 0.6108242615774273 0.5349992283886152 0.03219822394515202 0.05563534997176518
3 0.6742146734880861 0.5410286914863252 0.03532322394515219 0.05581736049510884
9 0.7286474623632155 0.5387451256448399 0.03372433664159917 0.05494510523343692
3 0.48216626054397 0.4324518100857032 0.0299636358558109 0.05784259207925739
2 0.5462651478475229 0.43696427581424907 0.03481595574818712 0.07838260523343692
4 0.6027142009906761 0.42778596786527157 0.047626324854774894 0.10250264469597585
0 0.6708841581866052 0.4527929441171611 0.04199275496239885 0.08191712891096029
11 0.7254624962759464 0.45363437827567576 0.04549874462331651 0.0735508920651398
6 0.42465766749223005 0.35196837855802443 0.03886775496239867 0.08173511838761663
9 0.5986409770455239 0.3737887126035997 0.029073223945152195 0.055453339448421436
7 0.6681165690638066 0.35991519937883293 0.056947820925833524 0.11862817363517104
8 0.35326851095825473 0.274572149675299 0.04162888192686935 0.07410462891096029
6 0.5996533593866782 0.2951554783886152 0.03517982878371626 0.08619510523343692
3 0.6575579046719484 0.3172271704396377 0.03248932237357547 0.06188534997176518
3 0.7109911197257605 0.31021060196731653 0.03397904776646961 0.06041385523343701
10 0.30277189722835035 0.17735624445597947 0.05883780665780982 0.12575042889684288
9 0.3649829528527029 0.20824919966118158 0.032598484284234355 0.06422909997176518
5 0.596669600495338 0.23109297838861523 0.03481595574818712 0.07838260523343692
9 0.6597517973521849 0.24723318885548923 0.03397904776646961 0.06041385523343692
1 0.3020955010334573 0.11264900234848725 0.05280613047912741 0.13007390785015546
2 0.3636344685684686 0.14584020492285346 0.04162888192686944 0.07410462891096029
3 0.4281336162111037 0.15894642065139925 0.029473484284234176 0.06404708944842144
9 0.485055704300445 0.15992436270242175 0.027910984284234174 0.06395608418674961
8 0.5407427781217625 0.16784254949177238 0.033508166873057556 0.08376034997176514
5 0.708184989246633 0.18304886249066024 0.04184720574818694 0.07879212891096028