6 0.770070985739906 0.7183474197962612 0.05541701186299797 0.05655907220870695
3 0.6917868182494201 0.7148956877502421 0.03768834239534584 0.04317782825883114
9 0.6324754852456145 0.7168036213952675 0.037002592889637496 0.04551703307929138
9 0.5545733197322948 0.7227268893492484 0.03322367688202608 0.04861930718159222
0 0.42687940125322565 0.7148740036142373 0.03813401136870649 0.05411532825883114
3 0.6236960514435061 0.6355854376520462 0.03322367688202625 0.04861930718159222
11 0.2954291299986874 0.6148336178792262 0.04776367935348409 0.060419870413308985
9 0.7539791176413978 0.5535582119507388 0.03925084239534584 0.043186918617910665
2 0.684305946196579 0.5313019377502421 0.04795468034206714 0.06510737041330898
3 0.5543783656642314 0.5453422327333902 0.02950842787060921 0.05328408128389341
9 0.42781586566423135 0.5460785518188392 0.03185217787060921 0.0532977168225127
7 0.35170169323082956 0.5191711390546608 0.05912960228117754 0.0901664577473266
10 0.6885849279077905 0.44453773595484397 0.062413769771663394 0.09409088846548563
3 0.4234055968811511 0.45702059699837905 0.02950842787060921 0.05328408128389341
3 0.733136082546695 0.38723377518245544 0.03510451186299797 0.05644089754067192
0 0.6644351620904596 0.36966045580241885 0.041528266805913996 0.0799102137974506
3 0.60997049657714 0.3754473683702054 0.02963576186299797 0.056409081283893325
11 0.5511048325466951 0.388292802015231 0.03258434832684483 0.0712664668225127
8 0.43428474707143155 0.37881378376666247 0.035709348326844824 0.07128464754067192
9 0.37400116307904274 0.3760387625912277 0.029540261368706487 0.054065331283893237
5 0.2996869125847511 0.3741268046475096 0.04498884783255317 0.06899543969514976
9 0.6580777327369755 0.3095269317001179 0.03344651136870649 0.054088057181592396
9 0.3708496467674204 0.2986950125912277 0.029731262357289713 0.058752831283893324
3 0.6582422174139364 0.2368525009819586 0.03207501235728962 0.0587664668225127
1 0.6037311309500895 0.22232236837020544 0.051395356729801736 0.1112102107723885
3 0.5373713019006165 0.24302575381062902 0.02901367935348418 0.060310786104353475
8 0.4909273834215475 0.23470016940347777 0.03551834733826169 0.06659714754067192
9 0.42892213193867273 0.22802798858712264 0.029109179847775658 0.06265453610435348
4 0.7203655326232448 0.1505332059006147 0.057868191216482144 0.11671532220870699
2 0.6536873685927999 0.16342409134103825 0.041528266805913996 0.0799102137974506
5 0.4859096195813831 0.16908880494209716 0.03036793231923358 0.07437783128389333
6 0.3679899491251476 0.1518018318730685 0.03966201927737192 0.09161532825883123