6 0.7364207089256768 0.6838417384684976 0.05345225292686635 0.059034163274411536
3 0.6583184348233758 0.6840298462249852 0.03618748487468952 0.04485215456798421
9 0.5989343444642963 0.6887040581199158 0.03541987041330898 0.04715496099041942
9 0.5207775282075175 0.6982671658764034 0.03153180113146803 0.050075243102595125
0 0.3934837751824555 0.6963472190194782 0.03625111738824689 0.055789654567984216
3 0.5939382931364363 0.6077406631628699 0.03153180113146821 0.050075243102595125
11 0.2667263533430908 0.6022397721625529 0.04566247882456524 0.06253097749876275
9 0.7280047418085764 0.519489311399276 0.03774998487468952 0.044934041723114146
2 0.659386552015231 0.5004360962249852 0.04568974990180408 0.06721847749876275
3 0.5288405339630542 0.5205549236783196 0.02765282220870695 0.05455802521477082
9 0.40227803396305417 0.5271877832438294 0.02999657220870695 0.05468085594746519
7 0.32743711524694746 0.5037746166900575 0.05599144564707803 0.09275074400710608
10 0.6677035669441497 0.41330791044933646 0.05913917154477701 0.09682076831736577
3 0.40201493443059244 0.4381662268213943 0.02765282220870695 0.05455802521477064
3 0.7149103650505557 0.3538200457954439 0.03313975292686635 0.057969630257724794
0 0.6470461541799712 0.3394133870435881 0.038744858313060605 0.08169373530067894
3 0.5923268379231927 0.3477481874731294 0.027671002926866174 0.057683025214770645
11 0.5328791150505557 0.36335989936805996 0.030101111338122523 0.07264960594746528
8 0.4165319523845733 0.3593042424252265 0.03322611133812252 0.0728133802577248
9 0.3563938831027325 0.3593318978977219 0.0276573673882468 0.055339275214770646
5 0.2821887686413519 0.3608777877663852 0.04258747579950324 0.07096095318850323
9 0.6434898830045366 0.27946185493141246 0.031563617388246715 0.055543993102595036
9 0.3568438558771736 0.2819881478977219 0.027684638465485634 0.06002677521477064
3 0.6470375847017389 0.206641830621153 0.030028388465485632 0.06014960594746528
1 0.5932176931129952 0.1946231874731294 0.04752041549465282 0.1133941146538926
3 0.5259120184449602 0.21845683514370876 0.026912478824565156 0.061548331637205765
8 0.4798682654198981 0.21227875622003642 0.0331988402608836 0.06812588025772479
9 0.41819042203575646 0.2084820488476616 0.026926114363184796 0.06389208163720576
4 0.7131625544511179 0.11726507010570339 0.053802231751431506 0.11919041327441157
2 0.6459023315784809 0.13328621777628272 0.038744858313060605 0.08169373530067894
5 0.4779063105012421 0.14677658695273105 0.02777554205628192 0.07565177521477065
6 0.36082334963065765 0.13494937358746245 0.03646928600615764 0.0932896545679843