11 0.26729976273034656 0.7555682731945236 0.04811149810013893 0.055035009885831696
9 0.3509480641171174 0.7498183388981235 0.032177373575104265 0.04111708992388792
9 0.4075981076201035 0.7303388270351255 0.033939895326597205 0.0497745069200823
5 0.6101055117804159 0.7150627010279518 0.03953593189572935 0.05546609140676253
8 0.7544549238245132 0.7169860038799707 0.05899444671336802 0.05313692885919252
2 0.4182829941129856 0.6401449085560563 0.04180694671336802 0.05243659190105419
8 0.48530683995267304 0.6444384777196974 0.03655640226045147 0.06158875741437377
0 0.36085366024114535 0.5589705044114432 0.03895470364722229 0.06402800790866543
1 0.49037946571197877 0.46003164422160037 0.042952525835555734 0.10165534190105419
9 0.5387078629384371 0.4627454673395742 0.02865298328249999 0.05736417243340188
9 0.6071123708222219 0.47478786950702095 0.03237739532659738 0.04971083992388792
3 0.6657424884134023 0.4708378571497313 0.03406718189572917 0.05524325692008212
3 0.2994102800165274 0.4155189347535105 0.03406718189572917 0.05524325692008229
9 0.4291523314032982 0.40789082406937605 0.028580248100139018 0.054239172433401706
4 0.4797342128621871 0.3808534801911555 0.042952525835555734 0.10165534190105419
6 0.5500648966577775 0.37720721536240787 0.034667247150208524 0.0810245069200823
7 0.3009747396476733 0.31476951825160765 0.05817813554295146 0.11866642836490086
2 0.3647462989182289 0.3246591714076376 0.039790505033993104 0.06640359140676262
3 0.4902547919843747 0.3312527282139891 0.02781718189572917 0.0549885889353046
5 0.5422718868741316 0.3096204673395742 0.02901665919430556 0.07298917243340189
3 0.5975406151226386 0.31595403897467333 0.02865298328249999 0.05736417243340188
3 0.31456576738309006 0.26738518228205255 0.03255923328249999 0.05752333992388783
9 0.3763027011786803 0.26408908593237407 0.03108765226045147 0.06136592292769345
6 0.43442432570371503 0.2484521570731816 0.031669533719340316 0.08636592292769345
11 0.5437084067257636 0.2479017173395742 0.029071210581076555 0.07533292243340188
9 0.6586612594993053 0.23853469311928643 0.032650152260451294 0.06142958992388783
10 0.7239777881846525 0.21558001277721922 0.058159951747361126 0.11788517836490087
0 0.3196728011024304 0.18210159828966377 0.03953658510611122 0.08902800790866539
9 0.43128244832888873 0.1822369080617648 0.027926284669270985 0.05967608893530461
3 0.48344436037298594 0.18791656368925266 0.02640015226045147 0.06117492193911023
3 0.5460534631465276 0.180682383841477 0.026400152260451292 0.06117492193911023
3 0.657663110372986 0.180817693613578 0.02874390226045147 0.06127042243340188