11 0.6701601665191221 0.7963151507589341 0.04996917889684287 0.055035009885831696
9 0.58670292441163 0.7905652164625341 0.033570634172632195 0.04111708992388792
9 0.5314539822900202 0.7710857045995361 0.03563366311182729 0.04977450692008212
5 0.32951975596754357 0.7558095785923624 0.04142093152767874 0.05546609140676253
8 0.1845334796591843 0.7577328814443811 0.060770171004335086 0.05313692885919252
2 0.5280930348361516 0.680891786120467 0.043582671004335084 0.05243659190105419
8 0.46049601115862815 0.6851853552841081 0.03865995257436623 0.06158875741437377
0 0.5923368163355954 0.5997173819758539 0.041140210466874015 0.06402800790866543
1 0.47045338203590636 0.5007785217860109 0.04644933674699843 0.10165534190105419
9 0.4217428662508908 0.5034923449039848 0.030619939420186527 0.05736417243340171
9 0.3521283162650083 0.5155347470714314 0.0340711631118273 0.04971083992388792
3 0.2936255715266801 0.5115847347141418 0.03595218152767874 0.05524325692008212
3 0.6656895583019133 0.45626581231792096 0.035952181527678914 0.05524325692008212
9 0.5361385661944211 0.4486377016337865 0.030437928896842693 0.054239172433401886
4 0.4875946503811708 0.421600357755566 0.04644933674699843 0.10165534190105419
6 0.41732765301200664 0.41795409292681834 0.03745376834526422 0.08102450692008212
7 0.6723406476797475 0.35551639581601824 0.06224864199455275 0.11866642836490086
2 0.6075501055863729 0.3654060489720482 0.0420579683593818 0.06640359140676262
3 0.48108631612383396 0.37199960577839963 0.02970218152767874 0.0549885889353046
5 0.43066138189473213 0.3503673449039847 0.031529992036904986 0.07298917243340189
3 0.3746921029555369 0.35670091653908387 0.030619939420186527 0.05736417243340188
3 0.6625708055299031 0.3081320598464631 0.03452618942018652 0.05752333992388783
9 0.600897558160739 0.30483596349678466 0.03319120257436623 0.06136592292769345
6 0.5438586028849498 0.28919903463759217 0.034647286761115836 0.08636592292769345
11 0.43425608973077007 0.2886485949039847 0.03166649992941295 0.07533292243340188
9 0.31968535551578564 0.27928157068369697 0.03475370257436623 0.06142958992388783
10 0.2560246739175197 0.2563268903416297 0.06220313936371689 0.11788517836490087
0 0.6644055922910189 0.2228484758540743 0.04259629465362345 0.08902800790866543
9 0.5524138265060033 0.22298378562617532 0.029975197312694313 0.05967608893530461
3 0.4996150501976441 0.22866344125366322 0.02850370257436623 0.06117492193911023
3 0.43738806598265967 0.22142926140588753 0.02850370257436623 0.06117492193911023
3 0.3253963001976441 0.22156457117798856 0.03084745257436623 0.06127042243340188