11 0.7461042451314462 0.7297241265281386 0.04903967787060939 0.055581614653892684
9 0.6624149946371546 0.7317613393275803 0.03287350840295709 0.04148149310259512
9 0.6054646576790164 0.7175217769122513 0.03478617688202608 0.050157130257724704
5 0.40283440619614164 0.7210949135015542 0.04047776136870649 0.05591248530067894
8 0.2586214911771135 0.7364819753510562 0.059881677376317735 0.053811074739800804
2 0.5932100553978389 0.6281284062654648 0.04269417737631755 0.052910316033373664
8 0.5263090568807136 0.6386808039360442 0.03760742935348418 0.061998710990419426
0 0.6491788711014388 0.5414229443705343 0.04004667984777566 0.06446529172311415
1 0.5180151013297755 0.4543467475136092 0.04469968775644091 0.10212906603337366
9 0.4697686023183586 0.4615727493226315 0.029635761862998145 0.057683025214770645
9 0.40162343878220524 0.48001953414834053 0.03322367688202625 0.050075243102595125
3 0.3429660217860109 0.4815278024657063 0.03500901136870649 0.055625880257724705
3 0.7080697569572633 0.39193087743264965 0.03500901136870649 0.05562588025772479
9 0.5782867564629717 0.3963837613084191 0.02950842787060921 0.05455802521477064
4 0.5272680845238614 0.37400415027257117 0.04469968775644091 0.10212906603337349
6 0.45692375102576416 0.37690782225340996 0.036059516805913815 0.0814071302577248
7 0.704744485702725 0.2911086838550848 0.06021194121648214 0.11931324400710616
2 0.6411913216722802 0.3069660572154046 0.040923430342067135 0.06684998530067894
3 0.5158875741437381 0.32527672320334966 0.02875901136870649 0.055298331637205766
5 0.4635292366913083 0.30844774932263147 0.030272431824942103 0.07330802521477064
3 0.40841065517037733 0.3199484933297376 0.029635761862998145 0.057683025214770645
3 0.6903344758168932 0.2448887810961228 0.03354201186299814 0.057887743102595035
9 0.6285838923187961 0.247342073723748 0.032138679353484 0.061712105947465366
6 0.5702302228511437 0.23709064846354883 0.03315735129259423 0.08671210594746528
11 0.4610143903416297 0.24672899932263145 0.03036793231923358 0.07565177521477065
9 0.34597963935304654 0.24806020522466823 0.03370117935348409 0.061793993102595035
10 0.28030821840251946 0.23114602216255292 0.06018010771838496 0.11853199400710616
0 0.6837396245242989 0.1598963054063823 0.04106535178688588 0.08946529172311406
9 0.5722118755128822 0.17043873699815956 0.028950012357289622 0.059985831637205764
3 0.5201864604938541 0.18099445669500627 0.027451179353484 0.06146644448207601
3 0.45749545950527093 0.17958244290019634 0.02745117935348418 0.06146644448207601
3 0.34596771049385405 0.1901248744919736 0.02979492935348409 0.061589275214770645