3 0.6971801812562883 0.7591712771353347 0.03947367688202626 0.05040279172311415
9 0.6308057647543854 0.7549098230423201 0.033096342889637496 0.04695024310259512
11 0.5561877667315519 0.741604239596092 0.038229511862997965 0.058133404567984215
3 0.370235679279122 0.7514318617132165 0.03456334239534575 0.0446883802577247
3 0.30405226376580236 0.7424829076202021 0.03700259288963732 0.04715496099041942
9 0.6852797005336603 0.6669461555840371 0.03690709239534584 0.044811210990419424
0 0.6214082015222434 0.6589012822237172 0.040827929847775654 0.06450623530067894
9 0.4311187825488827 0.6598894928754524 0.029412927376317732 0.05221427521477064
3 0.30801686357552194 0.664398851197767 0.03478617688202616 0.050157130257724704
9 0.6808733848300601 0.5829429698083883 0.03344651136870649 0.05554399310259513
9 0.4971841343357687 0.5756649790806425 0.02950842787060921 0.05455802521477064
6 0.3727743833471854 0.5738424502478272 0.038484179847775656 0.06438340456798422
2 0.3204624668452826 0.5703179805509805 0.03805309832684482 0.07293621099041943
10 0.7004139050960152 0.4876680913596859 0.0664791872621496 0.10093173620519007
4 0.6309144885941125 0.48324286295641194 0.057040520265955054 0.09887791327441153
5 0.563457733156905 0.5055439088633975 0.03389218034206713 0.06648149310259513
3 0.5037153186321686 0.4922350033909019 0.02875901136870649 0.055298331637205676
6 0.44612565311884894 0.4837364286511011 0.0341786818249421 0.07351274310259512
1 0.37837973760552923 0.474705587402957 0.04662960228117754 0.09209564676606803
9 0.6223008339552077 0.42563840287050364 0.02875901136870649 0.05529833163720586
8 0.44954908346091604 0.4189336222286661 0.0326161818249421 0.07343085594746519
7 0.3140572524342769 0.40087193973237767 0.060643022737412976 0.11076043758467105
11 0.49970293376492736 0.34092148688255863 0.030240598326844826 0.07252677521477065
9 0.3289765982896638 0.3421520369734157 0.028854511862998145 0.057642081637205765
8 0.6251286980993834 0.27938087856024413 0.04030134783255335 0.07071529172311397
9 0.556155863612703 0.2812465937345351 0.02745117935348418 0.06146644448207601
2 0.38753319760509175 0.26927778098052185 0.03896168231923358 0.0761021545679843
5 0.27968886410699456 0.26440881727656895 0.043521848326844824 0.07322281603337358
0 0.5569317964262281 0.20456126300184044 0.03334835228117754 0.09139960594746528
3 0.5065816279471591 0.21053462403768836 0.02745117935348418 0.06146644448207601
3 0.44825979197760385 0.22000479929788758 0.027451179353484 0.06146644448207601
3 0.2872267914833123 0.21391417231952312 0.03213867935348409 0.061712105947465276