3 0.6004460623037873 0.6921932727983329 0.03506439676606821 0.04373246941479181
3 0.7400208966545265 0.5898469099568049 0.04081975180902227 0.04932850598392378
9 0.6752180902320915 0.590574914990798 0.040161332541716985 0.05165407218833344
8 0.47419117876670214 0.5999356504574995 0.038554566937884616 0.06566202080156244
0 0.4079929686807938 0.612400589287083 0.03608798620519007 0.06326371941479181
8 0.3457010085948856 0.624774609138715 0.04402331693788462 0.06578930737069441
3 0.7256109158764034 0.5074708210509715 0.040161332541716985 0.05165407218833344
3 0.6080139801007546 0.5180108903895133 0.033911332541716986 0.051508601823611146
10 0.4858933186353653 0.5255350625015968 0.04788197930778502 0.09475010875746541
3 0.29267890716997613 0.5347139600123956 0.03859883254171699 0.05161770459715278
3 0.7226330800553261 0.43029072521128403 0.0403251068519765 0.054779072188333444
9 0.6677408621675017 0.43546984090260354 0.038104187584671045 0.057068270801562446
2 0.5986190479431505 0.4292756987101384 0.03888211555840364 0.07191202080156263
9 0.5482538777713339 0.45229627783232595 0.030291687584671222 0.05688643284565984
6 0.4244855071245476 0.44659375133118023 0.034853034825709096 0.06947735182361114
1 0.35490999152071534 0.4341677929343052 0.047551108660998764 0.10332567496187509
11 0.6619246313893786 0.3528937302452772 0.04422803482570892 0.06969555737069441
6 0.368918259838081 0.37531946979604136 0.03945532564431194 0.08284952080156245
7 0.7232959006112554 0.2687538131671869 0.0623096494796016 0.1169342332825
3 0.5354716740170037 0.2941934903132634 0.02951043758467122 0.05686824905006951
4 0.3698057304394389 0.29882970497840244 0.05083988297125828 0.10652341014423614
5 0.7202394996613157 0.2079617835319091 0.04451463986866315 0.0751643073706945
9 0.6590596602221938 0.22889318579236054 0.034197937584671226 0.05697735182361115
9 0.5933085074632318 0.2179388084175342 0.027371405472495523 0.0607199476632986
9 0.4842234345324533 0.22984135600458294 0.028152655472495524 0.060738131458888844
11 0.3173668051792397 0.24230825446531226 0.039704309135968605 0.07271145459715278
3 0.7062046551338111 0.14820557703489523 0.034402655472495526 0.06088360182361115
0 0.6604793973318951 0.14224717097472167 0.03752101141996071 0.09060746941479167
9 0.5953523643152083 0.1640507422131245 0.02983798620519007 0.06311824905006946
9 0.5430086143152083 0.16526905651767315 0.02807076831736559 0.05917563145888893
2 0.48506996155624627 0.15413284118694404 0.03164282564431194 0.08266768284565976
5 0.37084700927225417 0.1747382415475344 0.03670213986866315 0.07498246941479172