8 0.480060220840271 0.6968947811333752 0.041010297766469604 0.05993056070710594
6 0.6201051780362 0.7131323616259291 0.04001072394515202 0.055215778855940555
10 0.28875667059260196 0.6049776435619124 0.06777400496239867 0.08192461179556502
2 0.41611969127076637 0.6177454836731131 0.04059292080199892 0.06771577885594056
3 0.5434634412707664 0.6132985419331485 0.029708924730940466 0.05173611479078986
3 0.6092339904849781 0.6141318664352525 0.031943512820281586 0.04947421034428636
9 0.6877228635205074 0.6192161813187097 0.03793880169541115 0.04422371515360979
9 0.7475152404849781 0.6093029787789718 0.039974336641599176 0.05443452885594056
3 0.3002527886657325 0.5325842883897695 0.03830267473094038 0.05203621515360979
3 0.48015861248705 0.530996962621721 0.032052674730940464 0.05181796034428636
0 0.6072112640586267 0.5203000208817562 0.038249170801998925 0.06763393330244423
2 0.742731387094156 0.5233927606301372 0.048223484284234355 0.06408234736759474
1 0.28680241066780454 0.4454116706037545 0.060235486765433596 0.10428076143274545
9 0.3509569559530748 0.4619518406593549 0.03506851282028158 0.049583337748947895
9 0.42305027977439236 0.4641294103521355 0.029599762820281584 0.04939236479078986
3 0.5444158575246514 0.44893594157032873 0.029073223945152195 0.054833832939624474
5 0.6683627797743924 0.4555629090861911 0.040410984284234355 0.06380952885594056
11 0.5354175390800172 0.3733456645284867 0.03299874462331651 0.07213046034428627
7 0.665794243794747 0.35001231353269485 0.05672949710451576 0.11273810217691826
9 0.42485672063538316 0.3013020281381503 0.029073223945152195 0.05483383293962456
11 0.47760073097446537 0.30806789411006663 0.03299874462331651 0.07213046034428619
8 0.7110489317602537 0.29678562061160374 0.04833264619489306 0.06642609736759475
9 0.3044307506191726 0.23586305581296454 0.0355415477664696 0.059739587748947984
5 0.3629153387085138 0.23147316697555748 0.03861304383752824 0.07544643330244423
3 0.4165133736547018 0.23977425109630834 0.0291823858558109 0.05717758293962456
3 0.48455489826180764 0.23896323004491613 0.029291547766469604 0.05952133293962447
9 0.5299765601724664 0.2397246326773213 0.029073223945152014 0.05483383293962456
0 0.7160767260120666 0.21992302024878402 0.042247466087269106 0.08649306070710594
3 0.31491017824559703 0.17524301434315226 0.03405182237357547 0.06124752404661713
9 0.3700150552100677 0.16549350291040688 0.029291547766469604 0.05952133293962456
6 0.480062143299409 0.1593030118960815 0.03376287799792799 0.08853671034428627
4 0.7069328583532208 0.14120774320694202 0.056947820925833524 0.11742560217691826