3 0.5619007930240062 0.6809623787554241 0.032095479707460586 0.04952877404661713
3 0.42650480966309773 0.6004068048014742 0.028230140015886106 0.05173611479078986
9 0.5017093612052251 0.5913071125133553 0.028230140015886106 0.05173611479079003
9 0.5642775450526011 0.5895834106065895 0.028093772321134303 0.04392361479078986
9 0.6234343567409983 0.604156831295162 0.03217730032431163 0.05421627404661713
9 0.24829008076641604 0.5097569790334258 0.039222187093786685 0.05524306070710594
3 0.30936394846116777 0.5040724634243292 0.03608355032431154 0.05435268330244423
9 0.3625707690780188 0.5012401293035783 0.03219093709378669 0.05499752404661713
7 0.42841395738962146 0.49103180480147424 0.04386482264544593 0.09756696996293321
8 0.4905594013832671 0.5135268528947086 0.034012535713814886 0.06989583774894789
3 0.5602270190780188 0.5081424376484316 0.028271050324311632 0.054079864790789856
11 0.6899827029253947 0.5087649749418925 0.04175685186643907 0.06626240626060209
0 0.2514208092560606 0.41996779273575663 0.046648903408566686 0.07814484736759475
6 0.3077526298729116 0.41724458601966746 0.04430515340856669 0.0780630018140986
5 0.5568077386392096 0.43532249654143895 0.03240912540538936 0.06749752404661713
11 0.6194850166423868 0.4273487946346732 0.03709662540538936 0.06766121515360961
3 0.43303504789197483 0.3606449003549705 0.02832559740221221 0.05720486479079003
9 0.5606515332814783 0.3494668420949353 0.028366507710637735 0.05954861479079003
3 0.6152026655867265 0.3591890716765152 0.03219093709378669 0.05499752404661713
0 0.67016290097623 0.3454738012580951 0.03971311079489297 0.08336806070710594
5 0.4439100925342435 0.27503478256895564 0.03250458279171564 0.07296627404661712
9 0.4889498571447402 0.2922421299365504 0.026022757710637733 0.0594667692372937
6 0.32797717532595916 0.19906750489414143 0.03909550202859489 0.09271577885594055
2 0.49044990178700887 0.20630462993655044 0.031078450486467447 0.08072421034428627
8 0.6154499017870089 0.2106697261230189 0.037232993100141165 0.0754737151536097
4 0.6741936562512357 0.20412211496042598 0.05358074188232518 0.11742560217691826
3 0.27269538595869625 0.1416344616102306 0.03234094155801355 0.06359127404661713
10 0.4450067625819017 0.12263646886662478 0.04025858157389965 0.11461806070710594
3 0.5007385653418452 0.15428826215053557 0.026090941558013725 0.0633730192372937
1 0.5505436964292776 0.12241326877395753 0.03975006696340309 0.13021577885594054
2 0.6078516359586963 0.1533383757601992 0.03414890340856669 0.07770833774894799
9 0.6648147021113204 0.15923620089527543 0.032300031249588024 0.06124752404661713