3 0.41502579302400616 0.641070032260101 0.032095479707460586 0.049892992142117086
3 0.5530673096630977 0.5589210041383385 0.028230140015886106 0.05205480562435252
9 0.47827186120522514 0.5506954352794196 0.028230140015886106 0.05205480562435252
9 0.4158400450526011 0.5497001695636539 0.028093772321134303 0.04424230562435252
9 0.3562468567409984 0.5649656046336764 0.03217730032431163 0.054580492142117264
9 0.734227580766416 0.46617692432116475 0.039222187093786685 0.05568922787409356
3 0.6734264484611676 0.46120263399829325 0.03608355032431163 0.05476242865988183
9 0.6203832690780187 0.4589894706398924 0.03219093709378669 0.05536174214211727
7 0.5549764573896214 0.44954600413833845 0.04386482264544593 0.09805866439185813
8 0.49212190138326706 0.4727694884225727 0.034012535713814886 0.07027826674922295
3 0.4227270190780187 0.46819545843878335 0.028271050324311632 0.054398555624352515
11 0.2931077029253946 0.47032950082856956 0.04175685186643907 0.06673588978475227
0 0.7342333092560607 0.3764059489282706 0.04664890340856651 0.07867296360606986
6 0.6780651298729116 0.3743383347840815 0.04430515340856669 0.07856380169541097
5 0.4286827386392096 0.3953208846174658 0.03240912540538936 0.06786174214211718
11 0.36636001664238677 0.3880756189017001 0.03709662540538945 0.06808006596343467
3 0.5549100478919748 0.3191864160489972 0.02832559740221221 0.05752355562435252
9 0.42783903328147826 0.3094925465281245 0.028366507710637735 0.05986730562435252
3 0.37301516558672654 0.31985215777682957 0.03219093709378669 0.05536174214211718
0 0.31860040097623 0.3067742690255346 0.03971311079489279 0.08381422787409357
5 0.5470350925342435 0.23368556369163232 0.03250458279171564 0.07333049214211709
9 0.5014498571447402 0.2514210272977022 0.026022757710637733 0.05975814371369372
6 0.6654771753259592 0.15635246815869303 0.03909550202859489 0.09315284057054059
2 0.5029499017870089 0.1654835272977022 0.031078450486467447 0.08107021753501127
8 0.3779499017870089 0.17130549586617078 0.037232993100141165 0.07589256596343477
4 0.31950615625123574 0.16544079363264044 0.05358074188232518 0.11802656203449331
3 0.7226953859586963 0.09826383230288217 0.032340941558013724 0.06395549214211715
10 0.5512567625819017 0.08126903908452647 0.04025858157389965 0.11506422787409351
3 0.49448856534184527 0.11357642494033734 0.026090941558013725 0.06366439371369373
1 0.4458561964292776 0.08227507506417185 0.03975006696340309 0.13065284057054055
2 0.38753913595869627 0.11387398552708858 0.03414890340856669 0.078090766749223
9 0.33043970211132045 0.12043650868645236 0.032300031249588114 0.061611742142117176