11 0.41748506614491526 0.7091632541338292 0.040447937584671044 0.05799659057054054
2 0.7487726876962127 0.740180083536718 0.04603951831736577 0.06059505169541115
4 0.3514296189493057 0.6086687944567007 0.06289282564431194 0.08476029776646961
6 0.5467421189493058 0.6177656203449329 0.03452548620519025 0.06395549214211727
9 0.6152398134313817 0.6458949284504849 0.033911332541716986 0.052236742142117265
1 0.6756074253717408 0.6229882754311662 0.05290034995457162 0.08741226282028158
5 0.746080377655733 0.6441954954473769 0.04603951831736577 0.060595051695410976
3 0.48080618046012347 0.5344222733642516 0.030005082541716986 0.05205480562435252
3 0.5389871726582074 0.5441461838271683 0.030005082541716986 0.05205480562435252
9 0.737875052011421 0.5619823089296122 0.03872166327441171 0.05479881596343468
11 0.2924596534363305 0.4500536197257604 0.04624423620519007 0.06450130169541098
9 0.42268274197094124 0.4514427994190995 0.03403416327441171 0.05458049214211709
6 0.5972290405914602 0.46580716811140255 0.03670213986866315 0.07574701674922295
3 0.7336988070998036 0.4822948089296122 0.03872166327441153 0.05479881596343468
3 0.29926185210227807 0.3716567919755014 0.03588326831736577 0.06012201674922295
9 0.5373350621881864 0.3936560322555917 0.02951043758467122 0.05748716832079968
9 0.6027553443003619 0.3928063157540377 0.0301688568519765 0.05517980562435252
9 0.7273835300760106 0.40640439701895337 0.0340751068519765 0.05536174214211727
2 0.2971427521477066 0.2866097038861602 0.05035520409301446 0.06858948821317572
8 0.5303646879233553 0.30526562034493293 0.03501680913596861 0.07333049214211709
8 0.6026900672765689 0.3172070022718024 0.03982713986866315 0.07589256596343467
9 0.3647153544771272 0.22273344850947668 0.032635437584671044 0.05763271753501131
7 0.406329644391219 0.21376086290133486 0.05297559305716657 0.11858948821317572
3 0.5342842260284247 0.2462181060769093 0.02963326831736577 0.059830918320799585
0 0.5860547659425166 0.23771855541495554 0.03415034995457163 0.08653896753501122
3 0.6488380489592032 0.2609056523956369 0.03041451831736559 0.05986730562435252
10 0.7131937980546921 0.23974343589408287 0.06465339947960161 0.1183540477664696
9 0.417730811849502 0.16363458436528755 0.02963326831736559 0.059830918320799585
5 0.523980811849502 0.16858325764848586 0.03135622060135788 0.07783605562435252
3 0.5951155054270669 0.17267575227180237 0.029715155472495525 0.061393418320799586
3 0.6497996834007995 0.19003022621695448 0.030496405472495526 0.06142980562435252
0 0.7023924168924562 0.18234831285855363 0.04286693068726599 0.08928297787409352