6 0.26953125 0.715625 0.0484375 0.05625
3 0.5296875 0.69453125 0.0296875 0.0484375
3 0.6046875 0.6984375 0.03125 0.05078125
5 0.6703125 0.69609375 0.0421875 0.06015625
9 0.39609375 0.61875 0.02734375 0.05390625
8 0.46796875 0.603125 0.0375 0.0625
6 0.72109375 0.6078125 0.0484375 0.06640625
3 0.33125 0.54921875 0.0328125 0.05078125
8 0.40390625 0.52734375 0.03828125 0.06484375
9 0.53046875 0.52734375 0.02734375 0.05078125
3 0.7125 0.5296875 0.0359375 0.05390625
9 0.33984375 0.45234375 0.0296875 0.05390625
4 0.39609375 0.44296875 0.046875 0.10234375
10 0.52421875 0.43359375 0.03828125 0.10234375
9 0.6390625 0.44765625 0.02734375 0.05390625
11 0.7109375 0.44375 0.0421875 0.07109375
3 0.275 0.38671875 0.0359375 0.05625
0 0.33671875 0.38203125 0.03828125 0.08203125
9 0.515625 0.38515625 0.0265625 0.05390625
0 0.578125 0.365625 0.03125 0.08203125
9 0.6453125 0.36875 0.03125 0.05859375
7 0.2796875 0.30078125 0.05859375 0.115625
2 0.340625 0.2984375 0.0375 0.08203125
2 0.525 0.296875 0.03125 0.07421875
1 0.57734375 0.28046875 0.03515625 0.11875
9 0.6328125 0.3015625 0.0296875 0.06015625
3 0.69375 0.296875 0.03125 0.06015625
5 0.2859375 0.24609375 0.03828125 0.07421875
11 0.34765625 0.23671875 0.0359375 0.07421875
3 0.51484375 0.24140625 0.025 0.06015625
9 0.4078125 0.171875 0.02734375 0.06015625
3 0.51953125 0.16796875 0.02421875 0.0625