9 0.39958159316870817 0.7776442445232167 0.033501896766068205 0.04387803213245363
5 0.5437034073930593 0.7740371743858147 0.03872166327441171 0.05417067445232178
3 0.6663596573930594 0.7776061067556952 0.03506439676606821 0.04392349623907634
9 0.7330967780398459 0.7709673133404704 0.03802562245580852 0.04088942445232178
8 0.39290114597309866 0.679942530416594 0.04167956693788479 0.06595762061225567
2 0.5352557423096256 0.6723837461725694 0.03863645409301455 0.06742919239901042
9 0.6646566372666713 0.6706885170222519 0.037817582541716986 0.05180419239901042
3 0.33445015886339746 0.5916552687381115 0.03859883254171699 0.051826924452321774
11 0.45756011024287846 0.5889969331613033 0.03608798620519007 0.06345474623907635
8 0.5162800130018403 0.5782245692129651 0.03941770409301455 0.06745192445232177
9 0.582723884553138 0.5957590616911178 0.030127913274411534 0.053920621865896835
9 0.7241301345531379 0.5998735633404705 0.03847600180902226 0.049483174452321775
6 0.3855412680902231 0.49485447657652804 0.041389639868663154 0.0753098885589445
3 0.5199981552453529 0.5003268897460785 0.0301688568519765 0.05470187186589683
3 0.5826209859780475 0.5044892040109857 0.030127913274411534 0.053920621865896835
3 0.7087740502023987 0.500359296647423 0.037940413274411534 0.05414794239901042
6 0.32515264472990324 0.4291325366848001 0.04229372060135787 0.07767637061225567
3 0.4554985639972086 0.430585039587794 0.029510437584671045 0.05702288981258548
3 0.6349813461093843 0.4319071618494023 0.0325126068519765 0.05477006802583091
9 0.7534447410664301 0.42989368395272615 0.03872166327441153 0.05417067445232178
0 0.32624043193046154 0.34569791105797953 0.04492407564431193 0.08321331677218975
0 0.44132984339585074 0.35372702289474656 0.03398657564431211 0.08289506802583091
9 0.5094623677061103 0.3588297115328332 0.0293876068519765 0.05467913981258556
10 0.5698299796464694 0.3348442937444291 0.04820952792830404 0.10125026293212373
9 0.3202527035271876 0.27609846489804546 0.03822701831736577 0.05961669239901033
3 0.38003713930283634 0.2856386009497074 0.03275826831736568 0.05945756802583091
2 0.44315461499257686 0.28435489726792595 0.03554907564431211 0.08294053213245363
1 0.5587043718899818 0.25651470526462705 0.04150250452255584 0.12211669239901032
4 0.6810706948207603 0.2694359055811962 0.05893898801421234 0.11248327962517113
11 0.7383476062861496 0.27578284547292403 0.04595430913596861 0.07310253087881238
7 0.32039546641748634 0.18951610721791354 0.05733222241038014 0.12647758346523713
5 0.4986809187014785 0.21264503331958787 0.033577139868663154 0.07508256802583091