3 0.5748787514321773 0.728125 0.03181362133990877 0.0484375
3 0.5090901194302683 0.7140625 0.02790737133990877 0.0484375
9 0.37947534476445 0.7203125 0.031840893340226904 0.05078125
4 0.2987429654280411 0.69765625 0.06351815467854491 0.0875
2 0.7097799154200869 0.6390625 0.03827270667568143 0.06640625
3 0.576049805418496 0.62734375 0.03030566534054522 0.053125
0 0.5104157147517234 0.6265625 0.033585206675681434 0.06640625
11 0.4386043494191324 0.63203125 0.03353975334181776 0.0625
5 0.37513219541690523 0.615625 0.039008503341817755 0.0625
11 0.7025208514083147 0.55234375 0.041397706675681434 0.06640625
3 0.6329441480744512 0.5484375 0.03186816534054522 0.053125
9 0.507199260741542 0.5515625 0.027934643340226904 0.05078125
9 0.44450835673931477 0.53515625 0.027998278007635945 0.05625
8 0.3124225627386785 0.53046875 0.0430147506763177 0.07109375
9 0.7619043947326333 0.4859375 0.03661930000795408 0.05859375
3 0.5641208753978152 0.475 0.027998278007635945 0.05625
9 0.3216424740610881 0.45 0.03583805000795417 0.05859375
3 0.6858589680537703 0.39609375 0.03190452800763595 0.05625
3 0.6265566933879521 0.40234375 0.03036930000795408 0.05859375
0 0.5684987453850885 0.38125 0.03217724801081765 0.0796875
7 0.508941932049634 0.365625 0.03963575934913557 0.11640625
1 0.45590783871736135 0.3734375 0.04415962734722676 0.10234375
9 0.3326339707192703 0.3875 0.03193180000795417 0.05859375
6 0.6387834260423162 0.31171875 0.03849088267822687 0.08515625
10 0.44566922537395276 0.29921875 0.03959939668204484 0.11328125
6 0.7545351480346802 0.25546875 0.046330654678545004 0.0875
9 0.6811976453691801 0.2640625 0.03353975334181776 0.0625
3 0.6287084447008165 0.2515625 0.028043731341499623 0.06015625
5 0.45911356003340753 0.24609375 0.03055111334340861 0.07421875
2 0.3356124253659985 0.240625 0.03682838534372675 0.0765625
8 0.7381465320257716 0.18984375 0.03376702001113578 0.08203125
9 0.681197098026726 0.196875 0.03197725334181776 0.0625