11 0.2095628427145419 0.6492460649682752 0.05037870257436623 0.061793161069925696
6 0.5364214743269253 0.6958879743089204 0.03935019731269431 0.05984871515360979
9 0.600855700649402 0.7051836179556508 0.038440144695975856 0.04422371515360979
9 0.6767734585419097 0.7054862075186974 0.041102413111827295 0.04977431070710594
7 0.22059061895231397 0.5674330697775986 0.06952281570031094 0.09598711179556503
8 0.47762957422810326 0.5897173306621898 0.035117723621053545 0.06749752404661713
3 0.6731394953030255 0.6200298571558778 0.03889517100433508 0.05203621515360979
9 0.24265460572754716 0.49774805235440345 0.04063968152767874 0.055215778855940555
9 0.3603048373116957 0.5073363618803831 0.03048343152767874 0.05486111479079003
0 0.49200986362005494 0.504107212876175 0.035436242036904986 0.07296627404661712
9 0.2562536451194989 0.41211065271722325 0.038568947312694314 0.05982143330244423
9 0.30901462407281144 0.4202158185964723 0.03434417889684287 0.05421627404661713
3 0.5563145583019133 0.44842269726707834 0.030483431527678916 0.05486111479079003
9 0.6736385661944212 0.4501712249418926 0.03438968152767892 0.05499752404661713
6 0.38892890820309134 0.3384598763083534 0.037590276237772 0.08317708774894798
9 0.4444585713855059 0.36623270144342956 0.029838689420186526 0.05717758293962447
11 0.5050243450630292 0.36130215398316756 0.03539073940606911 0.07218502404661713
5 0.5600835713855058 0.370270415415913 0.03539073940606911 0.07218502404661713
3 0.6761258003388184 0.3805854112395617 0.03622519731269449 0.059739587748947984
3 0.27896935025411385 0.2774727578893663 0.034662697312694314 0.05968502404661713
8 0.49964587130080124 0.278916239918017 0.03401024992941295 0.07525546034428628
2 0.5711645555299031 0.30098470207640177 0.03980522362105354 0.06766121515360961
3 0.6207018239457546 0.2972347086998237 0.030756447312694314 0.05954861479079003
3 0.6847643239457546 0.29947182049538884 0.034662697312694314 0.05968502404661713
3 0.3449198449218548 0.2069717741314351 0.033327710466874015 0.06353671034428628
10 0.4604006317535577 0.200044706252753 0.044560613055357655 0.10914931070710594
1 0.57120162386105 0.20626247911824383 0.04230016304124007 0.12388393330244422
4 0.6854993422910189 0.21964791123956168 0.059904891994552754 0.11826141587924913
0 0.3548023501129395 0.13138149708959312 0.036710315700310935 0.09484127404661713
2 0.40237530012705686 0.14791672186184965 0.03198501834526439 0.08064236479078998
3 0.5135480185570258 0.16119302657850584 0.02850370257436623 0.0610292692372937
5 0.5771932896037132 0.1571528565229055 0.03570925782192056 0.07765377404661714