2 0.6375445406672041 0.7477837459461055 0.048730165879249124 0.053943206168510116
9 0.4164507906672041 0.7516429517075786 0.0288442518140986 0.04344603693163087
9 0.2818401776905126 0.738377112826783 0.04005457032575279 0.05144945170428343
0 0.7024279854023938 0.6560814411575671 0.05048363883740699 0.059439229707460586
3 0.6268649902117172 0.6511542077966587 0.03771082032575279 0.05140854139585791
8 0.5688615172535592 0.6576320787378211 0.04258929328391083 0.05695911201270878
3 0.49596965427686773 0.6432889350684871 0.03146082032575279 0.051299447240056396
11 0.4227404854023938 0.660963404629678 0.037983638837406984 0.05922104139585791
3 0.2853496128070554 0.6602384760573079 0.03762897477225646 0.04906479139585791
4 0.21410209538386024 0.6435243088490236 0.07247768992586626 0.0855886724832903
6 0.6298659938399143 0.5652167077966586 0.03981895734906136 0.0670608149348082
10 0.5630331579050647 0.5562332199715232 0.04828622177703164 0.08594718262956
9 0.4920113297747637 0.5777730292242884 0.02903522477225664 0.04891478693163087
2 0.23315468494690678 0.5674566866900449 0.05388145734906136 0.06730627678536116
5 0.6229835659797656 0.4716439857998358 0.03981895734906136 0.0670608149348082
3 0.5668873334029607 0.4905809464325728 0.029226197730414506 0.05438353693163087
9 0.5026437841286 0.474525298299012 0.029389888837406987 0.05907103693163087
1 0.5035192925661207 0.38237870860743745 0.041773326949174815 0.10066820170428344
9 0.436185459626496 0.4101003340128269 0.028526793283910834 0.056713650162155814
3 0.3152826825846541 0.4067452832814783 0.03477679328391083 0.056822744317957155
0 0.24993050109630835 0.4000782719173926 0.04575149881887368 0.0804375223211343
6 0.44136652214770056 0.32880942370440136 0.034114594372369925 0.08257672077900687
3 0.3853620588081894 0.3227600211066136 0.029389888837407074 0.05907103693163096
9 0.3303744584453697 0.33230834496987555 0.03477679328391083 0.056822744317957155
3 0.2709994584453697 0.3333447394499885 0.037901793283910835 0.05687729139585782
3 0.6883804206037545 0.2534473648586732 0.03491320253973793 0.060728994317957155
9 0.4537871657944311 0.2637883957012242 0.027046138837406985 0.059030126623205434
7 0.38386653539454446 0.23143559172346467 0.05124009618646843 0.1258182061685102
5 0.6300074146133048 0.18107353287773648 0.03782987141421188 0.07717615462638268
9 0.5700322138876653 0.1992974273578494 0.02952629809323426 0.06297728693163096
11 0.5126562235063121 0.18780654829901194 0.03001737141421188 0.07703978693163097
8 0.33930056905980843 0.1884901611224997 0.04095487141421197 0.07723070170428334