9 0.31171875 0.71640625 0.0375 0.04296875
4 0.434375 0.69609375 0.046875 0.0796875
9 0.503125 0.69453125 0.0296875 0.04296875
2 0.5734375 0.6859375 0.0359375 0.06015625
3 0.640625 0.68515625 0.03125 0.0484375
11 0.70859375 0.67734375 0.046875 0.05625
3 0.38125 0.6140625 0.03125 0.05078125
3 0.509375 0.603125 0.02734375 0.053125
5 0.63203125 0.60703125 0.03828125 0.06015625
9 0.25078125 0.54140625 0.03515625 0.05390625
9 0.4359375 0.52421875 0.0296875 0.053125
3 0.690625 0.5078125 0.03515625 0.05390625
11 0.25 0.459375 0.04296875 0.06875
3 0.3828125 0.45 0.0296875 0.05390625
10 0.446875 0.43125 0.03828125 0.09765625
0 0.6265625 0.43125 0.0359375 0.0796875
9 0.68359375 0.440625 0.03515625 0.05859375
3 0.25390625 0.38671875 0.0359375 0.05625
0 0.37890625 0.3703125 0.0359375 0.08203125
9 0.44140625 0.36875 0.0265625 0.05390625
9 0.5546875 0.36328125 0.02734375 0.05390625
8 0.61796875 0.36328125 0.03828125 0.0625
6 0.68515625 0.3609375 0.03828125 0.0765625
6 0.25625 0.29609375 0.0453125 0.0875
3 0.3234375 0.30234375 0.03125 0.05625
2 0.4359375 0.2921875 0.0296875 0.0796875
8 0.671875 0.2828125 0.0359375 0.0796875
5 0.3859375 0.2328125 0.03125 0.071875
1 0.5515625 0.20234375 0.03125 0.12109375
9 0.440625 0.16875 0.025 0.05859375
7 0.48984375 0.13359375 0.0375 0.12734375
3 0.65546875 0.16015625 0.02734375 0.06015625