9 0.5677650271353346 0.7142338865897913 0.033338122455808694 0.04057110182361114
9 0.7760688500661131 0.7187719969627772 0.0442756224558087 0.04082567496187508
5 0.34932488636216025 0.6207605627859373 0.04838326831736568 0.05964841014423605
5 0.6954186363621602 0.6127051413394439 0.04525826831736559 0.05957567496187508
1 0.7734208056294657 0.608543011780416 0.06317943068726599 0.08886378466927099
3 0.294780149252459 0.5352055757037151 0.0403251068519765 0.054779072188333444
9 0.354155149252459 0.5338236072388539 0.0340751068519765 0.05463360182361114
2 0.48639443916655073 0.5197948619885067 0.03653836555840364 0.0718574694147918
9 0.5516885685197644 0.5268793569545135 0.0301688568519765 0.05454268284565984
2 0.6914061657608024 0.5361426413394439 0.050027655472495526 0.061247277735416716
3 0.2989962584792846 0.43654987015663166 0.0403251068519765 0.054779072188333444
3 0.3553248236081471 0.451665070669722 0.0356376068519765 0.05466996941479181
3 0.5450457428754524 0.44490265834128434 0.0301688568519765 0.05454268284565984
11 0.7383420414959714 0.4466612608304855 0.04644895409301455 0.06740635875746541
3 0.3668178443003619 0.3575332109623261 0.03432076831736568 0.059321101823611146
9 0.4199395222740946 0.3711586466577774 0.0340751068519765 0.05463360182361114
6 0.4780419493433161 0.36041986198850656 0.03723440637700648 0.08513871941479172
8 0.5519740943003619 0.3532236514074301 0.03682497060135788 0.07732621941479172
0 0.6069072557657511 0.3566382857161106 0.03945532564431211 0.08284952080156253
3 0.36119860809517185 0.29508776234909695 0.03432076831736568 0.059321101823611146
3 0.6039626402073475 0.28552635192052034 0.030496405472495526 0.06079268284565975
6 0.7199185108541338 0.27422321637756886 0.04274409995457144 0.0860472559839236
4 0.2966647173219975 0.1980322308139581 0.0638721494796016 0.11697060087368061
3 0.36413550033868425 0.21679910818878442 0.034402655472495436 0.06088360182361115
11 0.4145039925367682 0.2226665952710066 0.035139639868663156 0.07494610182361114
10 0.4859728787873868 0.19831925228111072 0.04360059305716639 0.11727907218833336
7 0.5439900966752111 0.20087990140743012 0.048410923789861116 0.11973192496187508
0 0.7196042503386842 0.2085254811952077 0.04533351141996071 0.09078930737069442
9 0.36842685266810493 0.14942977023288165 0.030496405472495436 0.06079268284565975
8 0.42068871551297515 0.146648955928333 0.041799075644311935 0.08290407218833336
9 0.47784279624566983 0.1476652888502427 0.02827548620519007 0.06308188145888893
9 0.6568309334007996 0.14506369966006888 0.030742066937884616 0.06548018284565975