9 0.2993940712267483 0.7153169007430071 0.03853123487468953 0.04475172787409356
10 0.36491453209733277 0.7004046842414531 0.05363406010845857 0.08997433664159918
9 0.4375798724564124 0.7053512034718754 0.03153180113146803 0.049892992142117266
6 0.5001162338927309 0.7145121877561097 0.03550622882456533 0.061793678659881834
3 0.6406776013791735 0.7101244023956369 0.03309430113146803 0.04996576674922295
2 0.710931014045156 0.7032430097154005 0.0433550902608836 0.06840755169541098
3 0.777409986917793 0.7188359305173995 0.04246930113146803 0.05040241439185813
3 0.5112532009116354 0.6150579973094036 0.02999657220870695 0.05450771753501123
3 0.6424759298343965 0.6164835643062957 0.03312157220870695 0.05465326674922295
0 0.7002338876799188 0.6098012247692124 0.04336872579950324 0.07075130169541097
3 0.31242936065075155 0.5394093722069597 0.037813617388246804 0.05565284057054054
8 0.6365617522394953 0.5396663531814252 0.036337475799503235 0.07042381596343468
6 0.3033629119786114 0.45775911186787754 0.043400542056281834 0.07622005169541098
2 0.3728759812604522 0.4578725818840882 0.043309638465485634 0.060595051695410976
3 0.43451746320827545 0.4474659288647696 0.02767100292686635 0.05752355562435252
8 0.6906947403356385 0.44690096443013017 0.035588042056281924 0.07585617865988184
7 0.7593674722834617 0.4368217971427879 0.06786018657189175 0.11875430810555195
1 0.3050703368430382 0.34849327377853634 0.053802231751431506 0.11888058664159917
9 0.373920330792914 0.368882856491194 0.033153388465485635 0.06012201674922295
9 0.554366354895215 0.3733820736119206 0.02767100292686635 0.05752355562435252
11 0.6769862434588965 0.37284488026973045 0.03791815651766246 0.07362159057054055
5 0.7379191982793566 0.37490183994685883 0.043382361338122524 0.07309505169541115
3 0.31569876463433116 0.29587769602827735 0.0316136143631847 0.06395549214211708
4 0.36410899355709236 0.2934462088485589 0.04752041549465282 0.11312073821317573
9 0.4290163760706497 0.307403855043452 0.027671002926866174 0.05752355562435252
9 0.6165027405320302 0.31379305789615486 0.02767100292686635 0.05752355562435252
9 0.6781396773003137 0.30260515487683626 0.03157725292686635 0.057705492142117176
3 0.7280987706844554 0.29790269230422367 0.03551986436318479 0.06413742865988184
5 0.4909982256031114 0.22125233932768626 0.027807358313060603 0.08096105562435252
9 0.37741699375348403 0.16441368031251163 0.026926114363184706 0.06373716832079959
0 0.4859743823171656 0.1632215155063687 0.027889171544777012 0.09502355562435252
11 0.6633044967785462 0.16913768341288354 0.03640110831306061 0.08136131596343477