10 0.6651067441791862 0.7122689857998358 0.06344743030721922 0.07293866801906326
11 0.5944495037978331 0.7260099318220762 0.03781994773041468 0.05453354139585791
0 0.4564857123280208 0.7151287532497062 0.037901793283910835 0.05687729139585791
3 0.3263716263931714 0.7275623437520595 0.039191474772256554 0.04909206493480802
1 0.5199083168671917 0.6061434910748416 0.04532491288402411 0.09058013555165925
7 0.31811020389050026 0.6253004143689106 0.06399306733052797 0.08856366801906326
9 0.26721982648583864 0.6230618043847966 0.04013641587924912 0.053793201704283436
0 0.6509102910064761 0.5295928534945874 0.040600207349061355 0.06707445170428343
2 0.4642733865599723 0.5351957913991531 0.03529514845605384 0.07166649431795716
2 0.5259896473597456 0.46689007630218915 0.03733879809323426 0.06311365462638267
9 0.46380710588993335 0.45468613109072764 0.029226197730414506 0.05438353693163087
8 0.7087351707733905 0.3722382751670987 0.04467014845605384 0.07183013555165915
9 0.635706898540872 0.3852388814977647 0.03165179328391084 0.05676819724005648
9 0.5814732663268869 0.37680481859155146 0.029198915879248943 0.05360228693163087
9 0.33406255298737564 0.3881589245151803 0.029308043283910835 0.05672728693163096
9 0.2718800115175634 0.37595497930371874 0.037983638837407165 0.05922104139585782
3 0.634786750084818 0.31411785795881436 0.029389888837406987 0.05907103693163087
3 0.45719746342432915 0.31018215462967796 0.028608638837407163 0.05905740016215581
9 0.4010293089778255 0.3135077520318902 0.029389888837406987 0.05907103693163096
8 0.6944494375636135 0.23177691640080073 0.04497024881887359 0.08042388555165925
5 0.6320858468194406 0.23677410795881432 0.0384474303072194 0.07250229139585782
3 0.5724925920101172 0.23156050243892726 0.02866320253973793 0.060619900162155814
3 0.518105192372937 0.24110882630218916 0.02718254809323426 0.06293637662320543
5 0.4599925920101173 0.23352419724335177 0.03227927586071573 0.07473694724005639
6 0.39546630054030496 0.2213611623403157 0.035786221777031633 0.08572899431795715
3 0.34921878311710974 0.2401481185088259 0.03178820253973793 0.06067444724005648
9 0.2889261238612827 0.237291899758414 0.03712054328391083 0.056863654626382674
4 0.5091443654237622 0.14120428368851537 0.040002495823648766 0.11703354139585782
3 0.46015379391688305 0.17098328693492623 0.02726439364673041 0.06528012662320544
11 0.402931570958725 0.16651002110661364 0.03548612141421188 0.07713524431795715
3 0.34148563947037924 0.17539982589515207 0.03335070253973793 0.060701720779006776
6 0.288487125042409 0.15756348944998846 0.0437624128840242 0.09055286201270882