1 0.7703125 0.271737170876165 0.084375 0.20500051779449713
11 0.43359375 0.3198324085560563 0.06484375 0.1393609303420673
8 0.35234375 0.4106430923581647 0.06484375 0.1502984303420673
6 0.44296875 0.41320040657889 0.05859375 0.15863751235728962
10 0.3484375 0.1326772598486507 0.0671875 0.18086268083635884
7 0.1671875 0.2970938814072001 0.0796875 0.21730951680591398
9 0.27421875 0.1567951921678843 0.0578125 0.10782442885919252
9 0.2609375 0.32764886163553664 0.05546875 0.11632267836490087
9 0.35546875 0.5480157583657759 0.05625 0.12260451186299796
5 0.271875 0.06365232879303186 0.0625 0.1273046575860637
3 0.59140625 0.32355829194042285 0.053125 0.1201334278706093
3 0.43046875 0.5254284925484451 0.0578125 0.11173067885919252
3 0.54453125 0.6434370518262545 0.06015625 0.12120117935348418