3 0.2953125 0.7315580992569929 0.03828125 0.04475172787409356
10 0.35546875 0.7131312768834175 0.05625 0.0869948858558109
4 0.4984375 0.7158474003332315 0.0453125 0.07632921360606985
3 0.359375 0.6254493403656528 0.03125 0.049892992142117086
3 0.559375 0.628634190656103 0.02734375 0.05205480562435234
11 0.61875 0.6235250055860805 0.0359375 0.060267565963434674
5 0.76171875 0.6113973790358945 0.046875 0.06077698821317572
9 0.49921875 0.5376860130296786 0.02734375 0.05517980562435252
9 0.55703125 0.5271808525667618 0.02734375 0.05517980562435234
3 0.62109375 0.5320095936754218 0.03125 0.052236742142117265
9 0.68125 0.5190515213018461 0.0359375 0.050111315963434676
9 0.30390625 0.45303283891791074 0.0359375 0.05558006596343468
5 0.37421875 0.4552267315981472 0.0375 0.06815284057054054
6 0.42890625 0.4589296203494421 0.0359375 0.07042381596343468
9 0.7484375 0.44014096319629437 0.0359375 0.057923815963434676
8 0.3 0.3868085254356754 0.0421875 0.07305866439185812
9 0.37421875 0.3849142315981472 0.02734375 0.05986730562435252
2 0.4921875 0.37551349876165496 0.0328125 0.07262201674922295
8 0.6171875 0.3759415301931863 0.0421875 0.06212116439185813
2 0.7421875 0.3685570616247177 0.046875 0.06858948821317572
6 0.43203125 0.2923778211352304 0.0328125 0.08355951674922295
3 0.49609375 0.3011128122438903 0.0265625 0.057487168320799586
11 0.55078125 0.29387820099518525 0.0296875 0.07325771753501123
3 0.67734375 0.3020459578196108 0.0328125 0.05777826674922304
0 0.5453125 0.21678916212005578 0.02734375 0.08642980562435251
9 0.67421875 0.22875400703382254 0.03125 0.060049242142117175
1 0.728125 0.19577453308867046 0.0578125 0.1253489104629167
7 0.38203125 0.14705035856261786 0.04296875 0.12465755169541107
3 0.5453125 0.16835166212005576 0.02421875 0.06128425641014079
9 0.6015625 0.1618255262642449 0.025 0.06366439371369373
0 0.66015625 0.15284647849777525 0.0359375 0.08917381596343472
3 0.71796875 0.16109131803485852 0.0328125 0.06402826674922299