3 0.6998798362318236 0.7320797732336409 0.04288101282028158 0.048910214672181596
8 0.6293490124105061 0.737585433243186 0.04509848428423417 0.06299089600572713
5 0.5613267584815647 0.7227604119191856 0.03873932237357547 0.06057442067154532
3 0.4361812092673529 0.7273399186028211 0.03350601282028158 0.04880112667090888
5 0.3637796703922234 0.7227166006126844 0.03873932237357547 0.06057442067154532
9 0.6359500769261986 0.6461519112428677 0.039974336641598995 0.05356135200509069
11 0.567527562658175 0.6399206399188674 0.038067234284234176 0.06290908000477255
11 0.4955626714256807 0.6259223219287305 0.03572348428423418 0.06288180800445424
9 0.5688225430134679 0.5618229119191855 0.03361517473094029 0.051144876670909056
7 0.3741842851555851 0.5328546692791389 0.05280397642635144 0.09431362133990877
9 0.2597579121200558 0.5419944066279563 0.03763058664159917 0.053534080004772555
9 0.5673927837078431 0.47516779658659464 0.029708924730940466 0.05109942333704538
3 0.44722583292205476 0.4734427592695939 0.029854473945152192 0.05422442333704538
9 0.3898863678682428 0.4639592186107754 0.029818086641599174 0.05344317333704538
0 0.32302635360021914 0.4577097659532294 0.041065955748187034 0.07699885200509052
1 0.2500618885464072 0.44840803862986534 0.06350603597964533 0.10615055000795426
6 0.7000105386702418 0.3939803365690954 0.04689857878371626 0.08487498667249974
3 0.5784266370986652 0.3891484805856401 0.0299636358558109 0.056568173337045294
3 0.5144732990093239 0.38755016526100333 0.029182385855810723 0.05655908267027261
8 0.44848442597379456 0.396126281269912 0.034597631926869356 0.07223862667090888
4 0.3977952212590649 0.3779762652769117 0.0477354867654336 0.10284373667249973
3 0.2747387109199827 0.38799724996022905 0.0377761358558109 0.05665908000477256
3 0.6427117690255345 0.31656440857736773 0.03230738585581072 0.05659544533736342
6 0.5800662198113229 0.32041666191918555 0.03532537799792799 0.08786362667090888
3 0.40435774441842876 0.3208995619430481 0.029364322373575467 0.06046533267027261
2 0.2724356563290875 0.3200921346276382 0.04876929383752824 0.07474600867281786
9 0.5828316548813455 0.2610416619191855 0.029364322373575648 0.06046533267027261
0 0.4580328620772745 0.24141150926959382 0.03152828990858687 0.09016192333704529
2 0.28544938668438036 0.24185804662636548 0.04419095574818695 0.07703521467218159
10 0.6383239836650618 0.17606667791218586 0.04760920822938637 0.11689714600572695
9 0.5715902479330854 0.18387063458786726 0.029291547766469604 0.05890283267027261
9 0.3509138748975561 0.19424670261777496 0.02780182237357547 0.06044715133672711