3 0.7566650603407548 0.6939731059203336 0.03956917737631773 0.05143581493480802
9 0.6903224773369491 0.6943764805149442 0.03768834239534584 0.04359604139585791
9 0.6274404753597828 0.6839105389569304 0.03300084239534584 0.043514220779006865
10 0.5673478923559772 0.6844230077073424 0.05425110129259423 0.0860426400158861
0 0.4863061393902276 0.6689559204514 0.03535917984777566 0.06307274431795715
5 0.4250330583635883 0.6788161156628615 0.03838867935348418 0.06078354139585791
3 0.3528715568807136 0.6705302828711458 0.03800667737631773 0.05140854139585791
3 0.29021238939022764 0.6655330913131323 0.04259867688202608 0.04914661201270878
0 0.6139098745614799 0.6009207609537534 0.04020584733826169 0.0670608149348082
9 0.5616297915576743 0.6015695973989169 0.031884011368706486 0.05442444724005639
3 0.30064587060714726 0.5767160531636855 0.0381021778706093 0.05375229139585791
9 0.7436663587441492 0.5282390117645323 0.03800667737631773 0.05140854139585791
7 0.6828416052841081 0.5107827305149442 0.06266843775644108 0.10102275771063773
9 0.5490714417479549 0.5232809561652149 0.03166117688202626 0.0489556972400564
3 0.48727443729933045 0.5011235381461516 0.02950842787060921 0.05360228693163087
9 0.3701187707974277 0.4998592727248761 0.03331917737631773 0.051326720779006865
6 0.7455697569572634 0.44083446915085844 0.04608843281352506 0.07731252232113431
1 0.6164579185162502 0.4143792889569305 0.0550787722431215 0.10635514001588611
2 0.4974041709877081 0.42401161322722947 0.037862097338261694 0.06701990462638249
9 0.7345420736494465 0.3617918514561067 0.03363751235728962 0.059139220779006865
5 0.6093829061589605 0.3557037183400795 0.03883434832684483 0.07172104139585782
8 0.5488764876798914 0.34605993709049143 0.03436968281352506 0.07710797077900686
3 0.4862637411399325 0.36136160876300266 0.029635761862998145 0.05672728693163096
11 0.3652827376798914 0.3428552962638265 0.04042868182494201 0.0725295649348082
3 0.7294606428130876 0.29456344114768124 0.03754376235728962 0.05920740462638267
2 0.6767985578321157 0.28583727759284483 0.0458974318249421 0.0726250223211344
4 0.42762888737588023 0.2635320348997408 0.04524085722409339 0.11399036201270878
3 0.31423489083592127 0.27794731655636595 0.035263679353484 0.060728994317957155
11 0.6554753616727177 0.14572079220334144 0.039057182813525236 0.07718979139585783
9 0.5467370316346616 0.15943664447681763 0.02745117935348418 0.060592626623205435
8 0.49278436068413445 0.13819684415250605 0.03303001730020547 0.08254944724005649
6 0.4346216922050653 0.1285939732113435 0.0335075197716634 0.09426819724005644