9 0.19898542038187342 0.7605778946183616 0.04462409190105419 0.04287689676606821
9 0.34099650684572014 0.7383233570791191 0.034436008402957 0.0415633802577247
6 0.4216880913324005 0.7286374185899368 0.03732092787060921 0.05496746099041942
6 0.4884935893552342 0.7344912709193575 0.03712992688202625 0.050279960990419426
3 0.4807858601154808 0.6366679245828306 0.03143834239534584 0.04452460594746519
8 0.5563442756288005 0.6381651475590377 0.04438401136870666 0.05611720318850324
3 0.6083524446021611 0.6245253714397558 0.037002592889637496 0.04715496099041942
11 0.6824756941078697 0.6229794815710926 0.04526076186299797 0.05850189676606821
9 0.2223777939175892 0.5691340230670641 0.04259867688202608 0.05056656603337366
9 0.28832112889856115 0.5578822625516144 0.039473676882026076 0.05040279172311415
3 0.5470103793928527 0.5419861883776406 0.03166117688202626 0.04999335594746519
0 0.6194583823586022 0.524156879241672 0.040827929847775654 0.06450623530067894
9 0.48378747920257226 0.46734139247065504 0.029540261368706487 0.055339275214770646
5 0.6141116491645162 0.44491975859488553 0.038484179847775656 0.06438340456798422
11 0.6773928991645162 0.4416033288121307 0.04489334733826169 0.06861720318850324
3 0.2970952455141947 0.3999469318189199 0.03500901136870649 0.055625880257724705
3 0.49200849749136105 0.38037698100526574 0.02875901136870649 0.055298331637205766
9 0.5496936634989722 0.380472156265465 0.029412927376317732 0.05221427521477064
8 0.24527276034294226 0.3325004822484612 0.051366181824942014 0.07441350180902226
7 0.30137818030488617 0.31396848824135504 0.05774085722409339 0.11606541327441153
9 0.36918776281440024 0.3143126469932108 0.031852177870609386 0.05468085594746528
3 0.42746317783342824 0.31905437867584513 0.028950012357289622 0.059985831637205854
3 0.48793776281440027 0.30808922320334964 0.029540261368706487 0.055339275214770646
5 0.5456056827763441 0.2894753420411137 0.03414684832684482 0.07273149310259504
10 0.6108632682516076 0.275920775103229 0.04970552273741298 0.11018722749876284
2 0.6712595987839554 0.2860084260531687 0.04489334733826169 0.06861720318850324
2 0.24139302665456466 0.2555252244465451 0.051334348326844824 0.07363225180902226
4 0.37131794859367495 0.22376953414834055 0.04970552273741298 0.11018722749876275
9 0.4305828606469534 0.24249187867584512 0.02901367935348418 0.061548331637205855
1 0.6158319525480076 0.19224513794809925 0.0478074417107738 0.1210018967660682
3 0.3706295404947291 0.18326736488103518 0.02979492935348409 0.061589275214770645
0 0.43574254593193656 0.15412874152071535 0.03334835228117754 0.09139960594746528