3 0.3765625 0.709375 0.0328125 0.04296875
3 0.43359375 0.7046875 0.03125 0.04296875
6 0.50546875 0.709375 0.03515625 0.05390625
11 0.43359375 0.62109375 0.03515625 0.05859375
10 0.56171875 0.6078125 0.0421875 0.08515625
9 0.62890625 0.61328125 0.02734375 0.0484375
9 0.31640625 0.546875 0.0359375 0.05078125
2 0.44296875 0.5359375 0.03515625 0.0625
3 0.49453125 0.52734375 0.02734375 0.05078125
7 0.5578125 0.51875 0.04296875 0.08515625
3 0.69296875 0.52890625 0.03515625 0.053125
6 0.7515625 0.53515625 0.05078125 0.06015625
3 0.3140625 0.446875 0.0328125 0.053125
1 0.43203125 0.4453125 0.046875 0.09765625
9 0.5640625 0.459375 0.0265625 0.053125
5 0.69375 0.453125 0.0421875 0.06484375
3 0.74375 0.459375 0.0359375 0.053125
4 0.3109375 0.36015625 0.05546875 0.1
8 0.38359375 0.36953125 0.040625 0.07109375
3 0.55390625 0.371875 0.0265625 0.05625
0 0.6171875 0.37265625 0.0328125 0.0765625
9 0.675 0.371875 0.0328125 0.05625
2 0.49921875 0.290625 0.0328125 0.071875
9 0.44375 0.225 0.0265625 0.05625
5 0.55859375 0.225 0.03125 0.07109375
3 0.6171875 0.23125 0.02734375 0.05859375
8 0.321875 0.16171875 0.03828125 0.06875
11 0.38671875 0.16328125 0.0328125 0.0765625
9 0.55625 0.16328125 0.0265625 0.0625
9 0.6109375 0.16015625 0.025 0.06015625
9 0.6703125 0.16328125 0.02734375 0.0625
0 0.728125 0.15703125 0.0421875 0.0875