0 0.62734375 0.7341328378589935 0.03828125 0.059484755983923776
3 0.496875 0.7350023939954171 0.0296875 0.04912848423243048
11 0.42421875 0.7223738010055212 0.0359375 0.06099270459715278
11 0.35859375 0.7239713621759378 0.0421875 0.05723192496187508
3 0.29140625 0.725532555755174 0.0375 0.04931032218833344
9 0.7625 0.6568098844961117 0.0421875 0.05410692496187508
5 0.62578125 0.6489402202678131 0.0375 0.06337282218833344
9 0.496875 0.6459398939954172 0.0296875 0.04912848423243048
6 0.29140625 0.627876305755174 0.046875 0.06593477773541671
0 0.75078125 0.5580996275622576 0.046875 0.07218477773541672
2 0.4296875 0.5420323375746531 0.03515625 0.06956827080156244
3 0.36640625 0.5593094501318406 0.03125 0.05463360182361114
10 0.3015625 0.5468626950978475 0.05546875 0.09504104948690965
3 0.7484375 0.4822638261754868 0.0375 0.054779072188333444
8 0.61875 0.4659640661075006 0.0421875 0.07207567496187509
9 0.43828125 0.47504485932614615 0.02734375 0.05141768284565984
9 0.3734375 0.4782231042921531 0.02734375 0.05454268284565984
3 0.734375 0.4084990178548617 0.0359375 0.05708645459715278
9 0.6171875 0.40420894851631994 0.0296875 0.05459723423243048
5 0.49375 0.395867158813056 0.03125 0.07182110182361115
3 0.55625 0.32857186246027825 0.02734375 0.05923018284565975
9 0.440625 0.32900566071291704 0.02734375 0.05688643284565975
4 0.37734375 0.30956402327010446 0.0484375 0.1120648953265972
1 0.665625 0.24283634384291722 0.053125 0.12389274810013892
2 0.42734375 0.2505715361878823 0.03515625 0.06956827080156244
7 0.3765625 0.23142083947451422 0.05078125 0.11993194671336811
9 0.71328125 0.1970705553739242 0.03515625 0.06331827080156253
3 0.6625 0.1982323586605561 0.03125 0.06322735182361114
9 0.6 0.19755890501333384 0.0265625 0.060774499050069465
3 0.49453125 0.19432284260864624 0.025 0.06308188145888893
8 0.44296875 0.17593521209968785 0.02734375 0.08266768284565976
6 0.37890625 0.17131914086128502 0.03515625 0.09456827080156253