4 0.36796875 0.70703125 0.0578125 0.08203125
5 0.5203125 0.71328125 0.0359375 0.05625
7 0.803125 0.68125 0.078125 0.0875
9 0.2984375 0.640625 0.03828125 0.05078125
3 0.3765625 0.63671875 0.03125 0.053125
3 0.5140625 0.61328125 0.02734375 0.053125
0 0.64296875 0.60546875 0.040625 0.06640625
9 0.77421875 0.61796875 0.04296875 0.053125
5 0.30390625 0.5375 0.0453125 0.06484375
3 0.37890625 0.55078125 0.03125 0.05390625
0 0.43359375 0.5328125 0.03515625 0.07109375
2 0.509375 0.5328125 0.0328125 0.07109375
6 0.3109375 0.44609375 0.0453125 0.0796875
11 0.3765625 0.4609375 0.0375 0.06640625
3 0.6265625 0.43828125 0.03125 0.05859375
3 0.434375 0.36953125 0.02734375 0.05625
8 0.5078125 0.3671875 0.03515625 0.07109375
9 0.3109375 0.30625 0.03515625 0.05859375
11 0.38359375 0.30546875 0.0359375 0.071875
3 0.44140625 0.3109375 0.0265625 0.06015625
9 0.50390625 0.29765625 0.02734375 0.05625
8 0.56171875 0.28359375 0.0328125 0.0765625
2 0.61953125 0.290625 0.0328125 0.0765625
1 0.31875 0.20234375 0.05546875 0.12109375
3 0.50390625 0.23046875 0.0265625 0.0625
9 0.55078125 0.2203125 0.025 0.06015625
10 0.67265625 0.21171875 0.0515625 0.1109375
9 0.73671875 0.21484375 0.0359375 0.06015625
9 0.3140625 0.17578125 0.0328125 0.0625
3 0.384375 0.16328125 0.02734375 0.0625
6 0.55625 0.15 0.03125 0.09375
9 0.72421875 0.1546875 0.03515625 0.06484375