3 0.2523636967189242 0.7718019996613157 0.0436880018140986 0.04517970318850324
3 0.38414941005843534 0.7578512850528517 0.0374380018140986 0.04485215456798421
8 0.46318214563046506 0.7349250401412343 0.03938244773041451 0.05587154172311415
2 0.5928969274816305 0.7289096562654649 0.03803820253973793 0.062039654567984215
7 0.7431598223094873 0.7061637957954439 0.07153274881887377 0.0832905348257091
1 0.31495048755576427 0.6589467955683013 0.07169643992586625 0.0879780348257091
3 0.4573562423650877 0.6577450644514938 0.03294147477225664 0.050075243102595125
3 0.5871429460859521 0.6313762369981596 0.02903522477225664 0.049870525214770825
2 0.7221355049789595 0.6196054980794361 0.04515129809323426 0.06475189676606821
9 0.3210243835647475 0.5639242226375227 0.04013641587924912 0.05513123530067894
6 0.3832788469042587 0.5536174864323327 0.040682052902557685 0.07075623530067894
3 0.4565080157787326 0.5662159837187992 0.03137897477225664 0.04999335594746519
4 0.5188889646902736 0.5371183039360442 0.045243067330527964 0.08971095318850324
0 0.5782094009879427 0.5324440920411136 0.03356895734906136 0.06804399310259512
9 0.2565501665970393 0.488252515265148 0.042507447730414503 0.05603531603337366
3 0.6981374658713999 0.4478909503634282 0.0370386977304145 0.05574871099041943
9 0.2595908318433162 0.4184346602221938 0.03927332032575279 0.052746541723114146
5 0.3258606725874891 0.4110482061291794 0.042943957349061354 0.06853531603337348
0 0.4413120577966991 0.3776038630720129 0.03559524881887359 0.0814071302577248
9 0.6350893396478645 0.36823110583592367 0.03321429328391083 0.057887743102595035
9 0.32057048266162286 0.326796036861874 0.03321429328391083 0.057887743102595035
11 0.5010119508104575 0.3165568204443877 0.03365080290255769 0.07038774310259503
11 0.6249306004476377 0.3014530416115724 0.03763889845605384 0.07293621099041943
6 0.6770015319359834 0.2908973219147257 0.04106399881887359 0.08169373530067894
3 0.32382940271722316 0.2632281818189199 0.03335070253973793 0.061793993102595035
8 0.3671428930985764 0.24843534147528681 0.0407911803072194 0.07388123530067894
9 0.4344668023544035 0.24882044380470747 0.029308043283910835 0.057683025214770645
9 0.6732019201404184 0.22691670906985545 0.03187004809323426 0.06405585594746528
9 0.2634796905588384 0.1936017565587207 0.03812004809323426 0.0643834045679843
5 0.3186483401960187 0.18210101255161448 0.04009177586071564 0.07618404172311406
10 0.5539856394703793 0.15254855212702195 0.04595239546082901 0.11002345318850333
3 0.6715278035355299 0.15656326549229058 0.03335070253973811 0.061793993102595035