2 0.3047150394988113 0.7019427324388026 0.04371792080199892 0.06664259933607006
9 0.5901431172490703 0.7112166967272324 0.03830267473094047 0.05099032825883114
9 0.6455390926419644 0.7124564889799061 0.038411836641599174 0.053334078258831144
3 0.7181953426419644 0.7120337872827038 0.04444351282028158 0.048682939695149585
9 0.2531397309789746 0.618671690186129 0.03763058664159917 0.05332953307929138
9 0.3897129317647629 0.6210012837666625 0.03219822394515211 0.054078966822512696
1 0.44603570637186873 0.6191115308397962 0.04480953990858687 0.09008009933607006
9 0.5236705548002922 0.6124115580653552 0.029818086641599174 0.05328408128389341
7 0.3820160558337495 0.5179490066392993 0.05792812406898662 0.10343407220870696
9 0.4574505494236087 0.5417223290443982 0.02970892473094029 0.050940331283893414
11 0.2629621488854894 0.4413188498270494 0.04617083271265772 0.06899998487468953
4 0.33189408540325405 0.43701262402754615 0.06012632485477489 0.1003227077473264
3 0.40191548697483065 0.4428535578689634 0.029854473945152015 0.054065331283893237
8 0.4531505012428543 0.4495848260193361 0.03835833271265763 0.06895453307929138
3 0.7115623147250896 0.45198662159165925 0.0401198858558109 0.05646816861791084
3 0.2828251927230177 0.36700465105671337 0.0355415477664696 0.05878464754067192
0 0.4033560165443353 0.36161719340758286 0.03674232878371626 0.08456589754067192
3 0.529554643508806 0.3686933743221338 0.0291823858558109 0.056404536104353475
6 0.29200544768541636 0.2872853347999348 0.042356627997927984 0.0877227137974506
9 0.34810989847120466 0.2900830818730685 0.03405182237357547 0.060338057181592394
10 0.4747815603818634 0.28700301278761947 0.043557409015174645 0.1135039637974506
9 0.5281420008285694 0.29840814539937266 0.029364322373575648 0.060310786104353475
3 0.7176582650965931 0.3043349167711991 0.038666547766469606 0.05880282825883123
3 0.3660465692732036 0.2235904734618121 0.030254734284234263 0.06265908128389333
6 0.41208681534426217 0.20770185304850322 0.03561647642635144 0.0939318071815923
3 0.533833382755439 0.22651950986075323 0.029364322373575648 0.060310786104353475
5 0.5950619811838624 0.21991498585664812 0.03637845574818712 0.07675339754067201
11 0.6466779851128038 0.23523545882748093 0.03939429383752824 0.07442782825883124
8 0.7147922843270156 0.23171502820751755 0.046534705748186946 0.07681248487468953
0 0.41850378928941423 0.15377287715080418 0.033944814515692555 0.09157896682251274
2 0.6600363178254616 0.16642637149346343 0.04184720574818712 0.0767852137974506
5 0.7135979654680966 0.15674229928475641 0.04184720574818712 0.0767852137974506