4 0.7870300220400891 0.31355084697704927 0.06897836135422644 0.15547005642076392
1 0.7941436353834976 0.3879150673417715 0.07169482869190809 0.18755585780753484
0 0.7165293547501326 0.6313546363959729 0.055515298018771905 0.13953593189572935
0 0.7540260706954077 0.22921156135784787 0.05234484468490823 0.1355569467133681
11 0.8475895454328135 0.7523418964639591 0.07348404801877209 0.13995415919430557
11 0.7414158880092268 0.08520698821958396 0.049792009349135566 0.11753364532659727
2 0.4459970367202247 0.4048050945085073 0.057759050684271784 0.1309967332825
2 0.5921431413510446 0.1442156994662505 0.04840223201781733 0.13234102773541673
3 0.6657806360200446 0.1631124762517367 0.040825542011454094 0.08530237357510417
3 0.6585124813414996 0.07546700588701445 0.043305652013044774 0.09707567496187504
3 0.7145117740690423 0.5250864526003826 0.04802042401336308 0.09952852773541672
3 0.7015748747214975 0.42012619566652837 0.04804769601368122 0.10187227773541671
3 0.6776272026973167 0.24149204939000057 0.04336019601368122 0.101763174961875
3 0.5183618380410435 0.31432687129399345 0.041061899347544714 0.10561487357510427
3 0.6227975360836779 0.6307350809251394 0.050473262014635624 0.10895807912218754
3 0.6531401114337682 0.7548453813619797 0.054452237348817434 0.11529899810013884
11 0.20764941534054512 0.05794370583142379 0.05435224001431749 0.10670524810013893
11 0.2625332927673135 0.7473159835668405 0.0679425726845901 0.1335768726251736
7 0.1753118193825432 0.366482251234271 0.0757192573599533 0.19780302678548622
10 0.1883925273710892 0.28243455955489594 0.07382040268936256 0.16886040919430556
6 0.16585609806649695 0.493571428096007 0.06254654801877187 0.13969958605604163
6 0.36234600600731787 0.06232534735829891 0.05203576201463571 0.10899444671336811
8 0.36635334802672603 0.20534864874506975 0.05702325401813555 0.13488479948690973
8 0.1749503820814508 0.6039095160519098 0.07270279801877186 0.13993597539871522
9 0.45778215809990447 0.7463931824644101 0.05437042134786303 0.10826774810013902
9 0.27000779606936043 0.517083622909514 0.048020424013363 0.09952852773541672
9 0.2712259454169052 0.6217711229095141 0.05747724001431749 0.10677798328249999
9 0.2805538500556793 0.41657512984336825 0.04807496801399935 0.10421602773541672
9 0.4409999067074981 0.31096417553055594 0.044105083346590315 0.09865635875746533
9 0.4321323420194082 0.15298802137024342 0.044059630012726815 0.09475010875746533
9 0.2838317493634531 0.2284211664125002 0.04415962734722658 0.10334385875746532
9 0.28508407200827235 0.06755640159486134 0.04572212734722667 0.10338022634864588