3 0.2726689579090042 0.6833755419755014 0.038063621339908774 0.05018409057054054
9 0.47582122990932235 0.6904924908992628 0.03018748667249973 0.04435146753501122
8 0.5429450952419133 0.6990905490048147 0.03890850600731781 0.05568922787409356
6 0.5978780432447768 0.6805439102535198 0.038981231341499625 0.06193922787409356
5 0.6797547519096405 0.6976458271265773 0.04362327800763595 0.05825130169541115
0 0.7439536119112313 0.6889108360179174 0.052289753341817756 0.06490156203449331
9 0.3384854092536855 0.6028019381703945 0.03337612133990877 0.04996576674922295
3 0.6652569945894581 0.6000430810555187 0.03652839334022691 0.052455065963434674
8 0.2791745912635487 0.527343865796819 0.04752952800763595 0.05843323821317572
0 0.3355700419319122 0.5174637516526298 0.0391085006763177 0.07287672787409356
11 0.4739149265993213 0.5184355543814982 0.03204997867599957 0.07020549214211727
3 0.5316456105983668 0.5281594648444149 0.027971006007317813 0.05517980562435252
5 0.6036660612667303 0.5190070967712843 0.036664753341817756 0.06417381596343467
7 0.46647569127945704 0.418816544042416 0.039508490014317485 0.10725172787409357
2 0.5851984192791388 0.42669116418246117 0.03214088534372692 0.07801799214211709
9 0.7193552432765935 0.45169978039356484 0.03581077800763595 0.057887428659881834
3 0.28267340328613855 0.36101039040392485 0.03581077800763603 0.057887428659881834
9 0.40611999395291126 0.3659783343652876 0.027971006007317813 0.05517980562435252
11 0.475760331954184 0.35984180438149826 0.03204997867599957 0.07020549214211709
4 0.6571194199554566 0.35890865880577766 0.05432496801399935 0.10559933664159918
9 0.2928938352960017 0.28879078804656 0.03585623134149962 0.061793678659881834
3 0.3562114479630926 0.2886131596343472 0.03193180000795426 0.060049242142117085
3 0.4186114506285927 0.30011789391858146 0.027217028007635945 0.057487168320799496
6 0.5313568986314562 0.28426391563020326 0.03067838267822669 0.08653896753501131
10 0.7065114399665925 0.27913342162605925 0.059012468013999356 0.10581766046291677
9 0.3576744979710468 0.23005579693790015 0.027998278007635945 0.05752355562435252
9 0.4646966573042741 0.23582210752465138 0.025727253341817757 0.06366439371369373
3 0.6437574486394103 0.23087355003827206 0.028043731341499623 0.06142980562435252
3 0.29977163864577366 0.16795174917143046 0.03197725334181776 0.06395549214211713
2 0.47349094931572805 0.15181098056018066 0.028298270011135784 0.08330480562435252
9 0.62961367998091 0.1700259412707664 0.027262481341499622 0.061393418320799586
1 0.6925500319860006 0.1354369255550007 0.04837496001749919 0.13108948821317573