9 0.6677608490521052 0.6799689545502476 0.03528683664159917 0.05369774431795715
9 0.594432510962764 0.6789070608809137 0.032161836641599176 0.053643197240056395
3 0.5340943244449994 0.6838633421305017 0.033615174730940466 0.051326720779006865
9 0.4696144474805286 0.6771826939969408 0.03205267473094029 0.051299447240056396
11 0.3848948451231638 0.6692941018697344 0.04030182237357547 0.06081081493480802
5 0.32953525703382247 0.6679185625024715 0.04577057237357547 0.06090627232113448
4 0.6670588358175389 0.5777206619365739 0.06657537799792798 0.08859094155801354
6 0.5331739873891154 0.586302549516828 0.038848484284234354 0.0631272913958579
2 0.32928700806727984 0.5726878831193225 0.04549874462331651 0.07183013555165907
10 0.2635164588530681 0.5769583717552368 0.06704841294411609 0.09874719155801355
0 0.2016157723353035 0.5819419265437752 0.05465542080199892 0.06730627678536116
3 0.6047086931373025 0.5085536505724881 0.03376072394515202 0.05445172077900686
5 0.5379043368509961 0.4847400495168279 0.03612374462331651 0.07166649431795716
3 0.34030159077993755 0.5038015154245707 0.0337607239451521 0.05445172077900686
11 0.6614189195636538 0.4138899870176518 0.043827082712657804 0.06945911201270878
0 0.47402808147431263 0.4148190616916926 0.03507066687305756 0.08257672077900687
8 0.41152808147431263 0.4159100032497062 0.03950345574818694 0.07718979139585791
3 0.220721144956548 0.42314362500164765 0.0409011358558109 0.05691820170428326
8 0.6083346149727586 0.346903084419864 0.04137417080199892 0.06707445170428325
3 0.4841886395798645 0.34750883076641603 0.030072797766469605 0.05907103693163096
7 0.4174570579006641 0.32213272971075585 0.04860878205070396 0.1218437723211343
3 0.3595161253118409 0.3426594638824432 0.030072797766469605 0.05907103693163087
1 0.29981579363264044 0.31716063190150645 0.05385920822938637 0.11725172970746059
9 0.6626454334173928 0.27023544440397795 0.0355415477664696 0.059166494317957154
2 0.5986920953280516 0.2690099095009419 0.034961504962398846 0.08023297077900678
9 0.48820835959607517 0.2779639439969409 0.029291547766469604 0.05905740016215581
6 0.2409352533097689 0.25730043669004493 0.04637203990858678 0.09058013555165915
9 0.6030393010762385 0.19243377273146672 0.03270764619489306 0.06536194724005648
3 0.5462798788264975 0.20435312013367896 0.029473484284234353 0.06296365016215581
3 0.6085658631107318 0.14081672565356604 0.030254734284234176 0.06297728693163096
9 0.49937279962849646 0.13881962338008985 0.029582646194893057 0.06530740016215582
9 0.32190277109244925 0.1278663068204286 0.03427014619489306 0.06538922077900677