9 0.3040270290722707 0.6869509805215348 0.03312157220870695 0.05369774431795715
9 0.37745089353365124 0.6833253741908687 0.02999657220870695 0.053643197240056395
3 0.4376298694313503 0.6861815929412807 0.03154543667008767 0.051326720779006865
9 0.5024281676359521 0.6772372410748415 0.029982936670087668 0.051299447240056396
11 0.5875298754814745 0.666375833202048 0.03784997882456533 0.0608108149348082
5 0.642984989942855 0.663063872569311 0.04331872882456515 0.060906272321134304
4 0.30890036055255565 0.5845117731352085 0.06300906010845857 0.08859094155801372
6 0.44253047198887413 0.5884298855549546 0.0363011143631848 0.0631272913958579
2 0.6471179780389983 0.5676695519524599 0.04260111133812252 0.07183013555165907
10 0.7127611587571575 0.5696490633165456 0.06306814744247617 0.09874719155801373
0 0.7745026346548567 0.5724780085280072 0.0519488402608836 0.06730627678536116
3 0.3741162943939729 0.5130537844992943 0.03156361738824689 0.05445172077900686
5 0.441939598648699 0.48686738555495446 0.03322611133812252 0.07166649431795716
3 0.6389055022394953 0.49905591964721163 0.031563617388246715 0.05445172077900686
11 0.3212271228491958 0.42021744805413064 0.04102497579950324 0.06945911201270878
0 0.5087134873105764 0.41460087338008983 0.03172724385167989 0.08257672077900687
8 0.5712134873105764 0.4135099318220762 0.03638292759490121 0.07718979139585791
3 0.7618612132082754 0.4140888100701348 0.03860850292686635 0.05691820170428343
8 0.3770816922292325 0.3512668506519184 0.038667590260883775 0.06707445170428335
3 0.5012913518701528 0.34753610430536636 0.027684638465485634 0.05907103693163096
7 0.5691055657657993 0.31978720536102656 0.04367325282867043 0.1218437723211343
3 0.6262504452542945 0.3383229711893392 0.027684638465485634 0.05907103693163096
1 0.687033409149941 0.31069680317027587 0.04911473175143151 0.11725172970746059
9 0.325859559813871 0.2763719906678045 0.033153388465485635 0.059166494317957154
2 0.3899084242752516 0.27291002557084054 0.03171360831306051 0.08023297077900686
9 0.5001055808911099 0.27801849107484156 0.026903388465485633 0.05905740016215581
6 0.7483976351458359 0.2486819983817375 0.04271019564707803 0.09058013555165925
9 0.3886817466803503 0.1963611623403157 0.030064749901804078 0.06536194724005648
3 0.4449953791939077 0.20631681493810344 0.026926114363184796 0.06296365016215581
3 0.3852567648307229 0.14485320941821636 0.027707364363184706 0.06297728693163096
9 0.4946090389330239 0.13903781169169255 0.02693974990180408 0.06530740016215582
9 0.6726522257013073 0.12186612825135382 0.03162724990180408 0.06538922077900682