7 0.314801499830364 0.6323123744919735 0.05841518992586625 0.08728199400710608
1 0.3830058628070554 0.6443343396662645 0.045478680307219396 0.0741268967660682
9 0.43944683576521343 0.6359176520815935 0.03146082032575279 0.05233710594746519
5 0.5849503087233714 0.6228333966545265 0.040163697730414505 0.05591248530067894
4 0.6555083453838602 0.6121172246736878 0.06137649881887377 0.08275826831736559
11 0.2555381164352525 0.5652344171195989 0.04892113883740716 0.061050364653892686
3 0.3822370256910796 0.5546953075540889 0.033023320325752795 0.052418993102595124
3 0.332594178956457 0.4800947772509355 0.0331324477304145 0.05554399310259513
9 0.38311253412860014 0.46263063828678347 0.03156994773041451 0.05546210594746519
3 0.4461482474681112 0.46634545850402853 0.029198915879248943 0.05455802521477064
9 0.5102107474681112 0.4629880851437088 0.028417665879248943 0.05451708163720568
5 0.5773709656169459 0.46024818747312946 0.03742064364673041 0.06668621099041942
3 0.6482191789564571 0.4635535719147256 0.034694947730414684 0.055625880257724705
6 0.7109374337657804 0.45402808570953557 0.04935764845605384 0.07355036465389268
2 0.5177082781381503 0.38227367367831955 0.03725695253973811 0.061998710990419426
2 0.579017800370669 0.39075788105069426 0.04054564364673059 0.06684998530067894
6 0.33854162251052033 0.3097822772509356 0.03872024881887359 0.0815709045679843
3 0.46520332623138455 0.3226397241078608 0.028526793283910834 0.057642081637205765
11 0.5233704902965352 0.30945364936805997 0.03365080290255769 0.07038774310259503
9 0.5788392402965352 0.3065466553609538 0.029389888837406987 0.06002677521477064
9 0.34050591579443107 0.2535322772509356 0.03329613883740716 0.060231493102595034
3 0.40524053838976937 0.2532589603130509 0.028608638837407163 0.059985831637205764
9 0.52043895245492 0.23708400441101413 0.028444947730414505 0.055298331637205766
9 0.6994270480084163 0.22536417514865753 0.029389888837406987 0.06002677521477064
0 0.40347219646447013 0.16991087177844016 0.03438741288402412 0.09148149310259504
8 0.460367037208643 0.1708282406162042 0.03365080290255769 0.07038774310259503
9 0.5227306279528159 0.1714590044110141 0.02874504809323426 0.06389208163720576
8 0.5790079098039813 0.16772981682634308 0.03540427586071573 0.07593838025772479
0 0.41234125417635126 0.09458332315792113 0.03296132213985139 0.09530585594746528
3 0.5202256760460501 0.10920466587640339 0.02718254809323426 0.063810194482076
10 0.5766220089856746 0.07973517186929717 0.040084341377145095 0.1206334045679843
3 0.6296825215995463 0.10112881501732077 0.02952629809323426 0.06393302521477065