3 0.71640625 0.73828125 0.03828125 0.04296875
9 0.584375 0.72578125 0.0328125 0.04296875
5 0.5078125 0.721875 0.0328125 0.05390625
3 0.31875 0.7234375 0.0359375 0.04296875
3 0.24375 0.73046875 0.040625 0.04296875
3 0.71953125 0.64453125 0.0375 0.0484375
9 0.525 0.6453125 0.02734375 0.05078125
8 0.3234375 0.628125 0.0453125 0.05859375
1 0.71015625 0.5421875 0.05546875 0.09375
3 0.45703125 0.54453125 0.02734375 0.05078125
11 0.39765625 0.54296875 0.0359375 0.0625
0 0.2640625 0.5453125 0.04296875 0.06640625
3 0.70859375 0.471875 0.03515625 0.05390625
5 0.65390625 0.465625 0.03828125 0.06640625
9 0.5171875 0.47265625 0.02734375 0.05625
11 0.453125 0.46796875 0.03125 0.06640625
6 0.3875 0.4578125 0.0328125 0.07421875
4 0.26953125 0.43828125 0.0625 0.09765625
8 0.71484375 0.3890625 0.0453125 0.06640625
7 0.64296875 0.3890625 0.05078125 0.1109375
3 0.57734375 0.403125 0.02734375 0.05625
6 0.40078125 0.3859375 0.03515625 0.07421875
9 0.284375 0.38984375 0.0328125 0.05390625
3 0.640625 0.325 0.03125 0.05859375
2 0.58359375 0.321875 0.03515625 0.07109375
9 0.33984375 0.31328125 0.0328125 0.05859375
2 0.275 0.30859375 0.0421875 0.07421875
10 0.640625 0.2390625 0.05078125 0.103125
9 0.58984375 0.2578125 0.02734375 0.05390625
9 0.525 0.24765625 0.0265625 0.0625
0 0.46953125 0.2328125 0.02734375 0.08515625
9 0.6984375 0.18828125 0.03125 0.05859375