9 0.7546875 0.72890625 0.04296875 0.03984375
3 0.3375 0.603125 0.0359375 0.0484375
0 0.48125 0.60625 0.03515625 0.05859375
3 0.5390625 0.61796875 0.0296875 0.0484375
9 0.61328125 0.6265625 0.0296875 0.05078125
9 0.74140625 0.625 0.0359375 0.0484375
7 0.284375 0.49921875 0.0640625 0.1
11 0.35078125 0.5265625 0.03828125 0.0625
4 0.41015625 0.5140625 0.05078125 0.08984375
9 0.5390625 0.53359375 0.0296875 0.0484375
9 0.6125 0.540625 0.0328125 0.0484375
2 0.6859375 0.54453125 0.05078125 0.06015625
9 0.36015625 0.4390625 0.02734375 0.05625
3 0.5453125 0.4546875 0.02734375 0.05390625
2 0.3640625 0.36171875 0.03125 0.07421875
8 0.4171875 0.36640625 0.0359375 0.06015625
5 0.4890625 0.35546875 0.03125 0.071875
0 0.6109375 0.35703125 0.03515625 0.0796875
3 0.74140625 0.38125 0.0359375 0.05625
3 0.31171875 0.284375 0.0328125 0.05859375
9 0.3734375 0.2890625 0.03125 0.05859375
1 0.425 0.2765625 0.0421875 0.10546875
6 0.49375 0.28046875 0.03125 0.08515625
3 0.61015625 0.29140625 0.02734375 0.05859375
9 0.73203125 0.30859375 0.03125 0.05859375
3 0.38046875 0.2125 0.0296875 0.06015625
10 0.61796875 0.196875 0.0484375 0.11875
11 0.665625 0.21484375 0.03828125 0.07421875
5 0.7296875 0.228125 0.040625 0.071875
8 0.61171875 0.15625 0.0359375 0.08203125
6 0.67421875 0.146875 0.0359375 0.09609375
3 0.71953125 0.15859375 0.03515625 0.0625