9 0.7207381457851175 0.7025519817741965 0.04482450248119925 0.0413442518140986
3 0.309409001657139 0.5913392402965352 0.038193512820281585 0.04969246515360979
0 0.45301345244292734 0.5894443796820964 0.03788529776646961 0.0598214333024444
3 0.5102801428896334 0.5991442726958548 0.031943512820281586 0.04947421034428636
9 0.5840986325505512 0.6051462468351391 0.032052674730940464 0.05181796034428636
9 0.712296407157657 0.5991095232440089 0.038193512820281585 0.04969246515360961
7 0.26112351302967857 0.4892881561757843 0.0687200748547749 0.10223711179556502
11 0.326256207405326 0.5143129488267228 0.04119223428423435 0.06383681070710594
4 0.3862134042621729 0.49973952813815037 0.05496578990858678 0.0916170703257528
9 0.5142099716733497 0.5147692726958548 0.031943512820281586 0.04947421034428636
9 0.5873199859413734 0.5192360286863045 0.03506851282028158 0.049583337748947895
2 0.6605755494236087 0.5205777846767543 0.05358307237357547 0.06192957032575279
9 0.33970658540325405 0.42648556661273773 0.0299636358558109 0.05720486479079003
3 0.5241350893321955 0.43564476788653134 0.029854473945152192 0.05486111479078985
2 0.347215178454994 0.3490054073569106 0.03470679383752824 0.07531002404661713
8 0.4001218546336764 0.3518377414776615 0.03873932237357565 0.0614112151536097
5 0.47250627688341745 0.33839031117044216 0.034597631926869356 0.07296627404661712
0 0.5943085022763116 0.3356968423886354 0.03886775496239867 0.08091518330244422
3 0.7236492458661707 0.3553595232440089 0.0385573858558109 0.0575049651536097
3 0.29847377150673393 0.27348954138499426 0.03554154776646969 0.059739587748947984
9 0.3599741976854164 0.2760217751429255 0.03397904776646961 0.05968502404661713
1 0.41211889454226325 0.2617211729660072 0.04709978597964533 0.10694196996293312
6 0.4806869580244986 0.26322662006344955 0.035216216087269284 0.08624752404661713
3 0.5965837857747577 0.2700991242398008 0.030072797766469605 0.05954861479078995
9 0.7176582650965931 0.28303065545799405 0.03397904776646961 0.05968502404661713
3 0.3705714034336034 0.19921373848243662 0.03248932237357547 0.06119296034428627
10 0.608799149504662 0.17529505572814652 0.053968370140045255 0.12044147477225656
11 0.6556184915229446 0.19159961280705542 0.04173804383752824 0.07555556070710598
5 0.7190624073625449 0.20264375101149032 0.04397263192686936 0.07329365626060227
8 0.6044412892894142 0.13488831053746994 0.039758166873057374 0.0832862151536097
6 0.6673779369320494 0.12333076244423571 0.040413138337010324 0.0973487151536097
3 0.7121446273787555 0.1334671650766409 0.038067234284234176 0.06372768330244427