9 0.22109375 0.7061182824508598 0.04296875 0.045220646766068205
9 0.2921875 0.7043753980092635 0.0359375 0.05266465456798421
9 0.35703125 0.7179299649471483 0.0359375 0.04485215456798421
10 0.50625 0.6960626882620395 0.0453125 0.08674972749876275
8 0.6390625 0.7186480964480685 0.04296875 0.06475189676606821
6 0.696875 0.7130841711878693 0.04296875 0.06240814676606821
9 0.22578125 0.6251139439162492 0.03828125 0.05044373530067894
3 0.428125 0.6122808305055519 0.0296875 0.05233710594746519
2 0.30703125 0.5176533259829963 0.046875 0.07355036465389268
7 0.4296875 0.5233002176606817 0.0515625 0.10504602611928178
3 0.5640625 0.5397175130018403 0.02734375 0.05533927521477082
3 0.62109375 0.5403626441640764 0.03125 0.05554399310259513
4 0.23046875 0.43082835538163844 0.0671875 0.10586489767057934
9 0.30859375 0.45992271313812605 0.03125 0.057887743102595125
1 0.36875 0.4372941186106214 0.05546875 0.09900074400710608
9 0.61875 0.4558648134313817 0.03125 0.05476274310259512
3 0.68125 0.4669527996365718 0.03515625 0.05574871099041943
5 0.3140625 0.3695843181810802 0.040625 0.07400406603337358
11 0.434375 0.372764629126071 0.0328125 0.0728133802577248
9 0.49453125 0.3852922845985665 0.02734375 0.061589275214770645
0 0.553125 0.36883180291593215 0.0296875 0.08593085594746527
3 0.62421875 0.3889639184743359 0.02734375 0.06002677521477064
2 0.2484375 0.29583255766563055 0.05078125 0.07375508254171699
3 0.4890625 0.30531817955561236 0.0265625 0.061548331637205855
3 0.671875 0.3070864767057933 0.03125 0.060231493102595034
11 0.3765625 0.22676605438627023 0.0328125 0.07828213025772479
9 0.4359375 0.23769026628120077 0.0265625 0.06623583163720577
3 0.55625 0.23227682722619164 0.0265625 0.061548331637205765
5 0.60625 0.23958471619034372 0.03515625 0.07606121099041943
0 0.384375 0.14983174016191897 0.0328125 0.0931258802577248
8 0.54453125 0.1644751735627185 0.03125 0.08132524310259504
6 0.60546875 0.15048127261277883 0.0328125 0.09937588025772479