11 0.6665044100531412 0.7237053177807725 0.047786836641599176 0.05391593262955983
1 0.32629678701761183 0.7374498125024715 0.05458264619489306 0.06574377678536117
3 0.528465062658175 0.6371247098252535 0.029599762820281584 0.04891478693163087
2 0.46234991108659845 0.6320338352306429 0.03795807237357547 0.060769904626382674
3 0.33778440467645765 0.6584071948077197 0.033360463606069854 0.045857970779006864
8 0.278465062658175 0.6414884760573079 0.04978598428423435 0.06331820616851011
3 0.7283067049241266 0.5532331306869859 0.04064642473094047 0.05144945170428343
3 0.664879905709915 0.5574627090144746 0.03763058664159917 0.05373865462638268
11 0.5265258811028091 0.5614389172115797 0.035614322373575466 0.060728994317957155
9 0.46449891604899723 0.5523736087695932 0.029454213606069857 0.04578978693163087
4 0.40241629301346793 0.5612634135581317 0.04927871608726928 0.08594718262955983
3 0.7208987733687608 0.4776427954596382 0.038411836641599174 0.05375229139585791
3 0.5902309702256077 0.4674337727314667 0.032161836641599176 0.053643197240056395
6 0.5311834559575839 0.46143891721157965 0.03616013192686936 0.07244774431795716
9 0.4085079352794196 0.48075375324970615 0.029854473945152192 0.05438353693163087
10 0.3543662448327135 0.46998957711296807 0.0498609129441161 0.09844718262955983
2 0.7220674751880064 0.38550984253753884 0.049967920801998925 0.06722445616851021
7 0.5423435878844535 0.38942754951682795 0.051787285979645326 0.10628695616851021
6 0.47958887675958295 0.39598724107484157 0.03496150496239867 0.08023297077900686
5 0.41657945450984196 0.4080156826328551 0.034342920801998925 0.06695172077900687
9 0.354043067206289 0.40988787419086875 0.029854473945152105 0.054383536931631046
3 0.7090816317219817 0.3123587146965174 0.0355415477664696 0.059166494317957154
9 0.5997066317219817 0.3142678624230412 0.03241654776646961 0.059111947240056396
9 0.6577588802742396 0.25783090179030416 0.03241654776646961 0.059111947240056396
8 0.4293256652204277 0.25167022524652893 0.034815955748186946 0.07710797077900677
0 0.7064746701828264 0.16720985593021948 0.04168453990858687 0.09049831493480816
9 0.6428102764691326 0.19330079748823306 0.029291547766469604 0.05905740016215577
0 0.6024956455757206 0.17058604627041704 0.03688787799792799 0.08807274431795716
3 0.5429922129868974 0.19114005398105482 0.027801822373575646 0.060592626623205435
9 0.48488861455847393 0.19839917492221743 0.027910984284234174 0.06293637662320543
9 0.42707611455847394 0.19940829586337996 0.027910984284234174 0.06293637662320543
5 0.3093984629868973 0.19521744805413063 0.03861304383752824 0.07483240462638263