11 0.21137772426135357 0.7208584424256241 0.05281718189572917 0.05420623184962743
3 0.3492225631671869 0.7404129392041703 0.03693760875746532 0.04317782825883114
11 0.2110160079806939 0.6356885568870048 0.049892203647222286 0.06278180113146803
6 0.28905008900274254 0.6400493248409858 0.04682175503399311 0.06510737041330898
2 0.34431881725124946 0.6489657825883121 0.042079703647222286 0.06273634933607006
9 0.48352678761597173 0.643524824546398 0.03086944671336802 0.0509539668225127
3 0.29879007133531205 0.5572822766363837 0.038736498100138926 0.053343168617910844
0 0.36067247549562453 0.5506100958200287 0.0375376740119445 0.06895907825883114
6 0.4933940565176732 0.5552890263417961 0.03446722539871523 0.0712846475406721
8 0.6158866523573606 0.5630338695295461 0.039045622625173595 0.06662441861791084
3 0.6784230199485413 0.5618349838927308 0.038736498100139016 0.053343168617910844
3 0.29526698746347185 0.4736567103796051 0.03641093189572917 0.05411078307929138
4 0.5555868916237843 0.4681390051663614 0.049147974448784736 0.09792896077238851
5 0.23956380775194414 0.3826953670936592 0.04696722539871541 0.07135737041330899
3 0.3042802711828122 0.3885413669954634 0.03646548328250008 0.05645453307929138
5 0.3628012860004511 0.392007255460949 0.0391001740119445 0.06896816861791084
0 0.4901632197960414 0.39196686972593786 0.03472179853697917 0.08222214754067192
3 0.557187065635729 0.39938900516636144 0.02865298328249999 0.056409081283893235
9 0.617488786000451 0.3934889839909267 0.028707534669270986 0.058752831283893324
8 0.6877831022048608 0.3946793001495095 0.04469621058107638 0.07446873487468952
9 0.25424521001239553 0.32261638514583596 0.03890015226045147 0.06037441861791084
7 0.30951459147128446 0.2979345477136226 0.058287238316493094 0.12141645774732641
3 0.43389634242121494 0.325224276439992 0.028707534669270986 0.058752831283893324
9 0.5011929451947567 0.32092766188041555 0.027926284669270808 0.058748286104353474
9 0.31830901643315956 0.25579249950902067 0.03412173328249999 0.05644089754067192
9 0.38555106781993037 0.2538396349494442 0.02865298328249999 0.056409081283893325
9 0.5505402881846526 0.24854866783234392 0.028017203647222287 0.06265453610435348
2 0.6784107150463887 0.26023157727687257 0.04373312262517359 0.06665168969514967
10 0.26057121124666655 0.15153627068445538 0.0604491503605904 0.11361759328594583
1 0.44314732190399286 0.1627560926967707 0.045151458681215395 0.12758918969514968
3 0.5670023959921874 0.17910377624360027 0.028017203647222287 0.06265453610435352
9 0.6768495214671526 0.19302589655871333 0.031196755033993107 0.06501646682251275