11 0.24068446468663157 0.722185724697635 0.05250343709378669 0.05450623400699968
3 0.37929299715403564 0.7425447727164067 0.0366875223211343 0.04338692067154533
11 0.236854306813838 0.6370022026973168 0.049528441558013545 0.06306362133990895
6 0.3150474906612139 0.641817519374589 0.04644435186643907 0.06537100867281787
2 0.3706662451254408 0.6510567067154522 0.041715941558013545 0.0629727146721816
9 0.5096196509696395 0.6464248454009969 0.030573890015886108 0.05112669533736351
3 0.3214144930968459 0.5590959260423162 0.03842730032431163 0.05356135200509051
0 0.38301051217156934 0.5527828387173613 0.03713753571381506 0.06916817067154532
6 0.5158911960189452 0.558234502068724 0.034053446022240405 0.07147555800445424
8 0.6386701769442217 0.5666929867520415 0.038659125405389363 0.06684260200509069
3 0.7011429034052714 0.5658577400938594 0.03842730032431163 0.05356135200509051
3 0.31448660876300266 0.47543854137490715 0.03609718709378669 0.05431533000477238
4 0.5745201278377261 0.47143448341022365 0.04857959618439622 0.0982016900063634
5 0.255092243503883 0.38414083203372573 0.04655344602224041 0.07162100867281787
3 0.3200314508902092 0.39036410737586164 0.03613809740221221 0.05665908000477256
5 0.3786797479681098 0.3941709073838158 0.03870003571381497 0.06918635200509068
0 0.5060098611986346 0.3948714360677696 0.03424436079489297 0.08241305800445434
3 0.5733200921239112 0.4026844834102238 0.02832559740221221 0.056568173337045204
9 0.6333672479681098 0.39713446475172337 0.028366507710637735 0.0589119233370452
8 0.703693384737585 0.3987338747612684 0.04426424310014117 0.07471873667249973
9 0.2673234622542949 0.324139123368862 0.03855003124958811 0.06059260200509069
7 0.3215745856310894 0.2997754700429526 0.05758244926865137 0.12173918734086335
3 0.44703823579324525 0.3277924767265882 0.028366507710637735 0.05891192333704529
9 0.5141439151763942 0.32388677406904226 0.027585257710637735 0.05890283267027261
9 0.32865070007943026 0.2576788767106798 0.03379434740221221 0.05663180800445442
9 0.39579728977100476 0.2561169240531339 0.02832559740221221 0.056568173337045294
9 0.5605319456152034 0.2517850547421784 0.027653441558013726 0.0628090826702726
2 0.6888478603878557 0.26421342409290477 0.04334662540538936 0.06689714600572697
10 0.2666807597392326 0.15307264536918017 0.05978983157389965 0.11395395934118144
1 0.4496705377424098 0.1653561113939972 0.044410293424452615 0.12783464600572705
3 0.5741620231319132 0.18242652741086007 0.027653441558013726 0.06280908267027252
9 0.6845500982129911 0.19698956142581392 0.03081935186643925 0.06518919533736342