9 0.7546714788198239 0.6982980700986319 0.043938342395345845 0.04345964600572696
9 0.6276314763483659 0.6851066320814508 0.03690709239534584 0.043377830004772376
5 0.49091272634836597 0.6835157653962243 0.03735276136870667 0.05431533000477238
9 0.3472900603407547 0.6849680827100435 0.03993659190105418 0.04107044267186346
3 0.6819104580595772 0.5990605914226321 0.037911176882026075 0.04885567067154532
10 0.6184872866147584 0.5756770880808144 0.05893860129259423 0.08580168734086335
9 0.5425614565767024 0.5904112027370877 0.03185217787060921 0.05347044533736352
9 0.4135597060824108 0.5865674927195885 0.03497717787060939 0.053506808004454245
9 0.35574720608241084 0.585894783378407 0.03478617688202608 0.04881930800445424
5 0.6728126892764968 0.5099344567552232 0.04317167984777566 0.0629727146721816
3 0.6063427722803024 0.5075992500795418 0.031884011368706486 0.054251695337363515
4 0.544832269314553 0.4928276780712695 0.0460075197716634 0.09424089600572713
2 0.7366576719762913 0.42868500409767735 0.0498036818249421 0.07242044000636341
3 0.6714637534972222 0.41933672875554134 0.03500901136870649 0.05428805800445442
2 0.6133965855124446 0.41241401941435984 0.04020584733826169 0.06684260200509069
8 0.4749880015200558 0.40767997139558804 0.03795759783255317 0.06915908000477256
7 0.41344566505620917 0.3921271493873157 0.054951438250732565 0.10293464334022699
3 0.361897752508639 0.4110493247135433 0.03735276136870649 0.05431533000477255
3 0.725103406653252 0.35592875676317737 0.03744826186299797 0.05665908000477256
3 0.6639749056646689 0.35053218475490505 0.03354201186299814 0.05661362667090888
1 0.5983989852084335 0.3318089094127691 0.049482688250732564 0.10287100867281787
0 0.5364719881741828 0.3451441560709513 0.034592517300205475 0.08239487667090888
6 0.4804620687065306 0.331217468730088 0.03468801779449713 0.08473862667090888
11 0.4239401546760858 0.3430538500556793 0.03883434832684483 0.07151192067154515
0 0.36086715171033623 0.3282640967138615 0.03928001730020547 0.08244942067154523
8 0.41844488836446336 0.26568282805536103 0.038403266805913994 0.08009658000477256
11 0.3586242193911026 0.2540544373806342 0.041209931824942016 0.07232044267186347
3 0.6026487920147849 0.20613674741404173 0.02989042984777566 0.06281817333704529
6 0.35684420209089707 0.1720413687141796 0.03959835228117754 0.09026192067154523
3 0.7118699417107738 0.12697705342931376 0.035454680342067134 0.06522555800445433
9 0.5853392752088709 0.12628561541213273 0.02926834733826169 0.06671533267027256
9 0.3549341922050654 0.12516636871417963 0.03363751235728962 0.058957376670908876