8 0.742993642002268 0.676061110356164 0.04897570253973793 0.060428960772388504
11 0.678340864960426 0.6811526104543597 0.044151793283910834 0.056495439695149585
3 0.27993064681159147 0.6796158188890573 0.0421255018140986 0.043205099336070064
6 0.7413368835647475 0.5838827007152435 0.05048363883740699 0.05887555113146803
5 0.6007118835647475 0.583064568398078 0.037983638837406984 0.05880282825883114
3 0.4708706161415524 0.6002742734149299 0.02911707032575279 0.050940331283893414
9 0.2837972020764018 0.5890317255049157 0.03771082032575279 0.05099032825883114
9 0.6618105854715133 0.5209327279408026 0.03154266587924894 0.0532977168225127
9 0.5959946125133553 0.5150821828594585 0.033105165879249124 0.0533068071815924
3 0.4699678258528664 0.5073191589535494 0.029198915879248943 0.05328408128389341
6 0.28969004881102445 0.5117379724798535 0.044588302902557685 0.06899543969514958
10 0.7217361677781657 0.425207137483527 0.06607392250267097 0.10270736436318462
9 0.6507788270339928 0.42869977614540444 0.03321429328391083 0.056431807181592394
3 0.5907317044386545 0.4314747973208391 0.028444947730414505 0.05406078610435365
4 0.4141319989036917 0.4070146319243822 0.05028523139567849 0.09792896077238851
9 0.3481449003549705 0.44099874648395854 0.033023320325752795 0.0509630571815924
2 0.7065079826616228 0.3470094146108901 0.04545139845605384 0.07134373487468952
3 0.5944444922802697 0.35885490875715764 0.029308043283910835 0.056409081283893235
9 0.5303819922802697 0.3584822040348933 0.028526793283910834 0.056404536104353475
11 0.3596057008104574 0.344210104895215 0.038338302902557686 0.06895907825883123
5 0.7070957705032381 0.27437134532904933 0.04009177586071573 0.07443691861791084
9 0.5873834712288775 0.29085888767991874 0.029308043283910835 0.056409081283893325
1 0.4708581701404183 0.26440495110802703 0.042318963972483206 0.1158477137974506
3 0.2943055938242157 0.2860294453524904 0.03485863883740707 0.05878464754067192
3 0.6990724501774853 0.22355373389273084 0.03329613883740699 0.0587755571815924
8 0.4653150090704926 0.21750722521032798 0.03365080290255769 0.06893180718159239
0 0.417167685749515 0.20316746925839965 0.03419643992586607 0.08455680718159231
2 0.3527331635169964 0.21450896935659552 0.03872024881887368 0.07989657825883115
9 0.30130707277282354 0.2181152375069681 0.03499504809323426 0.06269089754067192
3 0.524042679126093 0.15458049921443306 0.02718254809323426 0.06264544574527386
0 0.46945438284695734 0.13473563182618625 0.03053572658635506 0.09156533128389333
7 0.35266618693064133 0.12312090007475476 0.04725200063297219 0.12290623487468948