1 0.325 0.746875 0.05859375 0.07109375
3 0.4703125 0.74609375 0.03125 0.05078125
9 0.59921875 0.74296875 0.03515625 0.0484375
8 0.684375 0.73984375 0.0515625 0.05625
5 0.74296875 0.73828125 0.0484375 0.05859375
11 0.2546875 0.65390625 0.0484375 0.0625
7 0.31953125 0.640625 0.0578125 0.09375
9 0.459375 0.66015625 0.0296875 0.05078125
3 0.60546875 0.65234375 0.0328125 0.05078125
10 0.66953125 0.62578125 0.05546875 0.09765625
9 0.73828125 0.6390625 0.03828125 0.0484375
11 0.3296875 0.56875 0.04296875 0.06640625
9 0.403125 0.57734375 0.0328125 0.05390625
3 0.471875 0.55625 0.0296875 0.05390625
0 0.525 0.55234375 0.03515625 0.07109375
3 0.4046875 0.49453125 0.0296875 0.05625
8 0.51875 0.46875 0.0328125 0.071875
9 0.58359375 0.46953125 0.02734375 0.05859375
3 0.6453125 0.46796875 0.03125 0.05625
5 0.2734375 0.4078125 0.0421875 0.07109375
9 0.33203125 0.40703125 0.03515625 0.05859375
4 0.39375 0.39453125 0.046875 0.10546875
9 0.2828125 0.3328125 0.03125 0.06015625
2 0.52265625 0.32421875 0.03125 0.0765625
9 0.6984375 0.328125 0.03125 0.06015625
6 0.334375 0.2515625 0.03828125 0.08984375
3 0.396875 0.2703125 0.0296875 0.06015625
2 0.45234375 0.2640625 0.03515625 0.06640625
3 0.58046875 0.26171875 0.0265625 0.0625
0 0.3359375 0.1859375 0.0375 0.09375
3 0.4625 0.19453125 0.025 0.0625
6 0.63359375 0.1703125 0.03125 0.09609375