1 0.325 0.7487657946885605 0.05859375 0.07143463846548563
3 0.4703125 0.748829948082965 0.03125 0.0509630571815924
9 0.59921875 0.7464549027070334 0.03515625 0.04864203307929138
8 0.684375 0.7438253272768727 0.0515625 0.05654998184962743
5 0.74296875 0.7426037157423583 0.0484375 0.05887555113146803
11 0.2546875 0.6553879785299778 0.0484375 0.06278180113146803
7 0.31953125 0.6424839784317818 0.0578125 0.09408634328594587
9 0.459375 0.6628288155694075 0.0296875 0.0509539668225127
3 0.60546875 0.6558662641433519 0.0328125 0.05097214754067192
10 0.66953125 0.6296764688656162 0.05546875 0.09797895774732641
9 0.73828125 0.6433576946651194 0.03828125 0.04866021379745078
11 0.3296875 0.5706680657657993 0.04296875 0.06665623487468952
9 0.403125 0.5796890626425414 0.0328125 0.054097147540672096
3 0.471875 0.5589952884420446 0.0296875 0.054078966822512696
0 0.525 0.5553981106507516 0.03515625 0.07129828307929138
3 0.4046875 0.4968856530016209 0.0296875 0.056422716822512695
8 0.51875 0.47176799921443313 0.0328125 0.0720658975406721
9 0.58359375 0.47292649911623724 0.02734375 0.058752831283893414
3 0.6453125 0.4717230682998821 0.03125 0.05643180718159222
5 0.2734375 0.40940331283893305 0.0421875 0.07133918969514959
9 0.33203125 0.4089629513044188 0.03515625 0.05879828307929138
4 0.39375 0.39682202048806364 0.046875 0.10574146077238851
9 0.2828125 0.33445785499341085 0.03125 0.060338057181592394
2 0.52265625 0.32725947511213216 0.03125 0.07674430718159239
9 0.6984375 0.3321883905085891 0.03125 0.060338057181592394
6 0.334375 0.2535078368430382 0.03828125 0.0900664637974506
3 0.396875 0.2726214512062229 0.0296875 0.060328966822512695
2 0.45234375 0.2666941589535493 0.03515625 0.06661078307929139
3 0.58046875 0.265095818398078 0.0265625 0.06265453610435348
0 0.3359375 0.1878919272021178 0.0375 0.0939681686179108
3 0.4625 0.19722199628756684 0.025 0.06264544574527386
6 0.63359375 0.173998640606785 0.03125 0.09627555718159235