3 0.3108805464487717 0.6845984865438743 0.03927332032575279 0.05274654172311397
3 0.45040683791858405 0.7051676933504222 0.03294147477225664 0.050075243102595125
2 0.5098810416394483 0.6887890988229177 0.03812004809323426 0.06438340456798422
3 0.6424306468115913 0.7105523134313817 0.03294147477225664 0.050075243102595125
9 0.709399892002268 0.7078234611019611 0.036929570325752795 0.052623710990419424
10 0.7985715194069297 0.7156160289443569 0.0718874128840243 0.09344678482570909
8 0.32121535652290556 0.6009195273624772 0.05053820253973793 0.06269475180902226
3 0.4517386702252364 0.6093196048158115 0.03154266587924912 0.05468085594746519
9 0.6441717068857253 0.6264229748967709 0.03137897477225664 0.04999335594746519
6 0.7032738883740709 0.6217221867917015 0.04528770734906136 0.06865814676606821
3 0.7732962116950486 0.6394286651949755 0.04005457032575279 0.052787485300678935
5 0.3828125662342196 0.5113490943003619 0.040600207349061355 0.06841248530067894
4 0.4491096888295578 0.5117042983933764 0.05014882213985139 0.09620661465389269
9 0.5030531443645208 0.5379259616677879 0.029226197730414682 0.055339275214770646
0 0.6342212988110244 0.5424607326986871 0.038338302902557686 0.07063340456798421
9 0.7016543354715132 0.5530131303692665 0.03310516587924894 0.05476274310259512
9 0.765253044001701 0.5430892537295863 0.040245543283910834 0.05825623530067894
1 0.5131969814804964 0.4487782524863908 0.04411707694917481 0.10212906603337366
0 0.3340154237686154 0.3645250039567289 0.04044643992586625 0.08634029172311397
3 0.39015629636395366 0.36434794154139993 0.031733638837407076 0.060149605947465365
9 0.4536012374709463 0.37235187132415487 0.028608638837406986 0.059985831637205854
2 0.7546007422802697 0.39436514868663214 0.0446974303072194 0.07408595318850324
3 0.5038442849312084 0.31493884102100156 0.027046138837406985 0.05990394448207601
5 0.6888914075265467 0.3215174689038772 0.03844743030721922 0.07375840456798421
3 0.5582564772193273 0.24292772218323755 0.02718254809323426 0.0638101944820761
7 0.6192386172378607 0.22506851481086274 0.04641618693064124 0.12330470318850324
11 0.676525327582147 0.2577039523955338 0.037748025860715725 0.07606121099041943
6 0.3367237284004536 0.15177602046507227 0.03834822658635506 0.09324871099041943
11 0.4003050787632733 0.1636862002478272 0.034032748818873595 0.08132524310259504
9 0.5101984339354164 0.18426205110690985 0.026483143646730413 0.06611300090451118
9 0.6188740294889128 0.1922969583884276 0.027100702539737932 0.06146644448207601
8 0.6705902969121078 0.1770714280852743 0.04095487141421188 0.0785687353006789