5 0.7671875 0.11953125 0.071875 0.11875
3 0.27734375 0.296875 0.0640625 0.1078125
3 0.36015625 0.38828125 0.0609375 0.1078125
3 0.69765625 0.28984375 0.0640625 0.1078125
3 0.7859375 0.28671875 0.0578125 0.11171875
11 0.15703125 0.5109375 0.078125 0.13671875
2 0.26328125 0.5015625 0.0796875 0.13671875
2 0.63125 0.60234375 0.0796875 0.12734375
9 0.134375 0.75390625 0.071875 0.1140625
9 0.24296875 0.7484375 0.071875 0.1078125
9 0.35234375 0.7484375 0.06953125 0.11328125
9 0.64375 0.74375 0.07109375 0.11328125
9 0.7296875 0.52734375 0.084375 0.12109375
9 0.8140625 0.63359375 0.07421875 0.13671875
8 0.33125 0.6 0.1 0.13359375
7 0.2125 0.86953125 0.1078125 0.15234375
11 0.53984375 0.88046875 0.0796875 0.140625
1 0.61875 0.2796875 0.06953125 0.17578125