3 0.3922959633652686 0.09630627544191327 0.05704893939369331 0.1073897761192818
3 0.23094238353708513 0.08294753957540746 0.08796806874690696 0.11758032564431198
3 0.308967806988262 0.18481657677596575 0.07785276232447184 0.1178293091359686
3 0.21507396483560665 0.2816716446183616 0.06728375452255583 0.12428734905006031
3 0.5446010125516144 0.28232126130841906 0.06954893939369348 0.10804487336031983
3 0.44937264247065495 0.4789716112629906 0.07336998021229632 0.12148989767057934
3 0.3581921217784402 0.39025767130347033 0.07752521370395282 0.11157930913596861
3 0.2601873117379604 0.49122370703369056 0.07941526232447185 0.11791119629109836
5 0.6349327634561257 0.2534349434660232 0.08566526232447184 0.11823874491161739
5 0.38225814280933934 0.25810691259704305 0.07447545680654795 0.14258364767057935
2 0.5515083525565633 0.4627114461795567 0.08985479534115867 0.1387150192218769
2 0.6472790394638659 0.8503608531223902 0.10523413387576941 0.13484639077317445
0 0.644755984284626 0.6011797246736876 0.08956819029820444 0.1332462692218769
0 0.1746736148810352 0.3687112991863459 0.08006371551297517 0.1600168091359686
1 0.8202583525565632 0.44862685549723935 0.1098707242194024 0.178719221505869
6 0.36125184475464717 0.4656704291053864 0.079449561849502 0.1482980591359686
6 0.29796502996446905 0.26096631897404965 0.06962418249628843 0.13921298620519007
9 0.42738702058067324 0.7200879341937692 0.08776335085908257 0.11367407564431212
9 0.5398980659218319 0.5801855512225108 0.08204893939369332 0.10869997060135787
9 0.6278052589335699 0.3745696370435881 0.08237648801421252 0.11494997060135788
9 0.8102669561291794 0.26761919493636127 0.072837713703953 0.11133364767057934
9 0.7208569753510562 0.18971992424414638 0.07316526232447185 0.11758364767057934
9 0.7208370431934521 0.10090308570953563 0.07189268939369349 0.10816770409301446
9 0.5517152289691009 0.10197534204111372 0.07468681874690705 0.11688428482570909
9 0.2989643701965604 0.8662779387163247 0.08068783525525039 0.12732713986866315
11 0.8275474728646653 0.6811970160581174 0.08944535956551007 0.1309025192218769
11 0.6448068097017955 0.09475930631089347 0.07341092378986111 0.12227114767057934
10 0.8111278505203984 0.08083315284464788 0.0911207242194024 0.16166630568929577
7 0.13207119855440588 0.720761800090857 0.10999355495209709 0.181062971505869
8 0.4198500802824687 0.8490351277713339 0.09745925542706697 0.15002101141996071
8 0.4610249519453079 0.18230132915081493 0.08056168249628826 0.1397861962910983
4 0.3400208966545265 0.5883233570791191 0.1038287641334942 0.16749511646291496