11 0.1983506760460501 0.12962546869698874 0.08383434137714504 0.12153274881887363
11 0.7712251808553734 0.10337787179273009 0.07098960099579195 0.1335689573490614
6 0.42515622350631216 0.18178813630551835 0.07139882876327323 0.14528770734906135
6 0.7722544235989794 0.27500733513224124 0.06593007876327342 0.14509673439090331
9 0.17839529619431768 0.2988665420179665 0.0683631088003402 0.1030456436467305
9 0.5836879422033009 0.37912938385844763 0.07082590988879929 0.12888145734906137
9 0.7598214001853345 0.18414672215554978 0.0724057680561673 0.10708830290255764
7 0.5924801327621394 0.1720435701561168 0.0650049850238755 0.18563988883740706
10 0.5965351386677711 0.5698535875793119 0.08652532095872498 0.17624753067003915
2 0.4159870323145016 0.5113937907520221 0.07545884618646852 0.12748264845605384
2 0.31006935981183054 0.6173114632546931 0.09536211841898705 0.11647322658635506
3 0.09660208213701633 0.7418104993670278 0.08030011360966363 0.10970487141421188
3 0.1921601187975052 0.7314508635248457 0.0795461454608291 0.1104588395630465
3 0.31030991807186575 0.7444915221477005 0.07599455952597962 0.12047868030721923
1 0.18685008150404417 0.861165645376011 0.10890875244707074 0.16922620435383634
3 0.8029066458393472 0.7155852059134811 0.08028275544229543 0.1315525895630465
5 0.2877305352249085 0.8771502547245053 0.09379961841898705 0.11641866288402411