5 0.7875312953759315 0.12890625 0.07733063534222762 0.13203125
5 0.2219381116327102 0.1234375 0.06945450282867034 0.12109375
1 0.5470471959416656 0.1046875 0.0697726653964569 0.17578125
3 0.7885983708060923 0.2140625 0.08030109923787414 0.10546875
3 0.7263932865953329 0.29765625 0.07242951190385671 0.0953125
3 0.6174546238311545 0.22265625 0.06146019564707803 0.08984375
3 0.297982461165172 0.2125 0.0560959847764936 0.1078125
3 0.22453132562655256 0.21484375 0.06320450282867034 0.12109375
2 0.38209331987101597 0.3921875 0.07743062929210343 0.14921875
2 0.8107364703385542 0.303125 0.08279484016268768 0.13125
8 0.2609722987937771 0.396875 0.08053290339440444 0.1453125
8 0.6637331635497452 0.59375 0.094559041958086 0.1390625
9 0.858908787282704 0.7515625 0.08738234621281223 0.1140625
9 0.7495610583599428 0.746875 0.07870678298109546 0.1
9 0.6511190131804029 0.74765625 0.0788522287263694 0.125
9 0.3511690101553408 0.7390625 0.07878405103327228 0.11328125
9 0.25748264266889814 0.728125 0.0835306383672898 0.1234375
9 0.15578378728270387 0.7515625 0.0749368883672898 0.1234375
7 0.7840400766085113 0.86328125 0.10563744252382001 0.16328125
11 0.6644633748131131 0.87109375 0.0898306353422278 0.13203125
11 0.12694973927449368 0.8734375 0.08750961123992673 0.1359375