11 0.19765625 0.134375 0.0734375 0.13828125
11 0.78125 0.1265625 0.08203125 0.1234375
6 0.43203125 0.19609375 0.06640625 0.13671875
6 0.7875 0.29609375 0.06953125 0.1453125
7 0.5296875 0.1734375 0.0796875 0.17421875
9 0.76953125 0.2171875 0.06875 0.103125
9 0.18828125 0.303125 0.06875 0.10546875
10 0.62890625 0.7171875 0.084375 0.15
3 0.1234375 0.7484375 0.078125 0.11328125
3 0.240625 0.609375 0.071875 0.1078125
3 0.33046875 0.73828125 0.06953125 0.10546875
3 0.828125 0.7390625 0.07421875 0.1078125
1 0.2140625 0.8734375 0.10546875 0.16953125