3 0.2780377349563052 0.13763251225218773 0.06094952335696498 0.10915810087368061
3 0.18912966231162076 0.30185670678135434 0.07533027210332373 0.12042290919430565
3 0.1758269949189281 0.5154646118915973 0.07478470282385156 0.10167290919430556
3 0.1497993555020539 0.6405548776591667 0.07746943362352168 0.11344621058107655
3 0.3565444828447341 0.3135605390376739 0.07432170157021041 0.11259222539871531
3 0.6126580905248661 0.3148373239912852 0.07159150666391767 0.0992564240119445
3 0.779779742873864 0.23597070763437564 0.07454902210332363 0.12040472539871531
9 0.2784649469513568 0.31330465947864605 0.07492109514371963 0.10636040919430556
9 0.44124740643912597 0.5146158523922921 0.07289559389007838 0.11724335780753492
9 0.2609832449189281 0.5174466456109377 0.07257734514371963 0.10630585780753492
9 0.23981791640174882 0.8901386099917363 0.09040134263643722 0.1285809013105208
9 0.4332185754146643 0.909473757502535 0.08151207594338974 0.11822462955902786
9 0.7750196305083715 0.9041570099710772 0.0788500771970309 0.10723257817225687
9 0.7994343279884537 0.4284855159550006 0.08365123746358769 0.11124793094579868
8 0.8559129631821858 0.6523055288727785 0.08717705423577726 0.1519274823325695
8 0.5444285792420951 0.41162009859256987 0.08437866316955045 0.13624793094579868
9 0.4432859648980455 0.3163601903481948 0.07452629005001246 0.1196234753987154
6 0.4394586197543259 0.21165450655260454 0.0690491798625981 0.1460405050339931
10 0.12679507917558802 0.8695513934267363 0.11146400039571143 0.154834929995868
6 0.2664172395086517 0.40905291736243077 0.08591843111623927 0.13550304853697917
7 0.43889999326957535 0.3802772199834726 0.07379651583511766 0.1750376740119446
3 0.539889494918928 0.5239382606366672 0.07257734514371954 0.10630585780753492
5 0.36227634263643715 0.1349088621759378 0.0720461477301444 0.1148814240119445
5 0.6279434243858146 0.5181805295383686 0.0804496811162391 0.1353757619678472
0 0.6112223079967011 0.1313344929692366 0.07042982343610724 0.13982687262517368
0 0.3538393685006846 0.2205917890376739 0.06866273495630519 0.1327592550339931
2 0.6029671902874393 0.2232674198309727 0.07734741316955063 0.13608427678548624
2 0.5318509890464334 0.730642202316042 0.08416571450233405 0.15576099715020852
4 0.6440925762725941 0.7512112350854518 0.09153794530200407 0.1676434013105208
1 0.3365264656894683 0.6183564886008336 0.09356344655564541 0.1567604526972918
11 0.52488530588513 0.30342573888517405 0.0702252349563052 0.1327956226251737
11 0.3413994852855097 0.7589996723964239 0.09529343111623927 0.13572125408406244