9 0.2890625 0.14921875 0.06875 0.10546875
9 0.3578125 0.1421875 0.0625 0.1109375
9 0.440625 0.1265625 0.06875 0.11328125
9 0.2625 0.3109375 0.0734375 0.1078125
9 0.34609375 0.39609375 0.0765625 0.109375
9 0.70078125 0.28515625 0.07421875 0.11796875
9 0.7140625 0.50859375 0.071875 0.11328125
9 0.14921875 0.50234375 0.0765625 0.10546875
3 0.3609375 0.225 0.05859375 0.1
3 0.5234375 0.12890625 0.0609375 0.109375
3 0.603125 0.11953125 0.0578125 0.109375
3 0.61015625 0.2890625 0.0609375 0.10703125
3 0.52890625 0.484375 0.0765625 0.11328125
3 0.7890625 0.3 0.0734375 0.1140625
3 0.71484375 0.6171875 0.0640625 0.11875
3 0.8265625 0.73671875 0.08203125 0.13203125
0 0.765625 0.11875 0.07421875 0.1453125
0 0.4265625 0.8734375 0.084375 0.13203125
2 0.7171875 0.39453125 0.0734375 0.14921875
2 0.22890625 0.6125 0.09765625 0.1234375
1 0.69140625 0.18515625 0.08046875 0.178125
4 0.09140625 0.859375 0.1203125 0.15625
5 0.3328125 0.5109375 0.0796875 0.13203125
5 0.44375 0.2078125 0.07421875 0.13671875
6 0.52734375 0.2859375 0.06953125 0.15390625
7 0.625 0.4859375 0.09140625 0.178125
8 0.509375 0.58984375 0.08203125 0.146875
8 0.615625 0.72109375 0.08671875 0.14921875
10 0.74296875 0.8734375 0.10546875 0.19453125
11 0.4171875 0.61796875 0.0890625 0.1390625
11 0.43203125 0.2984375 0.07109375 0.14453125
6 0.32265625 0.7515625 0.0875 0.13359375