3 0.4578125 0.11796875 0.06015625 0.1203125
3 0.146875 0.6328125 0.0734375 0.11640625
3 0.4265625 0.7359375 0.0796875 0.11171875
3 0.72265625 0.62734375 0.07421875 0.115625
3 0.74765625 0.7484375 0.0765625 0.11328125
3 0.53125 0.23515625 0.0625 0.1
3 0.53828125 0.2953125 0.0671875 0.10546875
3 0.77265625 0.2078125 0.06953125 0.11796875
9 0.2765625 0.21484375 0.071875 0.11796875
9 0.35234375 0.39765625 0.06953125 0.103125
9 0.24375 0.5296875 0.0734375 0.103125
9 0.20859375 0.72109375 0.07109375 0.10546875
9 0.321875 0.7453125 0.08515625 0.115625
9 0.525 0.7296875 0.0828125 0.13203125
9 0.51484375 0.52265625 0.078125 0.12265625
9 0.69921875 0.3984375 0.07109375 0.11875
11 0.35 0.3 0.0796875 0.13828125
11 0.25234375 0.4078125 0.0765625 0.13359375
6 0.33203125 0.5046875 0.0765625 0.134375
6 0.19765625 0.12890625 0.0734375 0.13671875
2 0.15703125 0.41640625 0.0921875 0.1265625
2 0.61796875 0.4015625 0.08671875 0.1390625
5 0.8046875 0.37734375 0.08046875 0.134375
5 0.81484375 0.4953125 0.0765625 0.1390625
0 0.740625 0.865625 0.071875 0.15
0 0.678125 0.109375 0.0625 0.13671875
4 0.70390625 0.48828125 0.08046875 0.16796875
8 0.51953125 0.40234375 0.08203125 0.12734375
8 0.61953125 0.74296875 0.08515625 0.125
7 0.83984375 0.7171875 0.09765625 0.17578125
10 0.534375 0.10703125 0.0734375 0.1703125
1 0.7765625 0.27578125 0.0765625 0.19140625