3 0.7989087590704926 0.23326393493295203 0.070171145460829 0.10935812262517368
3 0.7361483534428626 0.31376774610336866 0.07078870435383636 0.10468880642076392
3 0.6348462590704926 0.22944533785899357 0.06591023139567849 0.09911095364722229
3 0.3098189772193273 0.22109962889343776 0.0621131088003402 0.1021450346692709
3 0.22488347122887747 0.29250054378732654 0.07313245435383653 0.10474335780753474
5 0.23693205952597962 0.12338752108590297 0.06686509618646852 0.12645470364722228
2 0.8211681941870355 0.311843529822709 0.08868553248413776 0.12540134992375007
2 0.39852435707105965 0.3917771112260073 0.07082590988879929 0.12810812262517368
11 0.48419896224320286 0.40860289494534763 0.07336063284695733 0.13363142401194458
1 0.39005954872620646 0.19408449363482672 0.07558782095872499 0.17505585780753474
8 0.6857689298438832 0.614693160047327 0.09833335099579195 0.13343205547083342
9 0.8934326408211417 0.771746513105209 0.08676836841898705 0.1152087323325695
9 0.7825224226723071 0.7699456641313895 0.08805804990733286 0.10743259992374998
9 0.6766171630536603 0.7549908517267019 0.08161707694917482 0.10181837955902787
9 0.38348472194666766 0.7434844283803475 0.08630457694917482 0.1019274823325695
9 0.2866370037978331 0.742010887727153 0.07825646397248338 0.11735246058107637
9 0.18971736377929965 0.7608316632783682 0.08024554990733276 0.10725076196784719
7 0.8120958499843015 0.8791394793858686 0.10507442431676957 0.14764002583555538
11 0.6978795825611064 0.8944352114340978 0.0884945595259797 0.11993259992375016