3 0.7452184164587727 0.23708496876742036 0.07982239474715094 0.12074429205628183
3 0.661515504548114 0.23425488455666077 0.09522907092583352 0.11614769564707803
3 0.42647272456432467 0.3023998547970191 0.07528044396136266 0.123842020979043
3 0.34032336290133486 0.3979663639704013 0.08209337014004517 0.1191954275949012
3 0.3473544971045158 0.11292828863843629 0.08004071856846853 0.12543179205628183
3 0.5733799195591447 0.5219452612164857 0.08521837014004525 0.1192136083130606
3 0.40353626219659977 0.7490203247427898 0.09012419396136266 0.12392837939029917
3 0.24892130521006775 0.17952491529826112 0.08311221463952716 0.1410704275949013
9 0.8731338246453777 0.6525604987234537 0.09533823283649241 0.11849144564707785
9 0.7537458540099947 0.33632644466511935 0.07391699710451594 0.11133747579950323
9 0.6838015351510759 0.41089919778837736 0.08580056699689198 0.13171360831306042
9 0.5863827638537389 0.14712252321853816 0.06781254631872766 0.1144261143631847
9 0.5105758968140657 0.3138236890077787 0.09386562406898662 0.10364315046753828
9 0.1965949034290942 0.7329766473442803 0.09599320430044496 0.13255394564707804
6 0.927545304586386 0.881721278777683 0.12199277812176276 0.13739143657189173
9 0.22102755334804094 0.38555674668035034 0.09979029238978612 0.130232921544777
9 0.4129623804791274 0.1297117885402404 0.07435364474715093 0.1207124757995032
11 0.7862866420565547 0.6325292789740748 0.11245511228216216 0.15061359923787415
11 0.39211064888098024 0.5037078247427897 0.10037248924663303 0.14273292154477701
10 0.5009291848606257 0.6097810836215845 0.1061516083532208 0.16619769262201595
7 0.5068065798171736 0.18258732454639806 0.10241017824559702 0.18648292154477705
8 0.18517575227180239 0.5884181262670414 0.11131214329940894 0.17638121369925486
2 0.5939622090534467 0.7626248033709634 0.12506427419282104 0.1530300721105112
0 0.797451082088976 0.7716190500513136 0.12104886228216216 0.15066359621281222
2 0.6938379687733564 0.5257702188656163 0.10923806699689198 0.13184996369925486
5 0.8420442206353831 0.3204383451326576 0.09470468610347993 0.15519656010845856
1 0.8496447431755744 0.13147129390299356 0.12490376240599695 0.19989143657189173
5 0.48856169396136273 0.12624642095560187 0.07871581306795061 0.14729315651766242
0 0.3237458308506309 0.2768089814568439 0.08115160835322088 0.16605224687674208
4 0.152070115587422 0.8334715510332723 0.13943929735218488 0.21012949980360815
6 0.49780837716935855 0.3918532402374426 0.09663105913900907 0.16301815046753826
8 0.4082728422231704 0.3811788397699044 0.09615802419282105 0.15286190046753828