3 0.290906040252776 0.21080804129536537 0.07432164857509047 0.09221531934277234
3 0.46736672094004206 0.29630809460536645 0.06165455223856355 0.10377952800763594
3 0.5518435402527759 0.20777175859327607 0.06333988297125828 0.1061414593411815
3 0.803631769560561 0.29864910789309584 0.06104039857509065 0.09206077800763604
3 0.8277453782215598 0.40077468189055054 0.07497342378986112 0.11954997867599956
3 0.5561603052907813 0.39455414326068516 0.06983886646291496 0.09606702534213599
3 0.29757760063194 0.5320199699634107 0.07814601141996072 0.09069827267663584
9 0.21580089891377474 0.31408812997295577 0.07625264077317437 0.09926475067631771
9 0.19546514472990326 0.41829437197645564 0.0773614393936934 0.10552384134309048
9 0.19735295058651148 0.6183943693109556 0.08990238297125827 0.1064505420114541
9 0.3807762822237173 0.6428387439529113 0.08817610866099876 0.10330736067790855
9 0.4645813941640764 0.6160666112746845 0.06687431874690689 0.11399032200827222
9 0.8095065490707449 0.8731496685630503 0.07505863297125828 0.10627781934277251
9 0.8568065157153739 0.6271371872215505 0.07505863297125828 0.10627781934277217
9 0.6401225474888653 0.4006126919160039 0.06556080223856356 0.10382498134149962
4 0.28025622455808674 0.39541939863145614 0.10329649762515078 0.15345281134627217
5 0.13997862109701228 0.8660875293205006 0.09865658525525038 0.12451019867918127
5 0.37681804330499374 0.5076461312858204 0.0709033994796016 0.11637952534213589
6 0.28193599050060325 0.6064659866327288 0.08249931874690697 0.11417213534372692
6 0.2819846573930594 0.756556893300456 0.09565773801421233 0.11198292667886314
11 0.4772296376053557 0.8723257019414572 0.08599281094499087 0.12123974801081801
11 0.38033703245085987 0.216802955283275 0.07583656094499087 0.12112156934277234
10 0.36843789800926363 0.28807851861872946 0.08972864258219673 0.14782952001113586
7 0.767955377655733 0.6023740919000955 0.0846693283578455 0.15557838534372692
2 0.7398536318396045 0.49873147123650446 0.08282354534115868 0.13525679467695398
0 0.468455587402957 0.39166604793923004 0.08418464947960161 0.11653406667727229
1 0.6586888410210016 0.4863865599140949 0.0774300384437538 0.16642497867599956
0 0.6373892938708206 0.3037104199156857 0.0706953595655099 0.12730793467536322
8 0.5932607513547371 0.8936456239258671 0.09384625452255584 0.12211190467854464
8 0.6854515733810044 0.8777200845799131 0.09203477103089916 0.13224088267822687