3 0.16038646483560665 0.28863528800494836 0.0831953595655099 0.12879024122451135
3 0.4480546404344901 0.11333244497279979 0.07283771370395282 0.10976745658477527
3 0.6803514840574835 0.19081963281946362 0.07262967378986111 0.12068222453146396
3 0.7819394810052658 0.48506607482276254 0.07566946460846413 0.13403167069139793
3 0.3929445007929695 0.6141735309453195 0.0775252137039529 0.10990384890464319
3 0.4202561097926525 0.28653426425227196 0.075181463703953 0.1098356527447093
3 0.5063363726829513 0.3706160960681565 0.07283771370395282 0.10976745658477531
9 0.20968162143975588 0.628086581420173 0.08217177012638803 0.10925899122451135
9 0.15177834746818064 0.4082347341648823 0.0779346494796016 0.11771634890464319
9 0.20023793815049795 0.1384845238191834 0.07583656094499087 0.1223356527447093
9 0.27093554047991864 0.20351247875460604 0.06987648801421234 0.11280152837152997
9 0.5130201419048281 0.28773539990822244 0.07699294719560949 0.09974759890464338
9 0.6007315038451873 0.31092519583072964 0.07291960085908258 0.11132995658477532
9 0.6883709447092187 0.3801405455933028 0.07497342378986112 0.12075042069139794
9 0.2640161601106522 0.8862651427820865 0.08586998021229633 0.12028741943775678
8 0.34330518543696453 0.20686714779665136 0.09129446460846395 0.13448631175762477
8 0.7678304726375227 0.27798100052872543 0.08360479534115868 0.13660274122451135
2 0.0991945007929695 0.6227207829903835 0.12229880314307477 0.13070809389007837
2 0.383517511874246 0.7493979771052535 0.10700467378986112 0.12168243487716293
11 0.31265389247065506 0.49404053886287824 0.08821373021229632 0.12035561559769085
11 0.6816450684082227 0.0917145430860203 0.07879446460846395 0.13412259890464334
5 0.5970852826780024 0.18700196252377704 0.07398413387576941 0.13164245658477527
5 0.32516825983808106 0.3743274324363875 0.0864841338757694 0.13200616943775678
6 0.6916951820460625 0.7185892801538966 0.09001524762515078 0.15473061559769086
6 0.7924764320460624 0.7156568452767337 0.10827060266810484 0.16072220282385158
0 0.5201509684536513 0.18143993580159976 0.06797979534115868 0.13614810015828455
0 0.4277211290145294 0.2036308360390266 0.07320288387576941 0.13161972453146395
10 0.22664887268295128 0.37875417115361637 0.09827812697836444 0.16355168613080417
7 0.7020372970386394 0.44682794042045326 0.09231140999505136 0.18365959765100204
1 0.05803276981660398 0.8502834933360823 0.11606553963320795 0.16124504005001228
4 0.5096893447546471 0.4703660434817317 0.09395911917644835 0.1704465438109361
3 0.5959212573516902 0.864126752178078 0.07538285956551008 0.12856292069139813