3 0.438295292209932 0.32799609146196307 0.07615517126547414 0.11352927586071564
3 0.5173220933450224 0.14470493102500956 0.060898364041303665 0.13407738883740708
3 0.6744294354722289 0.23539939681159144 0.06590346387914785 0.10770586179556503
3 0.7651908031669807 0.23075159154678104 0.06301028896022594 0.12087798439090332
3 0.6193350121781599 0.4359425446346732 0.06851994926865146 0.12341270734906136
3 0.5160679159937637 0.5300521539831676 0.07605971387914785 0.10806052586071573
3 0.5077724005724882 0.6470213991738442 0.07300289772652384 0.11185764845605384
5 0.3471890511383857 0.307616614875608 0.07648245373287814 0.13227927586071572
3 0.6921448153418452 0.1609723156860654 0.069205741882325 0.11797123920022683
1 0.12884065138326706 0.5008953558051153 0.10522110835926086 0.16841767250267098
0 0.10563142776488647 0.7557093413771451 0.08988643465815475 0.13977431733052798
0 0.785123653411862 0.4323512970817439 0.08216939204448082 0.1449702488188736
5 0.6986912755708404 0.4129167616023814 0.06740746266133187 0.1491393936467306
2 0.20738484253753886 0.7483184820286507 0.09205290665497756 0.1296999128840241
2 0.4164224720001181 0.5062475770339928 0.08746086404130367 0.13500497177703163
4 0.6349040961909868 0.887542250169636 0.09484667004765832 0.15556300843752027
9 0.17277938636573337 0.31247026206571754 0.07836255357072242 0.10579862141421188
9 0.19590106087761838 0.1522420901960187 0.07141312418757347 0.11024058475372307
9 0.2679669756502707 0.14381452050323806 0.07168585957707681 0.12586558475372311
9 0.35864652272817144 0.1438542152384277 0.06916483157389966 0.11562748920022678
9 0.34762365341186197 0.41707346042910426 0.07150858157389965 0.11570933475372307
9 0.41600764042621846 0.6195833907363236 0.08207393465815471 0.13950149881887358
9 0.41573135633725655 0.9041220818433162 0.07629153896022575 0.12134177586071573
8 0.17354385633725658 0.8956647079820336 0.11580405235290643 0.14848711841898704
8 0.5338589825501296 0.22736366360181443 0.07655063758025413 0.13618552586071564
10 0.522134504060485 0.31685274953666387 0.07698701420345948 0.16118552586071563
6 0.6142129099046837 0.3263220079741843 0.06881995819710518 0.14060020734906137
6 0.604785542616969 0.5081350031648609 0.0758239346581547 0.13928324400955033
11 0.31173319765038887 0.6370486545313218 0.08023869926865138 0.12382193511654283
11 0.37993909578065443 0.2227703889222251 0.08189665665497756 0.1293452488188737
7 0.5012439366933402 0.7523264580668515 0.084840424511885 0.16380209437236992
9 0.8016860418061901 0.647904375212045 0.07378414772652384 0.1118849303072194