5 0.22495038158101294 0.10395403505752165 0.06535715988879928 0.12904551285158128
3 0.7121527373013102 0.2713352642600939 0.07275050843752044 0.09502068133065045
3 0.6241591747801057 0.3560551155526882 0.0644568588003402 0.10326426285158127
3 0.2930852787711225 0.27514860273828806 0.061959341377145094 0.12110567885919252
3 0.20296871025946825 0.2866219550194656 0.06774554990733277 0.10807909684397003
1 0.37148309728277684 0.26415275292856844 0.06591272059590532 0.16729492935348408
11 0.8270981471052915 0.46480673855693144 0.0893030913771451 0.12221985129259423
2 0.7210391200634495 0.46366734429815004 0.07521330952597971 0.12086559832684482
8 0.642246942751455 0.5753171101154808 0.09132938284695732 0.13556476828878877
9 0.8432042636253619 0.7184755666178211 0.07251489546082937 0.11061384783255317
9 0.7387895821370163 0.7149287553628454 0.07968255471665628 0.11480659931542796
9 0.621711209541678 0.7165787800774247 0.0730506088003402 0.10361443133065044
9 0.3296055550951743 0.7261407583657759 0.0769568588003402 0.1037735988211363
9 0.2522246326773213 0.5069543596583703 0.07329614546082901 0.11064568133065045
9 0.16116806834201827 0.6347066279471589 0.07981896397248334 0.11871284931542796
7 0.7572989907598713 0.8327555839180267 0.11270587504240907 0.16686118923931587
2 0.43986595409938245 0.8527112341454881 0.08435269654928809 0.13684076680591417