9 0.7809940375289796 0.21259232348525323 0.07819793726214944 0.09808804205628183
9 0.7042538295065834 0.40908604928475645 0.08108285672980173 0.1113829275949012
9 0.628703389772976 0.518874660622879 0.08251802273741297 0.1082670179539809
9 0.6277709480622022 0.63760193472518 0.08082818874502422 0.1051329275949012
9 0.1435312578343033 0.7521114249626226 0.07351043726214948 0.098060770979043
9 0.21465022965968283 0.8852597473677214 0.08200868676785786 0.09576701795398108
9 0.2853632025480076 0.22328646731349205 0.07392427273741298 0.108217020979043
9 0.16836540905034797 0.4301682472695255 0.08251802273741297 0.1082670179539809
3 0.6997122040308824 0.21384627215739335 0.07048093775644108 0.10038634026088378
3 0.6497428126634885 0.8842905823640479 0.07276102076024671 0.09883747579950324
3 0.5286954139932638 0.4046399646812134 0.06520318874502422 0.10504202400410509
3 0.44654610026683006 0.3121711844305924 0.06660652125453836 0.1011448643631847
3 0.3742758053234767 0.13060354274365288 0.0662563527754692 0.09255111436318471
3 0.27836910323257963 0.2990904432111911 0.06702035672980182 0.11130111436318471
3 0.1919541007611217 0.3113091629605701 0.057836357718384954 0.11593407220870695
3 0.34793089224443396 0.5087921752572102 0.07725751977166348 0.09417724687674198
5 0.8522284841083071 0.860461676042777 0.09766286167271758 0.13491133118569748
5 0.7176531432330171 0.5019548053348807 0.07846719269935694 0.12386474687674216
2 0.7614761501159183 0.864113916869395 0.10847302768032882 0.13184996369925486
2 0.24266111901272938 0.6195347534178456 0.09386935821267653 0.1184869004675381
11 0.5453590601920305 0.8966138412428425 0.08683810821267653 0.11844599385168024
11 0.5391195553234768 0.1296445098607532 0.07446544220506546 0.121498270979043
10 0.6301862712173572 0.29079511241827716 0.0987452006080222 0.1614738311856975
6 0.5344984505336602 0.626428606269957 0.09162110870696819 0.1208170149289188
7 0.5337742558571369 0.7592138351927181 0.0924487796574951 0.14112951492891881
6 0.5284646037268712 0.29529223575845226 0.06603085969555131 0.1253545240041051
4 0.5431943127006695 0.4896916755517978 0.0933891971479813 0.14504031010845858
1 0.43751070399370134 0.6105905037124332 0.09067803262324467 0.15517837939029952
8 0.3775825360461048 0.22196888612779464 0.07253552768032892 0.13164088544042354
8 0.23415625783430333 0.7515841841360048 0.09265702669174569 0.12707156010845858
0 0.14366520349940975 0.6146432412194013 0.08305919220506537 0.12154826795398091
0 0.37139224996281894 0.3930580909482548 0.07900836216700924 0.13714599687674198