5 0.19931075135263548 0.14678800028434041 0.07963405068427191 0.13150587955902787
1 0.5239749440244988 0.192615525454306 0.08483062802354446 0.1753649823325695
3 0.19640447469763495 0.23263458130638903 0.0676243993475448 0.10623312262517368
3 0.2692067227084526 0.3139949905006946 0.07075849001431748 0.10708710780753475
3 0.3713590213637713 0.23280150151861143 0.07060394867918127 0.09380585780753474
3 0.6915169800286349 0.22697560771062558 0.062155649347544896 0.10610583605604171
3 0.7766646867043164 0.2953457076343756 0.057449968013999354 0.10443423328250008
2 0.18171581337522535 0.3127396553945835 0.08433973201781737 0.13317748233256949
2 0.6185078360518613 0.3963237133339589 0.07578234468490841 0.1361024605810764
8 0.34292822274822354 0.6086002821038197 0.09699427335295371 0.14674967306201392
8 0.7606658746817265 0.12861214931375065 0.08364938868554468 0.14097179853697925
9 0.1558020347708134 0.7706060535709723 0.0780170066836356 0.12678201196784739
9 0.25883612810308615 0.7651938145888891 0.08330394334818117 0.11128429853697916
9 0.3673116994350408 0.7575651121759378 0.08408519334818117 0.1113024823325695
9 0.6655946580999045 0.7512300720914242 0.08879087468172671 0.11297408510611114
9 0.7544844354312227 0.738459274788716 0.07009541868236298 0.11722517401194459
9 0.8508054521005409 0.7602271316463202 0.08091474001431749 0.10732349715020835
7 0.24066847811899456 0.8819267196991321 0.11132040268936257 0.16973323138263902
11 0.3548218847867218 0.8923940538553128 0.08895450668363551 0.12703658510611113
11 0.8866258681174038 0.8852459686522923 0.09674882535009033 0.1256559230620141