11 0.3566353782447632 0.3029018330244425 0.0709046095770769 0.12583830290255768
11 0.2724297479681098 0.39911957939624554 0.07156312865180033 0.11883433475372307
6 0.20063301988550236 0.1327108401960187 0.08197847727182853 0.13403274881887364
6 0.2303197090045887 0.759928104623989 0.08663870373287823 0.13263393992586608
9 0.703075775971287 0.42430812938839624 0.06213358157389948 0.11538195253973793
9 0.3591484979681098 0.402147864875608 0.062024487418098316 0.10913195253973793
9 0.462471915580136 0.6407689099736174 0.07371596387914785 0.1079786803072194
9 0.445027091309837 0.7596181136944816 0.0729210771096728 0.10717014845605384
9 0.32944477596799177 0.8922173041685021 0.07604607710967279 0.10727927586071573
9 0.24399287661991015 0.5144618372007939 0.0629284683433748 0.11619048439090349
9 0.2834512483751469 0.22539190271722323 0.0574597183433748 0.11599951143274545
8 0.6365952081938098 0.6413840127835078 0.0900773494308071 0.15071181733052796
8 0.4488365150142384 0.30690234146196305 0.0766733685055307 0.14321677586071563
10 0.4492302069792891 0.19526543701545934 0.0825239480508353 0.16528274881887364
9 0.4411226156595662 0.8937748588851582 0.07836255357072233 0.10579862141421188
3 0.7568685722351136 0.7775348223094875 0.08635233157389947 0.11622768992586625
3 0.840982699265356 0.6313443577888499 0.07627790219075052 0.12056052586071572
3 0.45916390908731425 0.5407143462712865 0.07070005803494936 0.11411955290255768
3 0.1580980612780649 0.6480977380191005 0.07844437418757347 0.11048612141421188
2 0.18084049147528805 0.29598216651222126 0.089364283278183 0.1545907854793625
2 0.621860957790068 0.33402538056952263 0.07674155235290651 0.14712302586071563
3 0.5241967995102373 0.4196230854715132 0.060611991882325175 0.11767113883740699
5 0.6295758206135558 0.5076265716765151 0.0818693831160271 0.12778274881887378
5 0.816810993503883 0.4095412796585488 0.08409040219075052 0.12083334437236992
3 0.7802171542193456 0.23649316005843532 0.07381142126547395 0.1134474303072194
0 0.7073018055993174 0.21911219790005054 0.06875177434972919 0.13669395734906137
1 0.7798819634721108 0.30675109635610454 0.0829875982129911 0.1918452488188737
3 0.5489886992686512 0.14019104581579955 0.07183586404130367 0.13445933475372307
3 0.46053017126547413 0.1269519466341062 0.0684381286518004 0.11872520734906136
7 0.6539129419584601 0.8730978042533201 0.08956883482031053 0.16630953547936259
4 0.531001952918804 0.49637655842967127 0.07238133482031053 0.16570933475372307
0 0.8636015876563891 0.8983780903656549 0.0891733685055307 0.14365328547936257