3 0.8574777495366639 0.4833703476953232 0.08579614546082936 0.11211157564431193
3 0.7789385764858386 0.5876694233396351 0.08606896397248338 0.11992407564431211
3 0.5983334172300114 0.5932211397571215 0.07563989546082901 0.11157930913596861
3 0.4828448596029483 0.8497311685899369 0.08235368693064124 0.12518810775648745
3 0.16120547257963985 0.8509339789691008 0.08874009618646843 0.12942190637700648
3 0.6538293828469574 0.0980071370435881 0.07122521397248338 0.11914614767057934
3 0.4926463461864685 0.09941026402195255 0.0773115228654909 0.11478619629109832
3 0.33364336841898706 0.09600306026762236 0.07574902286549072 0.1147043091359686
9 0.8256473630615094 0.26667084859983436 0.08021826805616747 0.10869997060135787
9 0.7464930872007939 0.19646456920119224 0.07084326805616747 0.10820864767057933
9 0.6647520138798161 0.18666020126793934 0.07243304990733286 0.10907178482570909
9 0.4914534123358701 0.26696625622003645 0.06801836841898705 0.11663862336031983
9 0.3271875264936878 0.18008813319840086 0.062467772865490725 0.11400826831736569
9 0.4924430265785059 0.4970222484181203 0.0819990228654909 0.11503185775648764
9 0.7024306733052793 0.8397885232942066 0.08841271397248321 0.12004690637700648
10 0.5936583301140357 0.6834743255327703 0.09551837504240908 0.1672085114199607
11 0.28511914381636655 0.7012095386708963 0.09246529691210785 0.14677318068726616
11 0.5771552993591786 0.278128406265465 0.07891122840045348 0.13826463986866316
9 0.7448735674153459 0.374217754976841 0.07563989546082901 0.11157930913596861
6 0.7708309214063627 0.46756164122745963 0.08734128729346118 0.1340275192218769
6 0.3202505349312083 0.2728078997067443 0.08163692431676957 0.14932497060135788
8 0.21654767077339052 0.37372966983313227 0.09896083357259675 0.1541319793077851
7 0.2387872254052287 0.15889256388566697 0.09364834019601868 0.20298223710970126
2 0.5789409994518457 0.17237305122251084 0.09130210099579195 0.1357947371097012
2 0.5009598763083534 0.3823046511770823 0.09419148801910052 0.15154256784239592
5 0.5759722891923775 0.4683815920411137 0.082653787293461 0.13378185775648746
5 0.4005779303920374 0.37660792910538643 0.08694198320977709 0.14492407564431192
0 0.4950992898253498 0.5955006919956852 0.08707839246560418 0.14883032564431192
0 0.20132944245775491 0.5655010900049489 0.09309277948891274 0.164741930687266
1 0.38121783909971035 0.5842500107425922 0.09633683057737183 0.1906460114199607
4 0.28574168110982756 0.8311017565587207 0.1064112350238755 0.18883452792830405
8 0.6700694856568477 0.2716936205352447 0.07766618693064124 0.12494244629109837