3 0.729514838873295 0.18268535221787902 0.07415455223856356 0.1067280348257091
3 0.7393202860689045 0.2800959407524898 0.06967509215265544 0.0955858169378847
3 0.5665445273624773 0.27191602781676244 0.07201552012638786 0.11051145409301447
3 0.47141573383034086 0.1907279828142881 0.065806463703953 0.11096515547249544
3 0.4838725474888653 0.3835739020815935 0.06165455223856355 0.10607293758467104
3 0.29916667684207887 0.4018712799644691 0.06474193068726608 0.09065265547249553
3 0.21402811623577223 0.5113082349619946 0.08336577792830413 0.10409435775648763
9 0.8461235639972087 0.3747732756690559 0.06383452792830405 0.10307076831736568
9 0.87187823778707 0.49249968622993395 0.08168044719560967 0.10166872060135787
9 0.7854637822237173 0.6074872783825894 0.07904677012638786 0.11087994629109836
9 0.7064933344622809 0.7150341847595959 0.074812971505869 0.10442522840327406
9 0.3109086810259504 0.29706427125804175 0.074812971505869 0.10442522840327388
6 0.7990869482116623 0.7329000361845054 0.08660696460846413 0.13620749491161738
6 0.5797792689947342 0.4796056970840679 0.08196373021229633 0.12194027702379309
9 0.4955824106724197 0.6070114020815934 0.07776755314307486 0.13106961555840363
9 0.2021333830827999 0.7477337358665058 0.08434842378986111 0.12284435775648764
9 0.2882490247604855 0.8662137409548885 0.07937431874690706 0.11712994629109837
11 0.7206897105361342 0.851384442561512 0.08068783525525039 0.12732713986866315
11 0.5792702566702623 0.3652565920411137 0.0761641095655099 0.13020647840327398
0 0.6551123824054313 0.2727581535519315 0.0800703595655099 0.13041119629109837
0 0.3973408259829963 0.28705078414834057 0.06169217378986112 0.12165699400710625
4 0.7622465309805219 0.35880079489093275 0.09182673111680746 0.14660940637700665
1 0.6697724259375677 0.3581633870435881 0.08051409486618884 0.16861055913596862
5 0.606311870758328 0.6121758576449459 0.07719434305716658 0.12013211555840364
5 0.6038629794193268 0.7149290434205946 0.08278592378986112 0.12276247060135788
8 0.5039448665744566 0.7217323213488989 0.09133873021229633 0.12243159995457162
8 0.29321540648854827 0.7218086437138505 0.08878694029820453 0.13320532564431192
10 0.38854011533126115 0.47787718000989754 0.07673399762515079 0.1559467848257091
7 0.4030706840781681 0.5907080506566839 0.07467685266810502 0.16129270409301455
2 0.20134997455808673 0.3889795335825137 0.09318783525525039 0.1279822371097012