3 0.71640625 0.13671875 0.0765625 0.10546875
3 0.31484375 0.12109375 0.0671875 0.12109375
3 0.48046875 0.2984375 0.0625 0.10078125
3 0.3875 0.41796875 0.06875 0.109375
3 0.31328125 0.30546875 0.06875 0.1109375
3 0.484375 0.7328125 0.0796875 0.10546875
3 0.378125 0.89921875 0.0921875 0.1296875
3 0.15859375 0.88203125 0.08671875 0.1296875
9 0.803125 0.134375 0.0734375 0.1140625
9 0.7171875 0.22578125 0.06953125 0.1109375
9 0.81796875 0.31484375 0.0828125 0.1109375
9 0.63515625 0.13359375 0.05859375 0.1078125
9 0.65390625 0.40078125 0.08671875 0.109375
9 0.3796875 0.60546875 0.071875 0.10546875
9 0.86328125 0.64140625 0.0828125 0.109375
9 0.19921875 0.40234375 0.0765625 0.11328125
2 0.5671875 0.2 0.08203125 0.140625
2 0.66328125 0.51015625 0.08671875 0.13125
5 0.7484375 0.40234375 0.078125 0.140625
5 0.6515625 0.21640625 0.071875 0.1296875
0 0.6390625 0.303125 0.0765625 0.134375
0 0.584375 0.73828125 0.0765625 0.13125
4 0.853125 0.50234375 0.10546875 0.16328125
1 0.55859375 0.0984375 0.0875 0.178125
11 0.8109375 0.221875 0.0796875 0.13125
11 0.55859375 0.3140625 0.078125 0.15234375
7 0.38671875 0.275 0.0765625 0.1890625
6 0.21484375 0.2875 0.07421875 0.171875
10 0.1671875 0.6203125 0.0984375 0.1828125
8 0.478125 0.5078125 0.08671875 0.1453125
6 0.6859375 0.71875 0.0984375 0.1390625
8 0.884375 0.74375 0.0953125 0.15625