3 0.8159635440404072 0.3449789860693615 0.0779442813494537 0.12320925782192056
3 0.8456526860677697 0.5481340781486189 0.08101473734881744 0.11870376834526439
3 0.5561147346833174 0.15496311789350642 0.06535337468172671 0.1146687157285458
3 0.2255641686823629 0.12868425504991035 0.06763349001431748 0.10933647362105359
3 0.307442519374589 0.3216067733951746 0.07078576201463571 0.11186223414439729
3 0.21880782805536106 0.4202802208490433 0.06856019068268111 0.1218819762518896
3 0.46803040945253993 0.9047895416698518 0.07562780334977201 0.12541649992941295
3 0.4726231713876339 0.4272560758707188 0.06994996801399936 0.10712923151356132
2 0.7089488333465903 0.13888163353734764 0.07571871001749919 0.13322899992941287
2 0.6306618433720437 0.3216948625612474 0.07828063602004445 0.15211550782192057
1 0.4916084340388164 0.3143766442724528 0.074002216024817 0.18699874203690497
4 0.5879781880967229 0.746262952080256 0.07758120202099902 0.1591012551910847
0 0.6921571580999044 0.775752301981434 0.08108746268299924 0.1249537683452644
0 0.3028624653484993 0.12928276550266687 0.0570050726845901 0.13526193678935067
5 0.4815174607335878 0.5206798521790781 0.07790791868236298 0.12008425782192056
5 0.7659390087523598 0.6754330545416828 0.0904442813494537 0.12393729991529553
9 0.7384737960295895 0.26083222824744096 0.0677880313494537 0.12261772362105354
9 0.7875696554344044 0.7898973729434168 0.07783519334818116 0.11383425782192055
9 0.6607146120703149 0.5560999546405048 0.07559144068268112 0.12229149992941295
9 0.3642583300843143 0.6418884522920175 0.08100564668204475 0.11792251834526439
9 0.2805838587682681 0.7642724155309019 0.07803518801718105 0.13102175782192055
9 0.3780412087841764 0.8870567391237205 0.0731749653484993 0.11590499203690499
9 0.21587263737268003 0.3022204655873715 0.06777894068268112 0.12183647362105354
9 0.3915078893618623 0.23281656015629043 0.07006814668204475 0.11728548151356133
7 0.5558607433561352 0.20023011526267048 0.08157835868872639 0.1671412683452643
11 0.5686532867202247 0.42738414946353753 0.0711130260184536 0.1399872341443972
11 0.9047582501193127 0.9310067623071336 0.10137269068268111 0.12379308674699843
10 0.9070009080999046 0.7882655254613132 0.11345506735358982 0.15572562620953717
6 0.2048095100652243 0.4920719208631608 0.08860960868872621 0.16755079202278758
6 0.2950896120703149 0.5348047234092921 0.07274825135263549 0.14632823940606912
8 0.39347256806967856 0.5358505548946185 0.07726302868395374 0.1317575051910847
8 0.38588624005408845 0.42064278384793125 0.08592950401813546 0.13850803413027996