5 0.7449212277568786 0.07057332589274137 0.07403436068413445 0.13288958271265774
3 0.2482677677573161 0.2987841406133218 0.07861177273741297 0.11126929383752823
3 0.3407324989742358 0.3833710022763116 0.07883460722409338 0.11673804383752824
3 0.6783200236888152 0.25068251096276395 0.08076452174882984 0.10669095574818703
3 0.7596655241831067 0.24455448139325936 0.07320668973360736 0.11257708271265772
1 0.5982332756659815 0.24505540322871563 0.09118736859279988 0.17111732878371627
11 0.2383012242596564 0.5051069152204277 0.09297536167271767 0.13845037799792798
8 0.3082052059708677 0.5884052586864523 0.09986203163466154 0.15436647642635143
9 0.7041490587463368 0.4779513323028821 0.08200868676785796 0.09895123035529281
9 0.7980980355146322 0.5835227820552131 0.08902269072219049 0.11799232878371627
9 0.6212079302677052 0.6954706261404103 0.08691902125453818 0.10463830417661057
9 0.33060017631337246 0.727720315758547 0.07633168973360735 0.11272263192686935
9 0.22055667285333133 0.749220788255957 0.09211585722409339 0.11735662799792798
9 0.11323892137045659 0.7612370988427081 0.09111177273741297 0.11185149069437514
7 0.193125398138752 0.8674635200589919 0.1199835306460784 0.15062504631872783
2 0.5127839821311408 0.849456112905844 0.09493710969555132 0.12918453990858653