3 0.22511659500534212 0.1932642418593996 0.08180804990733277 0.10956310775648759
3 0.29059031678237374 0.2751450056542096 0.07251489546082901 0.1114155348257091
3 0.3920139183263198 0.19860575983808104 0.07087054990733269 0.10898989767057934
3 0.7178497320286507 0.18309478799352777 0.07365080952597972 0.12161272840327397
3 0.8012922038056823 0.26403384950434555 0.06826390507947586 0.12366987336031983
1 0.5469271076192139 0.15213579432510588 0.07389883538669526 0.19570864767057933
2 0.20451640752654665 0.2757425491863459 0.09108384618646852 0.1295447371097012
2 0.6323909255827139 0.3581976865686182 0.0895039880191005 0.15129690637700666
5 0.787341287293461 0.08866203527999432 0.06859128729346117 0.13304487336031984
8 0.34562507948106347 0.5735924717330116 0.09434525544229562 0.1336147614199607
9 0.15002738120249481 0.7325524711671847 0.09145586841898705 0.11786693068726617
9 0.2579217267559911 0.7292460074632319 0.08849455952597962 0.12239065637700648
9 0.3662972219466677 0.7173048501817141 0.08663195916315995 0.1137150192218769
9 0.6604018860118183 0.7120663150173208 0.0868502139724832 0.1199650192218769
9 0.7540973223094873 0.7055905857095357 0.08598711841898705 0.11758032564431194
9 0.8523810548862922 0.718441388513926 0.0736780913771451 0.12239397840327407
7 0.22914694072847444 0.8465906377209567 0.12124506134007813 0.1669971494796016
11 0.34897829109129413 0.8489200203535306 0.09660715988879928 0.13139384215265543
11 0.54936023700761 0.8493759644969223 0.09161955952597971 0.12255443068726599