3 0.23217430965321179 0.8472114354369644 0.08648869926865137 0.12551565637700648
3 0.5244616266199101 0.4792272388071819 0.07144039772652384 0.11301897840327406
3 0.5384229407439394 0.38309586725588435 0.07849892126547431 0.11494997060135778
3 0.692755884737585 0.35467653889803896 0.0762779021907507 0.12185838986866324
3 0.7248355478853843 0.5797650701057033 0.06432732710967279 0.10796298620519007
3 0.43817965868357245 0.19520412087392897 0.07065914772652385 0.11297803482570909
3 0.5912034728076018 0.09178479251608354 0.06945120373287814 0.13320864767057933
3 0.6089052159077429 0.16514372738722116 0.0740568831160271 0.1287668091359686
9 0.32177873173276017 0.6047982061291794 0.08180119926865137 0.1252699949116174
9 0.2595166907439394 0.3977127244465451 0.06920574188232517 0.11914614767057934
9 0.3746393100635442 0.18367680065668393 0.06291483157389965 0.11647484905006031
9 0.7662716566549775 0.08651968114155134 0.07375687418757337 0.11157930913596859
9 0.6100388421239111 0.3644853081199158 0.06597164772652384 0.11273237336031983
9 0.7181298060030592 0.46438573157109264 0.06820630357072233 0.10660520409301455
9 0.5285799310014114 0.7151647388071819 0.08628414772652385 0.11379690637700665
9 0.431221915580136 0.6029723552700967 0.0842131331160271 0.12929907564431192
6 0.12464640746246114 0.7347700684082227 0.09158530235290643 0.14919881784239591
6 0.36751833116686256 0.26850218000989756 0.06644893465815471 0.14007612336031983
0 0.1715666773512588 0.3765171551338112 0.08214211850553062 0.1448012449116174
0 0.17716606655636596 0.29411741293572724 0.07659154788867957 0.13982713986866316
2 0.2572881688298422 0.18044333729141532 0.0758239346581547 0.14056744629109835
2 0.41804185145610673 0.6990627832438294 0.08068871266133204 0.15096935775648745
1 0.2540461663942102 0.2635014987568046 0.09043190543716158 0.17255443068726617
4 0.44134161485208256 0.24195629014123435 0.08092053774240995 0.16425060775648764
8 0.3440201501588605 0.49024770522466826 0.10089211850553062 0.14578389077317447
8 0.6947336217519415 0.1543899338550848 0.07650972727182861 0.13513963986866323
10 0.6079524163942102 0.2449540581199158 0.08488133482031053 0.16758032564431194
11 0.1447059427725343 0.49521956750371154 0.08203302434972923 0.13855124491161738
11 0.7299378794592839 0.6928825457954438 0.08662506696340308 0.13332815637700648
5 0.6227491221556832 0.4654745980340075 0.0818693831160271 0.1291762449116174
5 0.5238932418823252 0.08827469018666287 0.06850631249917623 0.12379270409301446
7 0.4365525235356551 0.46037541949444793 0.07956258928453738 0.17588747060135787