11 0.2 0.1484375 0.06875 0.13828125
11 0.775 0.12421875 0.0640625 0.11875
6 0.4359375 0.2015625 0.06015625 0.134375
6 0.68984375 0.19453125 0.0625 0.1390625
7 0.53203125 0.17890625 0.06875 0.1703125
9 0.77734375 0.2125 0.0796875 0.11640625
9 0.19140625 0.303125 0.06640625 0.09609375
10 0.30859375 0.84765625 0.0921875 0.15234375
3 0.1234375 0.740625 0.0796875 0.1203125
3 0.32890625 0.7359375 0.07109375 0.115625
3 0.23671875 0.6203125 0.06953125 0.115625
3 0.82421875 0.7421875 0.0671875 0.12890625
1 0.146875 0.49609375 0.09765625 0.1703125