9 0.225 0.13125 0.07421875 0.1078125
9 0.20703125 0.20625 0.071875 0.109375
9 0.17578125 0.39765625 0.0765625 0.1078125
9 0.11875 0.60703125 0.0796875 0.1078125
9 0.3109375 0.7328125 0.07421875 0.109375
9 0.6203125 0.3265625 0.0625 0.1046875
9 0.709375 0.40390625 0.0671875 0.1109375
9 0.78359375 0.12890625 0.0625 0.11328125
3 0.46953125 0.125 0.05859375 0.10546875
3 0.278125 0.29453125 0.06640625 0.1078125
3 0.44375 0.29921875 0.0609375 0.1078125
3 0.70546875 0.22109375 0.06953125 0.115625
3 0.71171875 0.521875 0.0625 0.1109375
3 0.415625 0.6203125 0.071875 0.115625
3 0.61875 0.75390625 0.0734375 0.12890625
3 0.52890625 0.3859375 0.0625 0.103125
8 0.365625 0.115625 0.0875 0.1359375
8 0.78828125 0.30625 0.08203125 0.1359375
2 0.24921875 0.49765625 0.08984375 0.134375
2 0.62421875 0.61953125 0.0953125 0.12890625
11 0.33984375 0.4953125 0.078125 0.134375
11 0.54609375 0.19296875 0.0734375 0.13125
6 0.52421875 0.8703125 0.0765625 0.134375
6 0.6140625 0.38359375 0.07421875 0.13671875
0 0.36171875 0.209375 0.06953125 0.134375
0 0.28125 0.2 0.071875 0.1359375
5 0.26171875 0.38671875 0.08203125 0.125
5 0.5359375 0.2953125 0.071875 0.1203125
10 0.4359375 0.48046875 0.0921875 0.16328125
7 0.83515625 0.87890625 0.11796875 0.1609375
4 0.52734375 0.49375 0.0796875 0.1609375
1 0.08515625 0.853125 0.13203125 0.16328125