3 0.8186216044771271 0.1921495803626742 0.07785276232447202 0.11531708279171564
3 0.760844483264514 0.4027246160764892 0.07995085085908257 0.11067049310014117
3 0.8648160102883068 0.47676035958366747 0.07781181874690687 0.11453583279171564
3 0.3225455438708206 0.30559188636573337 0.07040875452255584 0.12221196509696393
3 0.4055450723649516 0.20326968141503915 0.064243963703953 0.10883525771063773
3 0.23658811171321648 0.3962362516248531 0.06634205223856364 0.10418866801906326
3 0.30321120420455616 0.7125509983784422 0.08015556874690706 0.11457674310014117
3 0.23031934305716653 0.11249249716062622 0.06477623021229624 0.11899150771063774
5 0.8876537239922598 0.5842728506552136 0.09882035956551008 0.12817163879807011
5 0.4977303296010408 0.3955878206201463 0.081012061849502 0.14581310633066594
2 0.40519534882291774 0.4800912800350673 0.08919637607385322 0.13815061079489296
2 0.7404999265033946 0.17865587054071605 0.08372762607385323 0.1380551534085667
1 0.4913254421072269 0.16892986323382012 0.08371765999505136 0.18254549310014112
4 0.46202636646291484 0.08733498985702556 0.07702060266810502 0.15901253571381496
0 0.5236398908847161 0.7407639529253947 0.08644319029820444 0.13029720048646726
0 0.4078279466297826 0.29159184172346464 0.07118668249628843 0.13705571509696401
7 0.6725931315009201 0.27054909010190686 0.11274674072774574 0.1853938035707224
10 0.694149385457649 0.5923422694850559 0.10839343340079957 0.16190175649282174
9 0.6924397212787264 0.5149576091766302 0.08496922150586901 0.10217220048646744
9 0.573718540252776 0.20424402597787764 0.07271488297125828 0.10664151217486459
9 0.3936415366347314 0.11042366234031568 0.06432585085908267 0.11039775771063773
9 0.3198974994341731 0.19538108928783265 0.07234306874690706 0.11444037540538946
9 0.22773101085413386 0.28691579870275374 0.08044217378986111 0.12004549310014116
9 0.30827940524535286 0.4810009894499885 0.06675148801421234 0.11200116801906326
9 0.31610627261277885 0.6005049659110382 0.06987648801421234 0.11205571509696384
9 0.21274665648854824 0.7321152504070371 0.08591092378986112 0.12014095048646727
8 0.4170966417892272 0.7668645771129681 0.10206819029820444 0.1305699358759707
8 0.3101108208946136 0.3816595085247119 0.08220274762515078 0.15363924310014115
6 0.22959556252687058 0.5910675105533068 0.09248182835784542 0.15616027110331848
6 0.583712095204873 0.3800116392084025 0.08623182835784533 0.15605117694751697
11 0.938085250450226 0.860208059259356 0.11234727103089917 0.13309096387914784
11 0.6012625226127788 0.5955275450526011 0.08438272331489127 0.15055515340856668