5 0.209375 0.13412340421934557 0.0734375 0.127844356330666
1 0.5328125 0.18820652678206592 0.07578125 0.17163526663909145
3 0.2046875 0.22076033360249453 0.0625 0.10343469155801355
3 0.27109375 0.303950709007884 0.06640625 0.10428412540538945
3 0.3765625 0.22454167288703192 0.06640625 0.09100287540538946
3 0.69921875 0.23251740868027718 0.05625 0.10410684740221221
3 0.78125 0.30035551947517 0.053125 0.10327105032431164
2 0.1859375 0.30090180113509046 0.078125 0.130269926947517
2 0.61640625 0.39669691111590916 0.06953125 0.13324492248329012
8 0.33125 0.6026569902574721 0.08984375 0.1421932284896446
8 0.7734375 0.1322504017804183 0.07578125 0.13804151663909145
9 0.13671875 0.7555114346581547 0.071875 0.12234833279171582
9 0.240625 0.7557626249983523 0.0765625 0.10914890340856669
9 0.35 0.7514217727248761 0.0796875 0.10685970048646745
9 0.65 0.7527520422033415 0.084375 0.10928527110331832
9 0.7390625 0.7425878839235108 0.06484375 0.11441310186643908
9 0.834375 0.7684703197994815 0.0765625 0.10446140340856651
7 0.2171875 0.8717597719140973 0.103125 0.16508130357072232
11 0.33046875 0.8846746034879971 0.084375 0.12412902110331814
11 0.865625 0.8932345405784883 0.09140625 0.12268925202859507