3 0.2015625 0.20975570749092348 0.0734375 0.10299234882113639
3 0.296875 0.10743452072306563 0.06953125 0.12158318133065045
3 0.16328125 0.48631554889768613 0.08203125 0.11896751730020547
3 0.19375 0.7350740424718955 0.0796875 0.128247016805914
3 0.3046875 0.7274286857420936 0.0734375 0.1170548488211363
3 0.8109375 0.6036755789751108 0.07421875 0.11239918231923358
3 0.70078125 0.2042578522068154 0.06953125 0.10830193133065044
3 0.78515625 0.10472608441231827 0.06875 0.12155134783255321
0 0.45625 0.1821904871112377 0.06875 0.14498884783255325
0 0.6234375 0.17069061851843778 0.06953125 0.1497081813306504
5 0.2875 0.200004022700232 0.0734375 0.1326798488211364
5 0.396875 0.8650785829666245 0.0953125 0.13278993676785794
1 0.40859375 0.4724135804951667 0.08671875 0.1738460182887888
4 0.634375 0.39133869954507705 0.078125 0.15943334980971963
2 0.5328125 0.48375830429771244 0.0890625 0.14425401878308045
2 0.68359375 0.3002706891649537 0.0796875 0.145434516805914
6 0.196875 0.28104045847950665 0.071875 0.138866181824942
6 0.4484375 0.2903213220922097 0.07421875 0.14364918231923357
9 0.2609375 0.3893676116355366 0.06953125 0.11064568133065045
9 0.24765625 0.4860025311031889 0.0671875 0.11055018083635879
9 0.40546875 0.6014471644875554 0.0734375 0.1084610988211363
9 0.60703125 0.6197966219784788 0.084375 0.11437551779449713
9 0.69921875 0.7410402692030098 0.0828125 0.12368685079830258
9 0.8265625 0.7358514090131669 0.0921875 0.1240688527754692
9 0.78984375 0.3998475834237351 0.0796875 0.12199701680591399
11 0.54296875 0.09350071882244895 0.0671875 0.13711268083635883
9 0.53203125 0.20097763779580974 0.06640625 0.10270584733826169
8 0.7109375 0.48821901673155194 0.0921875 0.1396938527754692
8 0.515625 0.3907086412558508 0.084375 0.13937551779449714
7 0.359375 0.27363784087529 0.09375 0.1913200197716635
11 0.43203125 0.38395857555225077 0.06875 0.12780134783255326
10 0.08046875 0.8287523996959887 0.11796875 0.1782443582126767