11 0.22389405452090289 0.1203125 0.08472245174736122 0.115625
11 0.8001662670018405 0.14140625 0.07253157627239588 0.12890625
6 0.3887378045209029 0.1203125 0.07265886284152794 0.134375
6 0.6263650910900348 0.12578125 0.08296058320625015 0.140625
10 0.471295731382639 0.109375 0.08566800911805572 0.15625
7 0.5387209271460766 0.18671875 0.08703114057694457 0.18125
8 0.7060344072944446 0.125 0.07758275218420145 0.14453125
8 0.4396717101998268 0.49609375 0.08530433320625015 0.140625
9 0.2940994113785071 0.21640625 0.08057981240468752 0.10546875
9 0.20839960714194466 0.29375 0.08953723831649318 0.12109375
9 0.3635780696228822 0.31484375 0.07144120174736121 0.115625
9 0.5445007613022572 0.30078125 0.06867922444878474 0.09765625
9 0.6325443155388196 0.2234375 0.0651912017473613 0.115625
9 0.7930460576550349 0.23828125 0.07234973831649327 0.12109375
2 0.534473757502535 0.40703125 0.09055487765916688 0.13125
2 0.33242486749427136 0.62109375 0.09055487765916678 0.13125
3 0.5269723416587156 0.52109375 0.080670731382639 0.109375
3 0.1303376502636812 0.7328125 0.09050032627239597 0.12890625
3 0.22463251092100753 0.72265625 0.08712075313413203 0.11796875
3 0.33840472340194505 0.74375 0.0820877610179167 0.103125
3 0.7270496493137506 0.759375 0.08539459897381949 0.1109375
3 0.8285939655181604 0.75859375 0.08712075313413195 0.11796875
0 0.6332223416587157 0.52109375 0.08635834014010442 0.15234375
0 0.1614739750174657 0.49296875 0.08728440729444457 0.125
5 0.10281467514930628 0.859375 0.11099466422829876 0.13671875
5 0.8529789825200007 0.9 0.10865091422829884 0.13671875
4 0.4065397404037855 0.88515625 0.10661628875333343 0.15
1 0.5247805941272576 0.86328125 0.09051916327836818 0.16328125