3 0.5996148134313818 0.6022465292959668 0.07723860866099877 0.10443509890464338
3 0.49871961951513255 0.3790567333734596 0.07415455223856356 0.10512542069139794
3 0.40605184192551275 0.5069437041439999 0.07468681874690705 0.11528167069139812
3 0.23150554330499373 0.5057629520324287 0.0826221494796016 0.11785274122451135
3 0.2264517938708206 0.30482257765924936 0.07493580223856355 0.1051481527447093
3 0.23889316089956236 0.19883099043308855 0.06790455223856365 0.10494356426490725
3 0.8246844917437987 0.835907160795282 0.08998427012638821 0.10948631175762494
3 0.4048866530976462 0.20104304513108437 0.06453056874690706 0.11498615399835055
9 0.315639367367426 0.11052935688870913 0.07004026232447184 0.11592652837152992
9 0.2408440852552504 0.11661788400659782 0.06633873021229633 0.11971911810497322
9 0.6637061324054313 0.2874051278048987 0.07094434305716639 0.11829301042484133
9 0.6853332281761313 0.4761266470052286 0.07222023801421251 0.11286972453146404
9 0.30424700248639086 0.4903448890211628 0.06942610866099877 0.10420777837152997
9 0.3089577566702624 0.3861431223281153 0.07768898801421234 0.11302884890464338
9 0.5112107326986871 0.6024715013201483 0.07703056874690706 0.11534986685133201
9 0.30982969640263996 0.7163079954476534 0.0816361815917773 0.11392375917119998
0 0.852175490161919 0.3601653632234223 0.08360479534115868 0.13660274122451135
0 0.7012625226127789 0.5859873803121811 0.07677826322898298 0.1403044027447093
2 0.723312342264197 0.7230554712992656 0.09478795680654795 0.1416084899708702
2 0.5602115609449909 0.10419547420225954 0.08076972241038013 0.12715954506457736
1 0.6558383214604404 0.16713809191152135 0.1010722563315781 0.17221363229073822
4 0.4954540993887446 0.2719572872135255 0.08199470771105907 0.165418063011266
5 0.49193627374443266 0.1899033051602142 0.08225033525525038 0.12564250917120004
5 0.6276080958822415 0.8228629061764285 0.08447125452255584 0.12336695533113406
11 0.49014688093509323 0.4692869282797524 0.07628694029820444 0.1309294027447093
11 0.2030706840781681 0.6051779303248164 0.08722444029820453 0.13124765149106815
6 0.5093383734718615 0.7011135897999503 0.08265977103089917 0.13345500917119998
6 0.747815538782438 0.36946145836714195 0.07645071460846395 0.1340544027447093
7 0.41492995420455614 0.7062079182506225 0.09511218340079956 0.16267950791755884
10 0.19786528493725072 0.7148711790711753 0.1026347563315781 0.17225909639736087
8 0.6066693176152532 0.4979765664429854 0.08890977103089917 0.13363686559769086
8 0.3890546924459111 0.3916369528903586 0.08372762607385331 0.13894649122451136