11 0.3515625 0.290625 0.06875 0.1234375
11 0.265625 0.38984375 0.06953125 0.11640625
6 0.1984375 0.12578125 0.0796875 0.13125
6 0.2171875 0.75234375 0.084375 0.1296875
9 0.69609375 0.4 0.06015625 0.11328125
9 0.35234375 0.38984375 0.06015625 0.10703125
9 0.4515625 0.625 0.071875 0.10546875
9 0.43203125 0.74453125 0.07109375 0.1046875
9 0.3140625 0.88125 0.07421875 0.1046875
9 0.23515625 0.50625 0.0609375 0.1140625
9 0.2796875 0.215625 0.05546875 0.1140625
8 0.62578125 0.61953125 0.0875 0.14765625
8 0.44375 0.29140625 0.07421875 0.140625
10 0.44609375 0.1796875 0.0796875 0.1625
9 0.42578125 0.87890625 0.0765625 0.103125
3 0.74375 0.7515625 0.084375 0.11328125
3 0.83046875 0.60234375 0.07421875 0.11796875
3 0.45 0.525 0.06875 0.11171875
3 0.146875 0.64296875 0.0765625 0.1078125
2 0.17578125 0.28984375 0.08671875 0.1515625
2 0.61640625 0.3125 0.07421875 0.14453125
3 0.5171875 0.4015625 0.05859375 0.115625
5 0.62109375 0.4859375 0.0796875 0.125
5 0.81015625 0.38125 0.08203125 0.11796875
3 0.7765625 0.209375 0.071875 0.1109375
0 0.70390625 0.19453125 0.06640625 0.134375
1 0.775 0.2796875 0.0796875 0.1890625
3 0.546875 0.12109375 0.06953125 0.13203125
3 0.45859375 0.1109375 0.06640625 0.11640625
7 0.6390625 0.85078125 0.08671875 0.16328125
4 0.52265625 0.478125 0.06953125 0.16328125
0 0.8484375 0.86875 0.08671875 0.140625