5 0.7984375 0.1421875 0.071875 0.12109375
5 0.23515625 0.1109375 0.06640625 0.1296875
2 0.71796875 0.13125 0.06640625 0.13203125
2 0.209375 0.2796875 0.0828125 0.1265625
1 0.55390625 0.103125 0.06953125 0.1734375
4 0.4734375 0.10546875 0.0625 0.16796875
3 0.8078125 0.23828125 0.0671875 0.10546875
3 0.73046875 0.303125 0.053125 0.09765625
3 0.62890625 0.2234375 0.06953125 0.1203125
3 0.3765625 0.2125 0.0515625 0.11328125
3 0.30625 0.215625 0.05859375 0.1046875
3 0.23203125 0.21015625 0.05078125 0.0984375
0 0.47421875 0.20078125 0.0640625 0.13203125
0 0.81953125 0.29765625 0.071875 0.1234375
8 0.46875 0.4109375 0.08671875 0.1296875
8 0.66640625 0.60546875 0.0875 0.1203125
9 0.85859375 0.75625 0.0734375 0.109375
9 0.75390625 0.759375 0.07421875 0.109375
9 0.64765625 0.75 0.07421875 0.1109375
9 0.35234375 0.73984375 0.0796875 0.109375
9 0.2546875 0.72734375 0.071875 0.11796875
9 0.1609375 0.74921875 0.071875 0.1
9 0.4671875 0.509375 0.0640625 0.0953125
6 0.55625 0.73515625 0.0734375 0.11875
6 0.346875 0.8765625 0.078125 0.1234375
11 0.13203125 0.8765625 0.08671875 0.13203125
11 0.665625 0.87890625 0.08671875 0.11796875
7 0.78046875 0.86953125 0.1 0.15234375
10 0.453125 0.87265625 0.084375 0.14921875