11 0.80078125 0.13984375 0.071875 0.13125
11 0.225 0.1234375 0.06640625 0.1265625
6 0.634375 0.12265625 0.0609375 0.14453125
6 0.4 0.11796875 0.06875 0.1390625
10 0.56015625 0.109375 0.0671875 0.15625
8 0.31953125 0.11328125 0.0671875 0.1390625
7 0.47734375 0.1875 0.06953125 0.178125
9 0.80625 0.225 0.06875 0.109375
9 0.72265625 0.22578125 0.06640625 0.10078125
9 0.64375 0.225 0.0609375 0.1
9 0.39140625 0.2125 0.06640625 0.103125
9 0.30859375 0.215625 0.05859375 0.1140625
9 0.2328125 0.21484375 0.0625 0.09375
8 0.65859375 0.30078125 0.0765625 0.13125
9 0.47265625 0.30078125 0.06640625 0.1109375
9 0.46875 0.49609375 0.0625 0.103125
2 0.47890625 0.40625 0.06875 0.1296875
2 0.80625 0.878125 0.103125 0.13125
3 0.87890625 0.75390625 0.0796875 0.11796875
3 0.7765625 0.7359375 0.08671875 0.115625
3 0.67578125 0.75625 0.0765625 0.1046875
3 0.5765625 0.759375 0.08203125 0.1140625
3 0.2796875 0.7484375 0.0734375 0.1265625
3 0.1734375 0.7453125 0.078125 0.115625
5 0.9 0.878125 0.084375 0.12109375
5 0.15 0.88046875 0.0890625 0.1265625
0 0.69140625 0.88671875 0.0890625 0.12890625
0 0.35625 0.884375 0.0828125 0.125
4 0.59296875 0.88671875 0.0953125 0.14921875
1 0.478125 0.859375 0.0765625 0.17578125
3 0.38359375 0.53828125 0.0796875 0.115625