3 0.7953125 0.228125 0.06640625 0.08984375
3 0.7125 0.21484375 0.0640625 0.1078125
3 0.61953125 0.22265625 0.06640625 0.0984375
3 0.540625 0.31015625 0.053125 0.10078125
3 0.46875 0.39453125 0.0625 0.1109375
3 0.36875 0.2109375 0.05859375 0.109375
3 0.29453125 0.215625 0.05546875 0.1
3 0.22265625 0.2203125 0.05546875 0.1078125
9 0.8734375 0.746875 0.0734375 0.109375
9 0.7640625 0.74609375 0.08671875 0.0921875
9 0.6578125 0.7453125 0.06953125 0.10546875
9 0.3578125 0.74296875 0.0609375 0.1109375
9 0.54765625 0.50625 0.05625 0.109375
9 0.46875 0.509375 0.0625 0.1109375
9 0.265625 0.73359375 0.07421875 0.12109375
9 0.1734375 0.759375 0.0765625 0.1140625
5 0.78671875 0.128125 0.0734375 0.1265625
5 0.21875 0.134375 0.053125 0.134375
2 0.70703125 0.125 0.0671875 0.125
2 0.290625 0.12890625 0.0609375 0.1234375
0 0.6234375 0.1234375 0.0640625 0.1515625
0 0.37265625 0.115625 0.0578125 0.1453125
1 0.54375 0.09609375 0.0640625 0.16328125
4 0.45703125 0.10546875 0.0625 0.1625
11 0.8828125 0.878125 0.0921875 0.1265625
11 0.1421875 0.89375 0.0828125 0.1234375
8 0.7875 0.87890625 0.1 0.13203125
8 0.2515625 0.8890625 0.1046875 0.1234375
6 0.6703125 0.8890625 0.08671875 0.1203125
6 0.36328125 0.87578125 0.0875 0.12109375
10 0.57421875 0.86328125 0.08671875 0.1453125
7 0.46796875 0.88125 0.08984375 0.1515625