9 0.795174357955519 0.17468950155723684 0.07059096387914802 0.10827009783255322
9 0.717898791802895 0.16763173524561448 0.06672562418757337 0.11045468034206722
9 0.7226487471606262 0.25382390323039206 0.06819266680124728 0.10504959733826169
9 0.6405514931034364 0.4334212199225753 0.07616880803494937 0.11474293231923358
9 0.397668112419746 0.1498925010257642 0.06281937418757337 0.11029551285158128
9 0.5637320742735943 0.6241788711014389 0.06894664326229698 0.1035189308363588
9 0.4688871785756653 0.6382957678316782 0.07159040219075052 0.12080193133065045
9 0.15998946550729634 0.5983459525851886 0.07586484496658023 0.1420548488211363
3 0.6358948153418453 0.1627267179454089 0.06658925649282174 0.10264218034206722
3 0.5571522065755473 0.15013653463759216 0.06053017126547413 0.11332501235728971
3 0.5508225657488823 0.3336029506452034 0.06846540219075052 0.12067459733826169
3 0.3663054695644861 0.4238101620904596 0.06686199188232518 0.11826718034206732
3 0.31435500608907996 0.2199874837255587 0.06827448741809831 0.10973709733826169
3 0.21754246144681125 0.30204129695770077 0.06678017126547413 0.11357968034206722
3 0.2746616659937636 0.523274309809282 0.07389324188232518 0.11855368182494211
3 0.5669234837712409 0.7548704555881193 0.07851255803494936 0.11483843281352506
10 0.8114151923720877 0.31920350551156956 0.10519383482031053 0.16745143825073255
8 0.4636146663975055 0.22372393186212305 0.08663870373287814 0.13312551779449713
11 0.22077437581242654 0.11688504695770079 0.07646881696340309 0.13193043231923357
6 0.4799685491097909 0.40655101931455295 0.07674155235290633 0.14755543231923357
5 0.6427061026805132 0.3099837199225753 0.08195120373287815 0.132934516805914
5 0.38751008807001674 0.28394916604479226 0.06871086404130375 0.1347370973382617
0 0.8558025718379623 0.5532084323935956 0.10004268465815472 0.1406979372621496
1 0.6641996785756653 0.6462541423559772 0.0952557731319132 0.1795376027754692
2 0.6815336343404338 0.9073017303026987 0.10928131696340308 0.1332674392393159
11 0.8795035300383628 0.8973868553212891 0.10220915665497757 0.1306371877564409
8 0.35338313515121267 0.7610236606075849 0.08189665665497756 0.129809516805914
2 0.4832206396154396 0.7577142712917193 0.08201938758025414 0.136840766805914
7 0.14142683158049024 0.8555854496194393 0.10850974959296292 0.17851627224312167
4 0.2683377536567432 0.6168333088206989 0.08937792004765814 0.15587726828878878
0 0.18379297849293982 0.3991736235357158 0.07827677881395614 0.14605659931542805
6 0.3006004232973643 0.2913531477560035 0.08445859496658023 0.14240501730020555