3 0.371875 0.22109375 0.0609375 0.10546875
3 0.465625 0.12890625 0.06640625 0.11875
3 0.4484375 0.3078125 0.06953125 0.1109375
3 0.4484375 0.40078125 0.07421875 0.109375
3 0.80625 0.63984375 0.0734375 0.12109375
3 0.80625 0.4359375 0.0734375 0.12109375
3 0.79609375 0.2046875 0.0734375 0.115625
3 0.60625 0.309375 0.06875 0.109375
1 0.3875 0.096875 0.0828125 0.18359375
5 0.271875 0.29765625 0.0765625 0.12890625
5 0.7046875 0.125 0.0640625 0.1390625
0 0.6203125 0.21640625 0.08203125 0.1390625
0 0.30390625 0.74453125 0.0890625 0.12890625
2 0.20703125 0.74140625 0.10546875 0.1421875
2 0.6375 0.6265625 0.0875 0.13203125
4 0.6140625 0.8828125 0.09375 0.16015625
9 0.29140625 0.215625 0.078125 0.11875
9 0.35390625 0.40234375 0.0828125 0.11328125
9 0.3203125 0.61640625 0.0734375 0.1078125
9 0.36015625 0.5234375 0.06640625 0.11875
9 0.72265625 0.8921875 0.0890625 0.134375
9 0.79453125 0.3171875 0.0796875 0.1203125
9 0.69765625 0.2359375 0.078125 0.125
11 0.18828125 0.3828125 0.0875 0.1359375
11 0.43359375 0.5203125 0.0875 0.13203125
10 0.24921875 0.484375 0.1046875 0.165625
6 0.515625 0.63125 0.084375 0.13671875
6 0.4 0.8875 0.0875 0.140625
7 0.53515625 0.38203125 0.0890625 0.1875
9 0.546875 0.13125 0.07421875 0.11328125
8 0.70859375 0.509375 0.1 0.15234375
8 0.62421875 0.390625 0.08984375 0.1515625