11 0.8015625 0.146875 0.0796875 0.125
11 0.22265625 0.125 0.06640625 0.1296875
6 0.634375 0.12890625 0.071875 0.13203125
6 0.3984375 0.1203125 0.06640625 0.1390625
10 0.55625 0.1046875 0.06953125 0.165625
7 0.48046875 0.18515625 0.0671875 0.1828125
9 0.8109375 0.30546875 0.06953125 0.1109375
9 0.721875 0.22578125 0.0640625 0.10546875
9 0.65703125 0.321875 0.05859375 0.0953125
9 0.4703125 0.29921875 0.06640625 0.0984375
9 0.38828125 0.2125 0.05546875 0.103125
9 0.22890625 0.2171875 0.05859375 0.0984375
8 0.2171875 0.28203125 0.0734375 0.13125
0 0.846875 0.5171875 0.0828125 0.12109375
2 0.484375 0.4 0.06953125 0.13125
2 0.67578125 0.6296875 0.0875 0.125
4 0.5796875 0.50234375 0.071875 0.14453125
0 0.37734375 0.50859375 0.0765625 0.13203125
3 0.8765625 0.74453125 0.0796875 0.109375
3 0.78671875 0.73203125 0.078125 0.103125
3 0.66484375 0.7484375 0.0796875 0.103125
3 0.4890625 0.52578125 0.06953125 0.109375
3 0.27421875 0.74765625 0.071875 0.1203125
3 0.178125 0.7421875 0.0765625 0.1140625
5 0.90234375 0.8734375 0.09765625 0.1359375
5 0.15390625 0.87734375 0.10078125 0.1203125
1 0.47265625 0.85625 0.0890625 0.15