3 0.705605683003108 0.1395315974299501 0.0626883986760923 0.10536020934118148
3 0.535838876759583 0.4111418734086329 0.08361948283649223 0.11887781667727229
3 0.62418655500518 0.2261316214194506 0.06875646215832773 0.10152668467536322
3 0.2908603246498871 0.30042036004136174 0.07402615901517465 0.11408122867599957
3 0.22728570637186873 0.624856738701453 0.0786580010334573 0.09617611334340861
3 0.15827453308867043 0.7303613040260897 0.07293669396136275 0.12421929734245403
3 0.7267141639820827 0.7604259001034043 0.08158394789030403 0.10870338534372692
3 0.5449269706398925 0.635587890077951 0.08365587014004525 0.11965906667727211
9 0.823578509515022 0.6443020081158128 0.08797949710451576 0.11190111067790856
9 0.6382873647678708 0.7625236547580867 0.0878532185684687 0.12595452001113577
9 0.5456097131962944 0.7551918654121328 0.075680704300445 0.13284031934277235
9 0.42700526241050607 0.750685084062679 0.08719824710451576 0.11189202001113578
9 0.3397300483901514 0.6441436353834977 0.08376503205070396 0.12200281667727228
9 0.2140838089341214 0.23699311203054405 0.06908394789030411 0.1085579346753632
9 0.6383710254356754 0.3075907067552232 0.07953129631872749 0.1149261133434086
9 0.8488074878034002 0.757156544119949 0.07484379631872784 0.11487156934277216
6 0.8267677837078431 0.4919128047819493 0.095993204300445 0.13307667667886314
6 0.2634929958661708 0.3845226400381801 0.08365802419282105 0.15323463534372675
10 0.7407211217971842 0.49325658143694984 0.10593328453190339 0.16208292401336308
11 0.8081141370986652 0.4057116754455404 0.08803515508623327 0.12986077001113577
11 0.4434993653870434 0.514029968730088 0.080368204300445 0.1328948633434086
8 0.3547173093484061 0.3894924980505886 0.08311221463952716 0.14151588534372675
8 0.47584110029045024 0.20564530406586062 0.08445639081820958 0.13684656667727219
7 0.7204622415229446 0.22334352343249542 0.09590546712072659 0.18148690467854492
5 0.6341607526905964 0.5154668414226322 0.08601889081820957 0.13686474801081766
5 0.47955260525284904 0.1259578040658606 0.08351032092583352 0.11653406667727224
4 0.38467244478993223 0.18269760538667937 0.08204202026387968 0.16883236334340865
0 0.30514761062953244 0.1950606980426344 0.075680704300445 0.1328403193427723
0 0.6383646790741665 0.12311570942072325 0.0707941511572919 0.14527668467536325
1 0.3962328370558839 0.10231976205440659 0.08613020678164425 0.17278406667727225
2 0.3437540765119139 0.5073976133831796 0.08914389081820957 0.13690111067790856
2 0.4681313000427812 0.3040464413987697 0.09601247497860932 0.15025508601209037