11 0.2125 0.1296875 0.06875 0.1203125
11 0.78828125 0.1328125 0.08203125 0.13125
6 0.3796875 0.115625 0.071875 0.1296875
6 0.615625 0.1234375 0.071875 0.1453125
8 0.696875 0.11875 0.071875 0.13125
8 0.428125 0.4984375 0.0828125 0.1453125
9 0.2796875 0.225 0.05859375 0.11328125
9 0.19765625 0.29765625 0.06875 0.1046875
9 0.36796875 0.225 0.0625 0.1
9 0.53203125 0.2984375 0.06875 0.1109375
9 0.5328125 0.50625 0.06953125 0.11875
9 0.709375 0.38828125 0.0765625 0.11328125
9 0.7796875 0.22734375 0.06953125 0.1078125
9 0.6234375 0.2171875 0.0640625 0.1078125
10 0.4578125 0.109375 0.06953125 0.15625
7 0.53046875 0.1828125 0.06640625 0.178125
2 0.521875 0.4 0.0828125 0.12109375
2 0.325 0.61640625 0.0921875 0.11796875
0 0.15390625 0.50703125 0.08671875 0.14453125
0 0.2953125 0.88671875 0.08671875 0.12890625
3 0.61328125 0.54296875 0.078125 0.1046875
3 0.11875 0.7328125 0.078125 0.109375
3 0.21484375 0.725 0.06953125 0.11875
3 0.328125 0.7515625 0.07421875 0.1140625
3 0.4203125 0.63125 0.0765625 0.109375
3 0.71953125 0.7640625 0.0875 0.1234375
3 0.81796875 0.7546875 0.078125 0.1109375
5 0.09453125 0.86328125 0.09765625 0.134375
5 0.8375 0.89296875 0.09765625 0.13203125
4 0.39296875 0.88359375 0.0890625 0.15625
1 0.51015625 0.8578125 0.0828125 0.1625