3 0.10339541367652468 0.5374405448653851 0.08945588410204497 0.11888577886860804
3 0.13214131093274928 0.4181977212019792 0.07539338410204496 0.11806673151356133
3 0.3916374082736785 0.37427560302612406 0.07617463410204497 0.11811223414439738
3 0.406935455558138 0.28540281882525703 0.07286762357870132 0.11480522362105354
3 0.3553182896037132 0.1155600266612951 0.07980786831702939 0.1136522472985769
3 0.6008050948512677 0.08491145320965071 0.07833637357870131 0.11512374203690505
3 0.7874133688817267 0.43687025340729474 0.0800353814712091 0.1175584972985769
3 0.2653445929263034 0.8448981871422866 0.08981990514873246 0.12513577886860788
0 0.3248054950206768 0.27850734769386504 0.08263673670464602 0.14885399992941287
0 0.6710981241433986 0.4420876454018476 0.09044923670464619 0.149309026237772
5 0.5957711714278581 0.35849316637794776 0.077357702503779 0.1384247341443972
5 0.7896227980609184 0.6796646981597403 0.09468941567207612 0.12853379465362344
2 0.8025106639588733 0.7925896323888423 0.10621074459715381 0.15256282885449063
2 0.2821658848079167 0.6095599266189428 0.11104245776545092 0.1419438472703421
4 0.2249342976373953 0.2687521870716993 0.09934609456891899 0.18174979991529536
1 0.7619638607774576 0.21878738231825512 0.09916408404557515 0.17862479991529537
9 0.3258997452324383 0.5003445503388184 0.07980786831702939 0.1136522472985769
9 0.08508721650500468 0.7448358159120725 0.08669490514873238 0.1249537683452644
9 0.18233394282748133 0.7461792370575819 0.07989887357870126 0.1152147472985769
9 0.4957278558687214 0.6056859557698995 0.08036160516284988 0.10979149992941277
9 0.5778802032096507 0.5720929347937993 0.08329688936371689 0.12008425782192056
9 0.7622174058546041 0.5753713112856851 0.088128602532014 0.109465276237772
9 0.5062452108198098 0.27806148470909464 0.0831603814712091 0.11774050782192055
9 0.49140218984370954 0.35912176890996167 0.072503602532014 0.10855522362105355
11 0.1497676976656302 0.3027169343702762 0.094545202503779 0.13942579202278757
11 0.6747900844690984 0.2316506743410427 0.09100297355046649 0.14544827886860806
6 0.7403149158838376 0.06762305560049027 0.08244702090551322 0.13524611120098054
6 0.17631332906625205 0.11430688175355774 0.09559946828879458 0.14415879465362352
8 0.2611433553746113 0.10158009762327788 0.09324801301300525 0.15725803413027983
8 0.595607487551692 0.7088725979762137 0.11296897881213823 0.14828485253201382
10 0.767060155431081 0.1312873823182551 0.0940215577372161 0.17053928413027983
7 0.4086674716255022 0.5764982556851949 0.09843604195220053 0.16612479991529536