3 0.28203125 0.2203125 0.06875 0.103125
3 0.453125 0.303125 0.06953125 0.10546875
3 0.54375 0.2171875 0.0640625 0.1078125
3 0.53671875 0.40234375 0.05859375 0.09765625
3 0.79296875 0.30625 0.06640625 0.0921875
3 0.8078125 0.4109375 0.0625 0.10078125
3 0.26171875 0.51953125 0.071875 0.09765625
9 0.2046875 0.32109375 0.0625 0.1078125
9 0.17109375 0.41484375 0.06875 0.103125
9 0.24375 0.6453125 0.0734375 0.103125
9 0.3421875 0.64453125 0.0734375 0.115625
9 0.53828125 0.63125 0.0765625 0.0984375
9 0.81953125 0.6390625 0.0671875 0.10546875
9 0.76015625 0.878125 0.078125 0.0875
6 0.14296875 0.6203125 0.0890625 0.134375
6 0.44140625 0.5109375 0.06953125 0.13671875
4 0.25546875 0.40234375 0.0875 0.1546875
1 0.63046875 0.4953125 0.06875 0.14453125
0 0.6171875 0.303125 0.0609375 0.134375
0 0.36328125 0.3078125 0.078125 0.1390625
10 0.34765625 0.39453125 0.0796875 0.15
5 0.35078125 0.50625 0.0765625 0.11875
5 0.4359375 0.740625 0.0796875 0.1203125
11 0.43359375 0.8765625 0.078125 0.12890625
9 0.62109375 0.39921875 0.06953125 0.1109375
8 0.53828125 0.7484375 0.08671875 0.13203125
8 0.74609375 0.73203125 0.0875 0.146875
11 0.4375 0.39921875 0.0765625 0.125
7 0.63046875 0.609375 0.0921875 0.165625
2 0.709375 0.4984375 0.0828125 0.13203125