11 0.19903969764709356 0.15039611975432585 0.06869722727182856 0.13318222453146394
11 0.7752300507313487 0.14371214304478386 0.07650972727182843 0.13340954506457736
6 0.3627300507313486 0.13170961889639604 0.06896996266133204 0.14880722453146394
6 0.7793021217552368 0.3134479815245859 0.07570120373287814 0.1318243130112661
2 0.44476130073134873 0.1340964844940868 0.05847279342445262 0.12898045783841652
2 0.3170928534945875 0.641578712390763 0.08672052434972918 0.13683006175762494
7 0.6114811964292775 0.12096966184940235 0.06722623051823931 0.18311402837152993
10 0.606591730117793 0.6249895721159591 0.0787540657455871 0.17251750917119998
9 0.183607792209932 0.3180011569013444 0.08186938311602718 0.12731866943775677
9 0.5221890511383858 0.3106566359851549 0.0712903932622968 0.1028044027447093
9 0.5931407049539895 0.4104269669431096 0.06281937418757337 0.10958560015828453
9 0.7649998883943282 0.2372120904583591 0.06838358157389965 0.11521347453146395
3 0.8112910925375388 0.7646073162434643 0.07335745373287814 0.13175611685133184
3 0.10882461161226234 0.7512024503165692 0.07303017126547413 0.11300611685133202
3 0.2105780263849147 0.7432201172470434 0.07853983157389965 0.11550899122451135
3 0.3205024513038368 0.7597065867639424 0.07754039326229689 0.1029862591712
1 0.20205068588256134 0.8735070108205527 0.1057023494308071 0.15065688103709682
5 0.30393078572040555 0.9030474098043383 0.08428131696340309 0.13129311559769086