11 0.19314451329535398 0.14335859367872933 0.08256114199455275 0.11684713241536149
11 0.7707080711737443 0.12281675117835038 0.07864718671876343 0.1301011113381226
6 0.35590982380458025 0.12444899151398887 0.07734999722798977 0.1480562257995032
6 0.7702545029131846 0.2915122090238727 0.09256547355046649 0.14111587939029935
2 0.44014831591207243 0.12630186212368952 0.0721164656579587 0.13865395472226433
2 0.28979637428457294 0.6293501149523599 0.0993692103962868 0.13725053600615772
9 0.17113446345064573 0.30671256655136625 0.07157813936371685 0.11600224990180408
9 0.5099617450206768 0.29536950381062904 0.07084239199455275 0.11677895472226432
9 0.5789098951194989 0.39883941657480737 0.07171464725622467 0.11834599990180417
9 0.7570180265201207 0.21036674815328826 0.07502936305535748 0.10821247579950324
7 0.6074114106221657 0.09721328406125004 0.08224959983059073 0.17854315651766242
5 0.5858662794333054 0.5073558985226306 0.09464391304124006 0.12316531010845858
5 0.2687125166320616 0.8840739763886785 0.0954629603962868 0.13722781010845858
3 0.0775022296591843 0.7477329971713296 0.07612142619541977 0.12696247579950323
3 0.17951975596754352 0.7393296238311544 0.08149917093374795 0.1254317920562819
3 0.2900022296591843 0.7464967083365016 0.08265214725622458 0.11840963241536144
3 0.7839342401825279 0.7404991548673424 0.08485938936371688 0.1160795179539809
10 0.6807938296309495 0.7145457089256768 0.09525783404557515 0.17393292456983928
1 0.16410831661794414 0.8698438256265526 0.11245303932136456 0.16075621369925486