3 0.8026846696435415 0.21091275055700504 0.08446787860909737 0.10564202001113587
3 0.7298614994313191 0.38671272923300465 0.07672811379145834 0.10867611334340861
3 0.5532314899320138 0.12321494525782165 0.06675370174736131 0.1163704346753632
3 0.47001176111482595 0.5107973086012303 0.07218608415618064 0.11487156934277216
3 0.5535853676880897 0.6113598352562308 0.0758923124046877 0.10632327267663584
3 0.553782776598055 0.7371047225891398 0.0823241503605903 0.11420849801081764
3 0.8401566876922217 0.7150275385503235 0.09180825313413195 0.11900508601209037
0 0.6524923803215271 0.7578252079090042 0.09849466422829867 0.137827811346272
9 0.8293322097280551 0.508959351885778 0.07943553970326392 0.12432838534372674
9 0.8273177276798261 0.3941701458864143 0.07456620174736131 0.11646134134309047
9 0.6386182503812496 0.41432974657864036 0.0635741503605903 0.11399032200827222
9 0.7215268950422569 0.14078261123491362 0.06898834897381949 0.11171020667568139
9 0.6489057062126735 0.20723486191123136 0.07000598831649327 0.12187554734245412
9 0.5600958197197914 0.29808767592300356 0.06984233415618064 0.1148442973424542
9 0.3132786371584721 0.13069327995704744 0.076764481382639 0.1102386133434086
6 0.3948364552627429 0.18363591927913886 0.07983558320625014 0.14151588534372683
11 0.7275015252668748 0.28676727323364093 0.07734636284152785 0.13523861334340861
6 0.5526248925737148 0.48484278859009444 0.07305890634451409 0.15237156934277216
11 0.44202765900687435 0.7399671879376392 0.08515886284152785 0.1353295200111358
8 0.4314694058727423 0.8580268446053665 0.09854921561506966 0.140171561346272
9 0.13788567287458273 0.720075047979001 0.07703723831649315 0.1219573633434086
7 0.49391169452916656 0.08797742659932128 0.07265951605190998 0.16876872867599957
8 0.47895688212447907 0.19359162726768483 0.08114351006798622 0.1305965666772722
10 0.4764299877478123 0.26860071793445756 0.08594076605190999 0.16892327001113588
0 0.37931663877399274 0.380638188613957 0.07794642809600702 0.16101986334340862
5 0.30744359840513863 0.28072055195736556 0.07749183320625015 0.14148861334340862
2 0.24055030518649295 0.10107905263368333 0.07503898043270843 0.13677384134309048
3 0.21796483073770814 0.19897165996977412 0.07211334897381949 0.11174656934277225
2 0.20829758358749975 0.27875006663750135 0.08572190729444458 0.12596361067790857
4 0.1922712336637497 0.3632886986394103 0.09331750816812515 0.18384883601209037
5 0.23039786835367987 0.8392784866327287 0.10438164152687515 0.15586019601368123
1 0.27640788468993016 0.4732171346276381 0.09424422853284735 0.19010792667886314