3 0.3456640325860637 0.25925432779201857 0.0574225222431215 0.10825291327441153
3 0.6844692060080487 0.24491070330004497 0.07086293973360736 0.11285520409301446
3 0.7544726412930318 0.16010965739305943 0.068964858706968 0.12366987336031983
3 0.7808401872249684 0.33921398122834906 0.0814011917107738 0.12276247060135788
3 0.6906529500393687 0.6695765106269913 0.0761725222431215 0.10923555913596861
3 0.6031847835374659 0.6642095799397252 0.08232702174882985 0.10721935775648746
3 0.29878378502034064 0.6412103346894236 0.0767136917107738 0.1225168091359686
3 0.3235940785180003 0.435820149818286 0.06270027125453818 0.1038520183173656
5 0.25177476973448243 0.3154014292169281 0.07900836216700924 0.14056744629109835
5 0.6003396037268712 0.33053726481086276 0.06921952669174569 0.12991987336031982
4 0.07066676080005282 0.744344221505869 0.11730419961943914 0.1620639880142125
2 0.27534764912733517 0.8897330438708206 0.09557377965749528 0.1453335114199607
2 0.39706211752985465 0.6502754754625979 0.09303902866891205 0.140523180687266
1 0.5129165636892526 0.5162047698992455 0.08028170209089716 0.17181744629109835
0 0.6111803087463368 0.5448421042499847 0.0814011917107738 0.12276247060135788
0 0.410258431787761 0.3456289190401628 0.07744586216700924 0.1404855591359686
9 0.19209609182669207 0.7616689196059896 0.07931210969555132 0.12888963986866314
9 0.16044943277634413 0.32783947421940246 0.07671369171077376 0.1225168091359686
9 0.3162033897729761 0.5403438755080264 0.07861177273741297 0.11170213986866315
9 0.27711962102707677 0.2313915993887446 0.07677735870696818 0.12407930913596861
9 0.5208696210270768 0.24416599558898588 0.07092660672980174 0.11441770409301447
9 0.6001207223196712 0.16298127261277884 0.07320668973360753 0.11297803482570909
9 0.6876393324723329 0.4361089133859532 0.07327035672980173 0.1145405348257091
9 0.604684980648266 0.9156049836031983 0.07873910672980174 0.11482713986866315
10 0.4935949248304977 0.7790356405460317 0.08839794961943923 0.16054907564431212
7 0.8144167608000528 0.7833225073476309 0.1114362015966055 0.1711114393936935
6 0.7840023379095404 0.41532277984886806 0.07975777866891214 0.13982713986866316
6 0.7094215601920305 0.9368044566929766 0.08953202669174569 0.1263910866140467
8 0.4050987465027779 0.43382828188503303 0.08972302768032883 0.13567190637700666
8 0.33811151775731607 0.3293211663266293 0.0874111111784261 0.13633032564431194
11 0.7887787267311144 0.5478862963572114 0.09323002965749545 0.145210680687266
11 0.43518678901185437 0.2334122020568495 0.07510211216700924 0.14036272840327396