11 0.79296875 0.1296875 0.0765625 0.134375
11 0.2203125 0.12578125 0.06953125 0.1359375
6 0.62734375 0.1203125 0.0765625 0.134375
6 0.390625 0.12109375 0.07421875 0.13671875
7 0.478125 0.18671875 0.0671875 0.1859375
10 0.5796875 0.47734375 0.0765625 0.1609375
9 0.8078125 0.30546875 0.0765625 0.1109375
9 0.72265625 0.225 0.06640625 0.1140625
9 0.65390625 0.31875 0.0671875 0.1
9 0.46640625 0.2953125 0.0625 0.1234375
9 0.38671875 0.22578125 0.0609375 0.1109375
9 0.225 0.22265625 0.07421875 0.109375
2 0.48046875 0.40625 0.08203125 0.125
2 0.67109375 0.63046875 0.0921875 0.13125
0 0.85234375 0.5078125 0.0890625 0.1453125
0 0.3734375 0.51171875 0.0796875 0.125
3 0.48671875 0.51875 0.0796875 0.1140625
3 0.8859375 0.7453125 0.07421875 0.10546875
3 0.78359375 0.73203125 0.0765625 0.11328125
3 0.671875 0.746875 0.0796875 0.1046875
3 0.28046875 0.74375 0.08984375 0.103125
3 0.18046875 0.74921875 0.08203125 0.1140625
1 0.790625 0.8640625 0.1 0.1609375
5 0.68359375 0.8890625 0.0921875 0.1140625
5 0.15546875 0.884375 0.1 0.1234375
8 0.209375 0.28828125 0.0828125 0.14453125