9 0.20546875 0.131984154638774 0.06953125 0.1117465693427723
3 0.2890625 0.1302302032940927 0.0640625 0.1085579346753632
9 0.37578125 0.12453363928232053 0.06875 0.10079997867599957
9 0.43828125 0.29958763594050275 0.0734375 0.11022952267663584
9 0.4375 0.3995967266072754 0.071875 0.11880509134309047
9 0.15078125 0.49512050131286467 0.08984375 0.11510792667886313
9 0.76484375 0.2059439872295048 0.06875 0.11408122867599957
9 0.8125 0.6249207065563687 0.08203125 0.13064202001113578
9 0.39375 0.8821370539465481 0.08984375 0.11979542667886278
3 0.521875 0.2954899345958214 0.0734375 0.10866702267663583
3 0.51328125 0.7369961819303213 0.07421875 0.12117611334340861
3 0.6140625 0.8858234859166402 0.084375 0.11426304201145428
3 0.59921875 0.6109962085853219 0.0734375 0.11179202267663584
3 0.7140625 0.6229411305697317 0.071875 0.11880509134309047
3 0.696875 0.11610987523873162 0.0765625 0.11495338534372679
3 0.61328125 0.4061450765834129 0.0671875 0.1117192973424542
8 0.09296875 0.758293210654046 0.1046875 0.1504368993475449
6 0.34140625 0.4007148786203203 0.0765625 0.13292213534372693
11 0.42109375 0.6091626306095026 0.0875 0.143205654678545
11 0.521875 0.4962711845958214 0.08203125 0.14548577001113577
7 0.70703125 0.3636479465706862 0.09765625 0.1730113333465903
6 0.79140625 0.28766615455923217 0.078125 0.1524715666772723
10 0.80625 0.3671809318905505 0.09375 0.16671588001272664
8 0.80859375 0.4921536598902323 0.0875 0.137736904678545
0 0.62890625 0.49268201324795846 0.0796875 0.14545849801081764
0 0.19453125 0.8633614239735922 0.10078125 0.12773519601368122
5 0.32109375 0.6103262359564111 0.0984375 0.1433329240133631
4 0.3265625 0.48760635128900204 0.0953125 0.1526715613462722
2 0.60390625 0.29922291458468553 0.078125 0.14153406667727228
5 0.69375 0.1981774879058225 0.07421875 0.12976986334340862
1 0.70546875 0.2660098779042317 0.084375 0.17910679201145402
2 0.43359375 0.509798429941139 0.0875 0.132268154678545