3 0.2904406106841345 0.11972962432461882 0.07382877224312141 0.10789683475372307
3 0.2698283162350727 0.3050867709665742 0.06714769072219058 0.11624504809323426
3 0.3509920860067362 0.3961358677011969 0.08117835722409339 0.11595487141421187
3 0.5153729209877081 0.398219178956457 0.07067193874502423 0.10700645734906136
3 0.541916880455798 0.20483127750517816 0.06836002224312132 0.10770586179556511
3 0.7835777984405755 0.20265118549506092 0.08117835722409339 0.11595487141421187
3 0.1833509412536632 0.5060441249575909 0.0685191897336074 0.11161211179556503
3 0.14656716015047427 0.7553372860275166 0.09136644072219058 0.11709078547936258
5 0.3745609426993569 0.11053318439875259 0.0741298611784261 0.13443205290255764
5 0.6515517960062986 0.5914012053653268 0.07916752965749527 0.14318949400955017
1 0.4581400356261753 0.5488665089008566 0.08337486859279988 0.1698611214142119
4 0.6619441038384144 0.8656472372164924 0.0957647806460784 0.14844991288402412
2 0.8732954393136779 0.8684373874018266 0.10616111117842593 0.1355506088003402
2 0.6233843977560035 0.2841343423886354 0.08184686068413463 0.13236112141421197
0 0.6171158572240933 0.09189227868630451 0.0642601126613009 0.1411086388374071
0 0.3627241289729232 0.20404757142206115 0.07169061068413445 0.13200645734906136
6 0.27893937798434 0.20227922949676197 0.0798851126613009 0.14165427586071563
6 0.4513091265014653 0.1892186903892024 0.07248644813656427 0.1515377073490614
7 0.4420879768054764 0.2701239500078492 0.07903753707186886 0.1782911803072194
10 0.3412045450177155 0.5975446002780017 0.08892453163466155 0.1528918762235353
11 0.3408755756637939 0.743075355087325 0.0915574417107738 0.12177828547936258
11 0.7023768779843401 0.1874924661651 0.07441636266130089 0.14146330290255765
8 0.631756607755566 0.48960309238863536 0.08254719764227278 0.14954862141421188
8 0.7316292737631772 0.48298601543946057 0.08892453163466155 0.1528918762235353
9 0.8003063365010277 0.3827925532810758 0.0720261917107738 0.12109623920022683
9 0.7511273261580855 0.7310961332254754 0.08883168973360736 0.11232143992586607
9 0.23544527083460878 0.8821056279528158 0.08239068874502423 0.10741568511654265
9 0.44442102281177515 0.8841963736916465 0.07829343775644108 0.10259177586071573
9 0.265350357755566 0.5023982805852211 0.08251802273741297 0.11054068511654283
9 0.27305808699531936 0.40355155281773963 0.07905744171077381 0.12134177586071573
9 0.5477410465005903 0.5973734415703287 0.07468827669174587 0.12899058475372308
9 0.5444609017103362 0.30566709120750907 0.07652269072219049 0.1165724303072194