3 0.2699835306460784 0.1391663770904859 0.07824435821267653 0.11967802678548618
3 0.1941478839158391 0.23555237424069428 0.07339769072219057 0.1156626740119445
3 0.35628312798434003 0.2036269609623261 0.07851627224312141 0.10719621058107646
3 0.5934064431936485 0.11208885192052034 0.06941052768032882 0.1327410712384028
3 0.7610568582126767 0.10036683586861048 0.07833985870696818 0.12202177678548617
3 0.711420250037181 0.3791289219246522 0.07102210722409338 0.11482687262517359
3 0.2744030000743621 0.7849880233670137 0.08784219269935693 0.12536498233256949
3 0.7418412149796594 0.6075442094437147 0.07690469269935693 0.12511040919430555
5 0.2646314802655175 0.29568913402434005 0.08213336216700924 0.13850076196784727
5 0.6179156477560035 0.2913763084175342 0.07403436068413463 0.1312876740119445
0 0.6780162065395213 0.1734608033835411 0.07900836216700924 0.13842802678548613
0 0.4360024614824372 0.20255346381211772 0.0741298611784261 0.1336314240119445
1 0.5687101211014388 0.5615264606779856 0.08375687056996632 0.1783445119678472
4 0.6734745114430686 0.8296569052071522 0.08855711710992509 0.16206554853697916
2 0.46740624216569665 0.7429602582650343 0.09303902866891214 0.13797408510611114
2 0.2512480484777566 0.6197448830744096 0.10587460969555132 0.1273457096311459
8 0.18798806722365588 0.31467682978777767 0.08410969764227279 0.14869337955902787
8 0.700936394790254 0.27536814228937445 0.08033078163466154 0.15172746058107647
11 0.36069339676742035 0.2926712771667358 0.08229252965749527 0.14240701196784727
11 0.5595619086675996 0.7400333203853815 0.08203786167271758 0.13615701196784719
6 0.25489833600673617 0.4022664423449651 0.08858895060802237 0.16284679853697917
6 0.5396646082498575 0.5012072097280551 0.07923119665368965 0.14389677678548624
10 0.4491351087441492 0.5056602800165274 0.0934674515966055 0.1676434013105208
7 0.5415388315581119 0.3744810555677426 0.09007053756616053 0.18005248233256949
9 0.4542125865010278 0.39997332446944406 0.07221719269935693 0.12500130642076393
9 0.16804427623463516 0.5161126964290277 0.08108285672980182 0.1127195119678472
9 0.15665176737456765 0.8698377616835067 0.08965936068413449 0.13165134992375016
9 0.8412045450177155 0.5895916836081591 0.07487927768032883 0.13286835780753475
9 0.523007712965312 0.2075663125015968 0.07859452669174569 0.12827177678548624
9 0.6161714170333754 0.3829098449866662 0.07462460969555132 0.12661835780753483
9 0.36683194471370434 0.5200877623490969 0.07846719269935694 0.12514677678548622
9 0.3592184214819997 0.4100042475314581 0.07867543973360736 0.11110246058107656