3 0.5517861573635627 0.13949117866468796 0.07036998746358769 0.11093880642076392
3 0.8352816528112165 0.4181487344198619 0.08585859514371989 0.1066149823325695
3 0.6504279650310595 0.6452528290252784 0.08631323620994653 0.1222399823325695
3 0.650022451241006 0.524849410047327 0.07285012978345566 0.11568085780753475
3 0.45600671212806565 0.7712847329012504 0.0707109682632577 0.12265755642076392
3 0.4476248769469688 0.49512162319385455 0.08532739773014449 0.11519054853697916
3 0.22845001346084914 0.7464438145888892 0.0800859682632578 0.12287576196784719
3 0.16340533815059763 0.6174998905769445 0.0778558785298145 0.12672746058107656
5 0.8281247191876947 0.5297765654419104 0.09366273495630537 0.13334113649288212
5 0.7434003782006101 0.51295078172257 0.09609741316955045 0.13652068787965277
2 0.6643754901038841 0.8644756077106257 0.10733042986259811 0.1469315110179167
2 0.4541439984171543 0.6203580125365281 0.08679060932948453 0.1386462323325695
4 0.4691016894960164 0.10629551253652818 0.08740437476889085 0.1597399823325695
0 0.27229591950426374 0.3948819677992711 0.09056046700961655 0.13404965131052088
1 0.17073576801319565 0.4730413757593057 0.10076819279472175 0.18971842306201392
0 0.3537000660472739 0.7407594718833337 0.08600935932948453 0.13862804853697916
9 0.7512774111909936 0.6452547886564243 0.09072795157021041 0.11297408510611114
9 0.7932673682379873 0.8948378677786117 0.09883596826325772 0.1233121730620141
9 0.5692688932443049 0.6402367142838894 0.08155754005001245 0.11978712955902786
9 0.5663819224737645 0.7394554642838893 0.07303198620994636 0.12193085780753474
9 0.6333447312618885 0.3188533299752089 0.07501202335696497 0.10948540919430556
9 0.2260958355768082 0.12878353590354186 0.07765129005001245 0.11969621058107646
9 0.37469217913768216 0.63727144918191 0.0730547182632578 0.12271210780753475
9 0.2636530422280905 0.5307103650257294 0.08006323620994645 0.1220945119678472
6 0.8095806223281153 0.30731968398302156 0.09127352084968265 0.13172408510611114
6 0.7277994249145401 0.2968166354460423 0.08616848370266403 0.14409679853697926
7 0.6368681995251463 0.19775957997520885 0.08691864146193815 0.16987804853697924
10 0.4540436761681813 0.30138980698944484 0.08312605172849494 0.17369337955902786
11 0.3799817020324288 0.21367029502159757 0.07375941191590929 0.14693085780753473
11 0.2814760058724947 0.21372288677722245 0.07856057218246608 0.15094621058107646
8 0.371332813077773 0.40344130983923643 0.08715432218246608 0.1511462323325695
8 0.5631816807870349 0.5001565749412158 0.09218280298213628 0.16297408510611114