3 0.273214266790223 0.15033733901489232 0.07504961841898705 0.11576389845605392
3 0.18411207205503333 0.23796133538669526 0.07544892250267106 0.1048536803072194
3 0.35052824573883073 0.22108883783376596 0.06475695916315986 0.11150298439090331
3 0.5993501808553736 0.15155762095087577 0.05813493693064124 0.1229761977304145
3 0.7652752812181932 0.1487476233979465 0.0682093413771451 0.12098711179556507
3 0.6855778244172861 0.41504225679305795 0.07583086841898705 0.1157911803072194
3 0.6933630094490109 0.6624901756675319 0.07551340988879929 0.12904514845605383
3 0.2082017810485572 0.7800868372007939 0.07532243693064133 0.12357639845605384
5 0.24933527877112255 0.2965575745869221 0.08578871097725846 0.15515378067003915
5 0.6056572006408214 0.3293378805695226 0.07858384618646852 0.12759177586071563
0 0.43811009129232703 0.22180065516429393 0.06889138765628075 0.14051836179556504
0 0.6798437235063122 0.22085574717441112 0.07156251987026589 0.14997520734906136
2 0.30805299202581565 0.6310441911918105 0.08686013765628076 0.14114584437236993
2 0.213462233040141 0.5174504279449667 0.08712303248413758 0.1263293762235353
4 0.49979156952314463 0.7402084039831676 0.08996777948891257 0.16310268992586607
1 0.3886209126295702 0.8998066040758348 0.07929317431676956 0.14790427586071572
9 0.13374745118897557 0.515448929126093 0.0757763047166562 0.1142286803072194
9 0.10637144093735654 0.6498140054422956 0.08442461841898705 0.11609128067003915
9 0.18929303522490848 0.8959747320286506 0.07365080952597962 0.12039683475372306
9 0.7953620190676576 0.6535368163190376 0.07624009618646851 0.1275099303072194
9 0.32993545962649606 0.4300000463639537 0.07742065027015244 0.11662699400955016
9 0.5911457781381504 0.43129968465320667 0.07022570916315977 0.11169395734906136
9 0.515716736120184 0.2393725902808367 0.06497521397248321 0.1177529843909034
9 0.4325247462869849 0.42654271886662476 0.06481152286549072 0.11306548439090332
11 0.3451834921106337 0.3069444922802697 0.07570438284695732 0.13451389845605402
11 0.30286944030438434 0.7794816911918107 0.08647819173996467 0.13020834437236992
10 0.41750489229596816 0.5206647410991433 0.08231897059590523 0.16751737141421189
6 0.5032241374866447 0.5299157447273404 0.07578622840045365 0.13685764845605403
6 0.22741066035213547 0.4092113420101173 0.07872025544229562 0.13149802586071574
8 0.17058279619431768 0.31179813947037927 0.08437997840045357 0.1371577488188736
8 0.6898238695152954 0.31585078864422345 0.07834823320977709 0.14318949400955017
7 0.5170733610777749 0.40211812694132554 0.08191966651222131 0.1784275895630465