3 0.5554109219446388 0.43063711813568933 0.07778064934754489 0.10780718281352523
3 0.4682569146244565 0.33016493285070625 0.07223008334659031 0.10055309832684482
3 0.37995748329091106 0.3281302475657231 0.06607099001431749 0.10811093034206723
3 0.8458706479153676 0.6581996799221377 0.07788064668204484 0.11640093281352507
3 0.6488512919319123 0.5282389714054501 0.06767894334818117 0.1120808473382617
3 0.67317584587846 0.9231668108350461 0.07553689668204484 0.1163054323192334
3 0.480153646562732 0.7855527698088446 0.08569314668204484 0.11671926779449712
9 0.8471160692632307 0.5511684299221378 0.07018632535009033 0.12623884783255335
9 0.6527473565802312 0.6636180558921303 0.07947041868236297 0.11880834980971962
9 0.6608769352323682 0.7710313078692967 0.07557325934913557 0.11943043231923359
9 0.7370705492918656 0.33564690619614157 0.07695394601368122 0.10386909931542795
9 0.7914142459818645 0.16590475056865367 0.07000451201463562 0.11061384783255326
9 0.6367540179821827 0.15725796794540892 0.07085848734881743 0.11689568133065045
9 0.22872279463718317 0.2266102154367699 0.06231019068268111 0.12045176285158128
6 0.48021037993318494 0.5119879358164557 0.07744484201940835 0.14605659931542797
6 0.7186756326384558 0.23719481874371168 0.07815336668522636 0.13983843281352515
7 0.2107353159611836 0.2946598784786316 0.07394767202418073 0.18105368182494203
10 0.17507688991886736 0.6050734550566466 0.09406017735518084 0.1646938527754692
11 0.36623769191600386 0.6339664120904596 0.07580052601845369 0.1389616823192336
11 0.879536028564641 0.7877571873365115 0.0860295013526354 0.14562551779449712
8 0.6511603212921837 0.32980147140545 0.07590961401972648 0.14833668231923358
8 0.5662500666375013 0.23801853661475852 0.08591132268459009 0.13546926779449714
3 0.46233834321296 0.9059780163488034 0.08871814934754489 0.10825285178688589
4 0.6462450072804116 0.4163610539149641 0.08929995202099902 0.1582528517868859
5 0.3036864319700923 0.23279123125410073 0.06643461668522636 0.13936093034206723
5 0.14929345054905085 0.872900283611828 0.09143461668522646 0.14037960228117755
2 0.4728460593173189 0.1372916833449978 0.06255563868554467 0.1415455128515813
2 0.40093469665022796 0.1374880015200558 0.08217779535327167 0.15015385030401113
0 0.37810353461172974 0.42028591406762594 0.0679425726845901 0.1347370973382617
0 0.2623678045830948 0.6266075568435325 0.08372211401972632 0.14865501730020547
1 0.4709888265834129 0.6327633508354837 0.09405108668840807 0.1639126027754692
9 0.3523366345480964 0.8882082431170989 0.0749738226845901 0.13502359882113665