9 0.1729265461943177 0.31294962205284105 0.07008929990733277 0.1081745973382617
9 0.15582583703115777 0.4217834525851886 0.08615080952597962 0.12131126730020547
9 0.4360441050873251 0.328365010911596 0.0753943588003402 0.10370993182494201
9 0.4008307690676577 0.642221922470583 0.0816443588003402 0.10396459980971962
9 0.5933853128997226 0.7963695474891734 0.0856870180561673 0.10803001730020548
9 0.6917162409295073 0.2433347307969902 0.07297868693064125 0.12389509783255326
9 0.7644543364830036 0.2439514961200294 0.07063493693064124 0.1237995973382616
9 0.4499131760460501 0.15524584589256793 0.06670140507947586 0.12285917984777565
11 0.36360365381353155 0.1399935776037792 0.08092759618646843 0.12811968281352515
11 0.2779016674388936 0.8914804817483922 0.0838343413771451 0.12199701680591417
6 0.4881770016444625 0.6277866907593717 0.07196182395394998 0.13945643083635878
6 0.8091194403043843 0.8020305929639994 0.10243057395394999 0.1406979372621496
7 0.29395826489130644 0.5212953157407811 0.09363841651222131 0.17934660178688588
8 0.34730898730131027 0.31536099212851565 0.08805061542376214 0.15337435079830275
8 0.24170382804548313 0.3149697198853942 0.09102928248413758 0.1269710182887888
10 0.6075272686043215 0.12255004551200707 0.07738593393541641 0.16074118182494201
3 0.19377230345071184 0.1416794585166877 0.07798364546082906 0.11083668231923358
3 0.7737871856646971 0.15592491410480697 0.07273315027015244 0.11686384783255326
3 0.26674352278067276 0.2252360578321157 0.08043652286549072 0.11405718281352514
3 0.4403719957388308 0.22683434440969313 0.06989832694917482 0.10270584733826169
3 0.6038342950131914 0.25070687901010424 0.0589881088003402 0.10304142836490086
3 0.6780951958314979 0.34213964532172664 0.07302332694917482 0.10283318133065045
3 0.6876264193378102 0.5396831487817677 0.07313245435383635 0.10595818133065045
3 0.7048361896714121 0.9206121552075583 0.08615080952597971 0.12131126730020583
4 0.20805299202581568 0.6288902984405755 0.10394843393541642 0.1618235207602467
2 0.2796055550951744 0.7530718977560036 0.11005210099579195 0.1355475222431215
2 0.16311248114122445 0.8852384575281047 0.12282491950744619 0.1438693582126767
1 0.49410456471382125 0.7492942762346351 0.09272075725639403 0.17540851828878878
0 0.5880753418404812 0.4331373770329379 0.07942958357259684 0.15224293231923358
0 0.6077653376641299 0.3173677969948819 0.07231648801910033 0.14961268083635879
5 0.7968426735141614 0.6607052560058612 0.08923116950744614 0.14250051779449713
5 0.5140153376641299 0.31354777722321836 0.07664932395395 0.13964743182494202