3 0.7873461994596951 0.18644443803895627 0.06954366288402411 0.09332395409301446
3 0.7049974909295074 0.17750320726083313 0.06782739546082901 0.11116987336031983
3 0.611755922417853 0.1901879929910534 0.06984376324684405 0.10191770409301446
3 0.5297941050873252 0.2818232943251059 0.0566443588003402 0.10356541327441153
3 0.45497266516145896 0.3699651034610745 0.0663740228654909 0.11421298620519008
3 0.36138390018533445 0.19161213138937855 0.062413209163159955 0.11244576831736568
3 0.2870014590783419 0.20018927125804176 0.058960826949174816 0.10290699400710626
3 0.21496276797134933 0.20864358039401038 0.0592336454608291 0.11071949400710616
9 0.8473560502858508 0.7011000802824687 0.07725695916316014 0.11322369629109837
9 0.7380083321370163 0.7060509311415514 0.08993800843752045 0.0967322371097012
9 0.6317856139881817 0.7108380076903744 0.07321429990733286 0.10911272840327406
9 0.33186745954167807 0.7242165914752868 0.06481152286549072 0.11413109905006032
9 0.5299776104448026 0.47754855212702196 0.060069459163159776 0.11232293758467105
9 0.45096223304014094 0.4848088534610745 0.0663740228654909 0.11421298620519008
9 0.24000734175566318 0.7196729336279422 0.07844743693064134 0.12498338986866316
9 0.14691954066720408 0.7502855257805976 0.08054565027015248 0.11807497060135788
5 0.7822445264088698 0.08689481739216995 0.0778571598887993 0.13041119629109835
5 0.21405752159954644 0.12291079828183474 0.05781747840045366 0.13715916327441158
2 0.7026661538135315 0.08794606230378728 0.07155259618646852 0.12852114767057934
2 0.28612349455770436 0.11367523914586615 0.06524803248413757 0.12663109905006031
0 0.6191269675158624 0.09076452510322901 0.06935517912609299 0.15491987336031982
0 0.3686185360275167 0.09609491350155418 0.06288692431676957 0.14834232473980083
1 0.5403943323066523 0.07545816584750313 0.06976440689357447 0.15091633169500626
4 0.45334820009266724 0.08220225011357131 0.06817462504240908 0.16440450022714262
11 0.852147699290059 0.8318587573516902 0.09660715988879928 0.13139384215265543
11 0.11097706226675046 0.8862982688831925 0.08712303248413762 0.1277775192218769
8 0.7568079174388936 0.837635123814605 0.10461063284695733 0.1372720279283044
8 0.22051575337374302 0.87587866802411 0.10899803248413757 0.12892393939369348
6 0.6392657533737431 0.8539329104493365 0.09092015507947586 0.1248572371097012
6 0.33269829484355534 0.8567424864323326 0.09172868693064125 0.125679430687266
10 0.5440723044622022 0.8331877204898163 0.09179317431676956 0.1498572371097012
7 0.43719482188539727 0.8567247970386394 0.09513642912609299 0.15627101141996072