3 0.199823929126093 0.1617574508136541 0.08590527286549077 0.11523657564431193
3 0.2713293960938012 0.2442667356393632 0.08388890507947586 0.12448874491161739
3 0.36136660825218603 0.3215086663266293 0.07555804990733277 0.10923555913596861
3 0.5217708509957919 0.15835464834794788 0.07055309137714509 0.12223020409301447
3 0.5994047776748141 0.14838650610443546 0.0736780913771451 0.12239397840327397
3 0.6939062897405318 0.3311381303692664 0.07384178248413775 0.12708147840327397
3 0.8186955025318887 0.5326331105815627 0.07375993693064124 0.12473772840327388
3 0.6604291678629837 0.7793399349826793 0.07687501324684387 0.10228619629109836
9 0.19183286905195923 0.24555924072774582 0.07077134618646844 0.12848020409301447
9 0.529925635294028 0.3248837290806425 0.08087303248413757 0.12744997060135788
9 0.6081473498146656 0.24242311114738957 0.07569445916315995 0.11314180913596861
9 0.7912723630615095 0.35027763398731104 0.06309525544229562 0.1319770183173657
9 0.1827282314804965 0.43145911917644836 0.08194445916315987 0.11346935775648763
9 0.2615749724948218 0.5455459526226765 0.07553076805616729 0.10845430913596843
9 0.3634326606914075 0.9166197704650724 0.08606896397248338 0.11992407564431176
9 0.42955606914462646 0.15274205619529252 0.06829118693064125 0.12445112336031983
0 0.18651294119181058 0.3388588613745322 0.08739585099579186 0.1355900192218768
0 0.5228546905588385 0.23405401119281813 0.08437997840045348 0.1385512449116173
5 0.35505709926651136 0.43113264981828586 0.08717759618646843 0.1293400192218769
5 0.7404440169598591 0.5472478092475102 0.09202878729346117 0.13427318068726599
2 0.1514138103285878 0.8969303109449909 0.12023563284695733 0.1380908994796016
2 0.45992073637463793 0.7766299355485062 0.10461063284695733 0.13727202792830404
4 0.3545288535276806 0.6393169640426372 0.08988593393541641 0.16223440637700648
1 0.8927729311098276 0.8897739032091879 0.12434277948891292 0.16637967378986113
8 0.548065544001701 0.5317069391665508 0.07840279691210786 0.14603619629109837
8 0.34822422359113014 0.1461401741285454 0.09146579210278442 0.14048223710970126
7 0.45021337576019926 0.6326342740831169 0.09021331614940173 0.17160940637700647
10 0.43104913647515436 0.24016016904016277 0.09203871097725838 0.1568884871097012
6 0.8531474028020412 0.6482924101065929 0.09184773801910033 0.1514197371097012
6 0.5615427784774225 0.9176444391665509 0.10223960099579195 0.13636794719560968
11 0.6852728450053421 0.24022652532631233 0.08114585099579194 0.13526247060135788
11 0.2510541678629837 0.7578855003386842 0.09715279691210785 0.14701884215265543