5 0.7796743853422278 0.11843539083325552 0.07734427088084708 0.1357114034085667
5 0.20938461123992674 0.1322964825501296 0.05693632211051112 0.11895059740221221
1 0.5349567829810955 0.09067244967898372 0.06508971057599684 0.17768071509696395
3 0.7840306081166688 0.19571095698587965 0.06699257816063522 0.10194037540538944
3 0.7204408067888088 0.2780791720828436 0.0724613281606354 0.10203583279171564
3 0.6192232195529872 0.20483831534514052 0.058476096212812224 0.11507162094116259
3 0.2903306050916067 0.2129231452941871 0.05917553298109555 0.10102275771063773
3 0.21851014724608436 0.22355272808590274 0.05916644262201594 0.09946025771063774
2 0.38587543012898406 0.3854918461876915 0.07026756908544911 0.12777617248329012
2 0.8102663760706497 0.27338594359319907 0.08506586729005079 0.12022277110331832
8 0.6776549057320954 0.5788564679429282 0.0944681383672897 0.12507391233702042
8 0.3801986436318471 0.6184270771129681 0.08041472872636941 0.12639095048646726
9 0.8839872398446591 0.7237074975709585 0.07253405103327211 0.11453583279171564
9 0.7699429205628183 0.7288234659143333 0.0748550751355733 0.11067049310014117
9 0.6660321253832786 0.729855906254531 0.07406473477649378 0.10909435633066593
9 0.37075144164005724 0.7404793551161453 0.08498405405833438 0.1061602711033185
9 0.2761747398446592 0.7343169042226408 0.0631272347764936 0.10890344155801372
9 0.1778554145126942 0.7563476371765122 0.07253859621281204 0.11531708279171564
6 0.5729951976901815 0.7197599318220762 0.07501415641946671 0.138014243100141
7 0.8042093571347102 0.8438620848269011 0.10873062626704169 0.15969437418757337
11 0.6886525348278073 0.8575990767092263 0.08347609621281205 0.11550799756436803
11 0.15521786611170058 0.8942567402607674 0.08829086123992677 0.13746481818121908
4 0.4487652738077134 0.1828111310907276 0.07433744554888229 0.15596935633066597