3 0.7059630938803094 0.1866734893730088 0.06236091294411601 0.1006860747398008
3 0.7084095436326404 0.2847424971749249 0.06704841294411601 0.10093173620519007
3 0.6205285539717227 0.2807753714397559 0.06296022642635143 0.09682076831736577
3 0.4470247415229446 0.19089175712454756 0.071735912944116 0.10117739767057934
3 0.44125843093619344 0.29796395070211246 0.06603172249741007 0.11256859905006031
3 0.2531098058337495 0.5057775299644691 0.06886562406898662 0.10648237336031982
3 0.16535509470887896 0.5158319606517352 0.06715757485477489 0.10327548620519007
9 0.8026261164205006 0.3702086064017505 0.0713185359796455 0.10894895409301446
9 0.8168983240307146 0.49883157338506373 0.0689747859796455 0.10882612336031983
9 0.7270117245688338 0.6048569233396353 0.07188146215832773 0.10430239767057933
9 0.638214590160765 0.7209566361390769 0.06730312406898661 0.10640048620519008
9 0.20404929777097883 0.8730812166446288 0.07667812406898662 0.10689180913596844
9 0.12962084016076503 0.7476109051338111 0.07418882485477489 0.10364397840327406
9 0.34208241460125516 0.4863071556996381 0.06345253205070396 0.1241235747398008
9 0.2758881420610638 0.30117523914586614 0.0718450748547749 0.10352114767057934
6 0.8269324878034002 0.7017142339459419 0.09415672249741007 0.11404256784239593
6 0.5272022772977023 0.4773847778167625 0.06959337014004525 0.12210737336031982
11 0.7459285827171669 0.83455106739217 0.09339474317557439 0.131148180687266
11 0.5385464997951123 0.3676822291962435 0.07204628205070396 0.12457395409301446
5 0.5311662235353765 0.7102005998430299 0.07384422249741007 0.11297803482570909
5 0.4359158436754217 0.5967323213488989 0.07439003205070396 0.12469678482570892
0 0.7192506902418183 0.36990206920119223 0.07322779238978612 0.13320864767057933
0 0.3560422148489241 0.3873783327688596 0.06814003205070396 0.12436923620519007
1 0.6340045490093239 0.3595621127333286 0.07662677419282105 0.15598772840327396
4 0.543919012201109 0.16866819708406783 0.07152189722835037 0.16351362336031983
2 0.16701610215247706 0.39650542853955956 0.07947779238978621 0.13353619629109836
8 0.31388667825010624 0.7402919708285005 0.08449277812176251 0.14081310775648745
8 0.21401511083892943 0.7260424423343694 0.090524454300445 0.13645315637700647
7 0.4410657241545491 0.4694295149264637 0.07933439722835037 0.1639230591359686
10 0.26912441170577106 0.3794640134561257 0.07273764081820958 0.13941770409301438