5 0.203125 0.1421875 0.0890625 0.1265625
5 0.7640625 0.11484375 0.0765625 0.11875
1 0.43828125 0.1078125 0.0875 0.1859375
4 0.52890625 0.1859375 0.0765625 0.16015625
3 0.19453125 0.228125 0.0625 0.10078125
3 0.27265625 0.3109375 0.06953125 0.11328125
3 0.36875 0.225 0.05859375 0.1046875
3 0.69296875 0.2078125 0.05859375 0.103125
3 0.76171875 0.2125 0.0671875 0.1078125
2 0.18125 0.3125 0.0875 0.1296875
2 0.61328125 0.3875 0.0921875 0.1359375
6 0.709375 0.390625 0.0921875 0.146875
8 0.33359375 0.60859375 0.1 0.1359375
8 0.6359375 0.61796875 0.0984375 0.125
9 0.14453125 0.765625 0.0875 0.11328125
9 0.2546875 0.75703125 0.08203125 0.10546875
9 0.3609375 0.7484375 0.0828125 0.1078125
9 0.65234375 0.73203125 0.0734375 0.1078125
9 0.75078125 0.72265625 0.0828125 0.11875
9 0.8421875 0.740625 0.078125 0.115625
11 0.3453125 0.88515625 0.09375 0.12109375
11 0.87890625 0.86015625 0.0953125 0.12890625
7 0.2296875 0.8765625 0.11328125 0.15625