11 0.203125 0.1375 0.07421875 0.12109375
11 0.7796875 0.12890625 0.06015625 0.12265625
9 0.19140625 0.22265625 0.07578125 0.1
9 0.27734375 0.228125 0.07421875 0.0953125
9 0.35546875 0.22578125 0.0609375 0.10078125
9 0.61328125 0.2125 0.0640625 0.103125
9 0.6859375 0.21484375 0.05859375 0.11171875
9 0.7703125 0.2203125 0.06953125 0.103125
9 0.52734375 0.2984375 0.06953125 0.10078125
9 0.5328125 0.49609375 0.06640625 0.1078125
6 0.36640625 0.12578125 0.06953125 0.13125
6 0.6015625 0.11328125 0.0640625 0.1296875
8 0.6890625 0.1109375 0.06484375 0.13125
8 0.3421875 0.30625 0.078125 0.12734375
10 0.44609375 0.1109375 0.06953125 0.16484375
7 0.52734375 0.175 0.0734375 0.1765625
2 0.51796875 0.4046875 0.07421875 0.13203125
2 0.196875 0.87890625 0.10078125 0.12890625
0 0.2390625 0.4046875 0.0796875 0.13671875
0 0.3125 0.890625 0.071875 0.13203125
3 0.1265625 0.7515625 0.08046875 0.109375
3 0.2203125 0.73984375 0.07109375 0.1046875
3 0.334375 0.7546875 0.06875 0.1109375
3 0.42265625 0.75859375 0.07578125 0.1078125
3 0.728125 0.740625 0.071875 0.11171875
3 0.82421875 0.74609375 0.06640625 0.1078125
3 0.6125 0.53671875 0.06640625 0.11171875
5 0.103125 0.8859375 0.09140625 0.13203125
5 0.85234375 0.87578125 0.0890625 0.1265625
4 0.40703125 0.890625 0.0921875 0.13671875
1 0.521875 0.85546875 0.0875 0.14296875