1 0.5343148709042882 0.2726700525939124 0.07296584308955403 0.18833634134309046
3 0.2755802203385541 0.2998978132956836 0.07014484923787415 0.10627781934277233
3 0.6967148769544125 0.2879666939051862 0.0748959817514315 0.11726986334340861
3 0.7803131721339522 0.2862127425605049 0.05929370764913067 0.12099430000795426
5 0.3416586965308408 0.4897410159532294 0.07886586426498887 0.12825281667727212
8 0.24392972365820387 0.5033773492998197 0.08590620462406848 0.12989713267822686
9 0.1253332180008631 0.746928449315728 0.0771897347764936 0.10870338534372692
9 0.23863264871902237 0.7424853026336834 0.08264484923787414 0.10642327001113579
9 0.34088147082953346 0.6233347659532293 0.06939541549465282 0.11173747867599956
9 0.6440968535394825 0.7385484965786404 0.08115507211051103 0.11890508867759024
9 0.7243212056060271 0.5110678392345955 0.07486416549465283 0.11180111334340878
9 0.8158178383159761 0.6287451405554142 0.07722155103327247 0.11417213534372675
7 0.21213326035173252 0.8662227946371832 0.1086306323171656 0.1418795120146356
2 0.521449173017715 0.8727791405951851 0.08746870462406839 0.12991531401177242