3 0.209375 0.21484375 0.0640625 0.1078125
3 0.2734375 0.29375 0.06640625 0.10234375
3 0.371875 0.21484375 0.0609375 0.09765625
3 0.69765625 0.2140625 0.05859375 0.10078125
3 0.78515625 0.2875 0.06953125 0.103125
5 0.7671875 0.11875 0.0625 0.1265625
2 0.1890625 0.2921875 0.084375 0.12265625
2 0.61640625 0.3828125 0.06484375 0.1265625
11 0.5296875 0.39765625 0.06875 0.13203125
1 0.61640625 0.18515625 0.06953125 0.1734375
8 0.33515625 0.59921875 0.09375 0.13125
9 0.13203125 0.7515625 0.08203125 0.11328125
9 0.24375 0.75234375 0.084375 0.10546875
9 0.35078125 0.74296875 0.0765625 0.10078125
9 0.6421875 0.73828125 0.08203125 0.10078125
9 0.7390625 0.7359375 0.07421875 0.115625
9 0.8359375 0.7578125 0.07578125 0.10703125
7 0.2203125 0.8609375 0.0984375 0.1453125
11 0.33046875 0.878125 0.084375 0.11640625