9 0.803378488292535 0.225 0.07403746369925486 0.103125
9 0.7268296238311545 0.22265625 0.06475336729005096 0.11875
9 0.6408875786516146 0.2234375 0.0568363281606354 0.10078125
9 0.5580750786516147 0.2234375 0.05923916549465282 0.1109375
9 0.4784330304470128 0.215625 0.07019484621281222 0.1140625
9 0.38858019008793315 0.2171875 0.05698631908544902 0.1265625
9 0.3128034852674729 0.21640625 0.07017666549465282 0.1109375
9 0.23234382562655256 0.21484375 0.06706530103327228 0.11328125
11 0.802315958041914 0.1390625 0.07648120764913066 0.1203125
11 0.22503129537593156 0.12890625 0.07267040641946654 0.13671875
6 0.6368000423508694 0.1203125 0.061719270880847076 0.134375
6 0.40009492788948886 0.11796875 0.06953177088084708 0.134375
8 0.31415742788948886 0.11796875 0.067996541958086 0.1390625
8 0.661522265518094 0.30234375 0.08755051785578498 0.14296875
10 0.5572034459416656 0.1046875 0.07283857806243947 0.165625
7 0.47679832845522296 0.09375 0.05647777985783762 0.1734375
3 0.8769048083599426 0.746875 0.0803783672900508 0.11875
3 0.7808837812325796 0.734375 0.08500223477649378 0.1078125
3 0.6659673083599428 0.746875 0.07253859621281222 0.1140625
3 0.5753195824622437 0.75078125 0.06795109016268785 0.13125
3 0.46908321800086306 0.7484375 0.07256132211051103 0.11796875
3 0.3851496212970717 0.53828125 0.06076984923787423 0.10546875
3 0.2753150372827039 0.7515625 0.07175280103327228 0.11328125
3 0.1730349197962612 0.740625 0.06936359923787423 0.10546875
5 0.8995741730177151 0.87890625 0.09059370462406875 0.12890625
5 0.14796622122231695 0.88671875 0.08358972570130732 0.13359375
2 0.798770197120016 0.8828125 0.09917381908544912 0.1265625
2 0.25107758568369754 0.8890625 0.08984427088084708 0.134375
0 0.6885821308632373 0.88828125 0.08511586426498888 0.12734375
0 0.35264463086323733 0.88828125 0.08279938534222771 0.13203125
4 0.5901219049655383 0.8921875 0.0789158612399266 0.1359375
1 0.4723576880448297 0.85703125 0.08073743647369583 0.18046875