5 0.6179607742202877 0.13626000316486092 0.08337752718603735 0.13163443511654283
3 0.7281209772997681 0.3125174575186974 0.06207818874502422 0.10670635698624169
1 0.46667414133021295 0.29090531922944446 0.0762799515966055 0.16805308475372308
3 0.3068508137636147 0.3126290078893663 0.07398793973360736 0.11180308475372307
3 0.2203867317483923 0.31585072241000384 0.07373327174882985 0.10555308475372308
8 0.7755875207974278 0.5201315500769688 0.09756736117842593 0.13525050843752046
9 0.9065814887056556 0.7673289870076101 0.07414710722409339 0.11570933475372307
9 0.799773073192336 0.7690601233979464 0.0775121877564409 0.10256449400955034
9 0.69258265570185 0.7614162597882828 0.07851627224312133 0.10806052586071573
9 0.3982424066904332 0.7558185018989165 0.07639535672980173 0.11344743030721922
9 0.3012387782118015 0.5386731527172233 0.07462460969555132 0.12742808475372308
9 0.21730147140545003 0.6613442716843644 0.08761935821267652 0.1208606262235353
7 0.8339809299221377 0.8810343337422328 0.11424286661563343 0.161577395460829
2 0.5185296848650536 0.8934226840202344 0.10657494665368965 0.1457068588003402