5 0.7678829124695907 0.1284582847708134 0.07256586729005114 0.11958634134309047
3 0.2775129634046672 0.300865255370771 0.06704257513557321 0.11014770667568144
3 0.363196454231285 0.39248113804899776 0.0631272347764936 0.10853975334181776
3 0.7009050116092691 0.29797989676158654 0.06312723477649378 0.10853975334181776
3 0.7876010357115701 0.29508271077335874 0.058457915494652825 0.11161020934118149
11 0.160003797419035 0.5127647240213171 0.07892040641946654 0.1376278166772721
2 0.2646367552645573 0.504607873368862 0.08282665641946654 0.13767327001113577
2 0.6347406978865733 0.6073452587523598 0.0804374546240684 0.12983349801081764
9 0.13954234825591555 0.755478935351681 0.07409655103327228 0.11413577267663584
9 0.2473275771786767 0.7520459473663167 0.0725113251355732 0.11021134134309048
9 0.3551355319991369 0.7525192093809523 0.07253405103327229 0.11411759134309048
9 0.648858260921898 0.751249800087496 0.07253405103327229 0.11411759134309066
9 0.7327645865484506 0.5373969327657226 0.08507495764913067 0.12129429201145392
9 0.8169673906067849 0.643057134110404 0.07423290641946671 0.13757327267663583
8 0.3347543334251927 0.6061981927116343 0.10076813534222762 0.13319485534690845
7 0.21755878482780724 0.8720039113621805 0.10869881001026274 0.1535982620146356
11 0.5449661673413646 0.8867504007399513 0.08050563231716552 0.14155224801081764
1 0.6203771742752515 0.2868873080839961 0.0705539153964569 0.17659031934277233