3 0.657711235751042 0.36445433062115296 0.063483231382639 0.11256859905006031
3 0.755694794071667 0.3733988834255435 0.07685540036059031 0.11717088986866324
3 0.8698703161075005 0.5739167825664608 0.08466790036059066 0.11758032564431212
3 0.704938259971077 0.7131884017429092 0.07420252583555573 0.10376680913596843
3 0.7067943135420494 0.860145288898039 0.072076981382639 0.11301897840327371
3 0.4963653066081951 0.8594403612629906 0.08435877583555573 0.10429907564431211
3 0.3978985182361114 0.292028211217562 0.058159951747361216 0.11853199400710626
3 0.7575313574262852 0.45230513342554346 0.08063436379145834 0.11190685775648763
5 0.5824586222439241 0.4583514948000757 0.08274237765916688 0.1354262449116174
5 0.397204267951771 0.09416724332973765 0.06526393692972228 0.12202548620519008
2 0.31335790444465295 0.188514786861874 0.07187761284152785 0.13797803482570908
2 0.2324514369297223 0.10671258819592648 0.07703723831649319 0.1249833898686632
4 0.21824673261690997 0.26937304047991867 0.09050097948277794 0.1670447371097012
0 0.3053311181598614 0.381357384102912 0.08107077488562506 0.13065685775648764
0 0.4873279601998268 0.4711591112629906 0.06982415036059031 0.11680239767057934
1 0.39503331705743105 0.5722070341483405 0.09713218597979179 0.15022572930778502
9 0.8042543549577431 0.10725158299600217 0.07601959897381931 0.11478619629109832
9 0.7176823817432293 0.18531570726083316 0.07572865824437507 0.10228619629109832
9 0.5557272424005557 0.18363477781676246 0.06531848831649327 0.12436923620519007
9 0.38626872758291686 0.19564453414834054 0.07229518692972228 0.12239397840327397
9 0.838507294071667 0.3690588642036666 0.06873377583555573 0.10348020409301437
9 0.67530269851632 0.582549233380115 0.07442073138263901 0.11314180913596861
9 0.1891704024478827 0.8684999372459868 0.07623780452090285 0.12416119629109837
9 0.914387954784584 0.8062446036882169 0.08535823138263901 0.1137150192218769
8 0.6291991503605904 0.0804445007929695 0.06967933320625015 0.14410520409301447
8 0.6493155478713891 0.27259437924167196 0.08094348831649309 0.12518810775648764
6 0.726310539703264 0.08552374717492488 0.06577308320625015 0.14390048620519008
6 0.289035930564549 0.4878087799644691 0.07276796561506957 0.14270647840327405
11 0.7966347974901395 0.6872633095902538 0.07723726006798622 0.13357713986866315
11 0.19903048603538245 0.5863901221171244 0.08515886284152789 0.13867407564431194
10 0.17837510676069507 0.7071496794440707 0.10187489057694461 0.18636794719560967
7 0.47022876633625027 0.3414273456591583 0.07109701605190999 0.17148989767057934