9 0.529380988316493 0.1272208594048149 0.074366179995868 0.10786759134309047
9 0.839415177430417 0.39403837877940395 0.08226959897381966 0.11186474801081765
9 0.5566734529816322 0.29311857940799657 0.06119403276940982 0.11240055000795417
9 0.4835268937110767 0.30476405673136064 0.06344686379145834 0.1085215720082724
9 0.3905945113022572 0.3052447673854067 0.07670992999586819 0.10789486334340861
9 0.3918544188810422 0.6278282920512248 0.0791991503605903 0.11417213534372692
9 0.6797921363959728 0.7170929760900413 0.07447528276940982 0.11255509134309047
9 0.3893340566081952 0.8886657947167251 0.08312358415618064 0.11499883867759024
11 0.8724140878589935 0.6373253021164492 0.08504976006798622 0.13064202001113578
11 0.9247805941272575 0.8738082421228125 0.09286226006798622 0.13073292667886277
6 0.7158965566081952 0.8924656934277231 0.08802928970326392 0.1244283826782265
6 0.22924074363482672 0.3861573180299077 0.07284070079743063 0.14299656934277233
7 0.30995818787965285 0.09576922270845262 0.0759663540078126 0.17661759134309046
8 0.670845055755174 0.29913331675681404 0.08406914152687506 0.15562383867759041
10 0.6945611915824659 0.6133867207590412 0.09026459014010442 0.15335281401177223
8 0.2760346228126049 0.8865663980346803 0.09302591422829867 0.13776417667886315
3 0.7685604296146185 0.5377060154359953 0.0758923124046877 0.10632327267663584
3 0.5827339920193061 0.6409839147437693 0.06917018692972228 0.11952270667568143
3 0.5048791361116324 0.5174549607335879 0.07445709897381966 0.11177384134309047
3 0.2991739967689587 0.5049078653723618 0.08524912860909728 0.10565111067790856
3 0.2877481471295491 0.6180254833704529 0.06092127583555555 0.10068180000795408
3 0.1779400020872923 0.7659260866884081 0.07253157627239593 0.12971531934277217
3 0.23330868816399328 0.2924800433640895 0.06915200313413203 0.11874145667568144
3 0.7098315545209029 0.12853955342931375 0.07343945963114588 0.10160850067631774
0 0.3991135664887501 0.2014657867202248 0.06962478181947933 0.13905395667568143
2 0.3015300516711113 0.20345445337363452 0.08296058320625015 0.14155224801081764
2 0.7428291585287156 0.3046571580999045 0.07492987765916688 0.13208634134309047
4 0.5861447070656947 0.38484300274504185 0.08441463364309029 0.17046758867759043
1 0.48814296494947945 0.3688629193984515 0.08832088364309047 0.1705130420114541
5 0.19207197121774353 0.6012914220241807 0.07883612765916678 0.13213179467695396
0 0.3924746275622576 0.7551447700509067 0.08474063554295146 0.11736077001113579
5 0.6818410264042365 0.5031122920909958 0.08125261284152785 0.13528406667727227