9 0.8086549006331383 0.2857581105815627 0.07721938103709683 0.10701463986866325
9 0.8351361472679258 0.4720198371758144 0.07630173871722903 0.10228619629109836
9 0.6659244606749034 0.6885887822237173 0.08098923871722903 0.10253185775648763
9 0.6553470103583343 0.5663452900256334 0.07188702335696498 0.1114155348257091
9 0.25110475738883337 0.8821451939162491 0.07963132719703099 0.10948122060135787
9 0.1849221647523962 0.7523072077110591 0.07940400666391759 0.10166872060135787
9 0.20740595236163317 0.425860894391219 0.07650632719703099 0.10931744629109837
9 0.3202456185006846 0.22895931818108012 0.06954327335696497 0.11129270409301446
3 0.7323280813536661 0.26303658355776977 0.07023359514371955 0.10820864767057933
3 0.5643248567556951 0.6551820607178482 0.07193248746358769 0.11297803482570909
3 0.5649911318285198 0.43680055291593217 0.07165970282385156 0.1036030348257091
3 0.4839564290046681 0.33270619515944455 0.0546313271970309 0.10817102611928178
3 0.3979280007914228 0.32507740162730825 0.06126777210332372 0.1217798247398008
3 0.23055864436493206 0.31006547602842477 0.067131327197031 0.10882612336031983
3 0.2931137833195878 0.5028981071906606 0.07041545157021041 0.11445864767057934
0 0.47648256129540634 0.42436142865110116 0.07218254005001246 0.1215717848257091
5 0.8737907849689405 0.6745207174335391 0.1036371285298145 0.13024077792830405
11 0.583101251978557 0.7911162386915809 0.0958246285298145 0.12983134215265543
6 0.9052526997878438 0.9447674428981667 0.10345527210332364 0.11046511420366656
11 0.5735273943649322 0.3280397065794053 0.07068823620994635 0.12383364767057933
10 0.6563064536152744 0.43846595149102263 0.09126516066226813 0.1607947371097012
8 0.5922559769722394 0.5427573038204433 0.0863359682632577 0.1254337692218769
2 0.4878412616119755 0.5466458644267499 0.08337009263643722 0.13073874491161738
1 0.4827111439027137 0.6384239286511011 0.08366560932948452 0.1408949949116174
8 0.4721985073888334 0.893732226367109 0.09062866316955062 0.1389197371097012
6 0.684663751978557 0.7964389037750148 0.07767402210332382 0.12263963986866315
7 0.7696572144358271 0.6612627216174106 0.10017715940862679 0.17218261646291494
4 0.7748866205457487 0.5460881009706242 0.10224812476889085 0.1629304471956095