5 0.2078084757013073 0.1263640594411616 0.0695181353422277 0.13443205290255764
5 0.7852527405320303 0.25779255328107575 0.0774215389330239 0.1503298714142119
3 0.2834038942210223 0.22608875172928053 0.06473518657189174 0.11786211179556502
3 0.5268271621750031 0.29572909601683245 0.0592209847764936 0.10985863883740707
3 0.6133009933607007 0.3849155923886354 0.06467609923787414 0.10770586179556503
3 0.6154589118804156 0.4872047786863045 0.06709257211051103 0.12028770734906136
3 0.8091589149054776 0.4718451295972784 0.07491870764913067 0.12290427586071573
3 0.18536182484098568 0.2974950149761244 0.06472155103327229 0.11551836179556503
3 0.16253792407885986 0.40378222051108725 0.07640393959695384 0.10967758956304649
3 0.15530720705995538 0.5040550390227416 0.06469882513557326 0.11161211179556503
9 0.2658305748409856 0.29468498430608536 0.06165109318774995 0.12478423439090332
9 0.3502873880727022 0.30580104438021916 0.06783746067419268 0.11406498920022674
9 0.43494366832332326 0.2168898226031875 0.07021757211051102 0.12039683475372306
9 0.33733391188041556 0.4969171177011969 0.0631863221105112 0.12015129809323426
9 0.5279321616840239 0.6199751278679979 0.06787382211051103 0.12031498920022674
9 0.8122753454272452 0.6045757840437821 0.08039200282867043 0.12387649881887378
0 0.52775333703943 0.18629953231450158 0.06334085821486468 0.14671379809323426
0 0.7647351865718918 0.08894334956021151 0.07271585821486468 0.14704118030721935
2 0.6902533370394299 0.1806249072720926 0.07185734016268785 0.13373264845605393
8 0.6082811743734474 0.19364575164446252 0.0702993853422278 0.13445933475372307
8 0.5246622368195971 0.729486537123825 0.08033291549465282 0.11372024881887377
11 0.4222048573311019 0.713529209626496 0.07257495764913066 0.12282243030721922
11 0.6025311441228265 0.2798015064537859 0.07261131908544911 0.1290724303072194
6 0.4443499636992548 0.08762890853803694 0.06176926785578498 0.14509673439090337
6 0.44225269515609866 0.39870281779386413 0.06795109016268785 0.13359623920022673
7 0.5201458909995684 0.3561308826773213 0.07058573165323559 0.18367808475372308
10 0.31765877877768306 0.8758060095338287 0.09229256001026273 0.1555357265863549
9 0.12313609825591557 0.749759408622855 0.0804056383672898 0.12622024881887378
4 0.7587286854917372 0.8025792636253619 0.08526131001026283 0.15529018992586643
1 0.6472588786047325 0.5806447546396875 0.08147777985783762 0.17624753067003915
2 0.25867258069471816 0.40745780281773963 0.08123234016268785 0.13406003067003916
9 0.6945964451560988 0.38989077986743087 0.07729881908544911 0.12923612141421198