5 0.7807025265011458 0.1014185005287254 0.07018782627239588 0.13086120658477532
3 0.27833732665364563 0.28467155054136073 0.07643717306201392 0.09747204506457736
3 0.3584229105254858 0.36587843494366995 0.06880651101791671 0.10505722453146396
3 0.6978140252668747 0.2748081879131708 0.06530030452090294 0.12213106426490725
3 0.7881844521286109 0.2831087697290553 0.06969686379145834 0.10976745658477531
1 0.6223237159963192 0.2645131970843708 0.07029758225631966 0.16911972453146396
11 0.1433771791428468 0.4814365534443546 0.09188098831649313 0.12368520407749273
2 0.24957262775607597 0.4806887441940123 0.07701905452090294 0.12247204506457728
8 0.3205007639646175 0.5863644311827463 0.09531511284152785 0.13705738229073816
9 0.10777994557600631 0.7362066214701855 0.07442073138263901 0.11146634890464338
9 0.21017824696277718 0.7308849724863998 0.08234233415618064 0.11638116943775678
9 0.3250401807583675 0.7267621106496328 0.0758377610179167 0.1052618130112661
9 0.6178270928024647 0.7260500906578801 0.08056162860909737 0.10696070533113407
9 0.7166503717721524 0.5053534942605193 0.07601959897381967 0.11307431301126591
9 0.7957358468865273 0.6295291286628284 0.08245143692972227 0.12106866943775678
7 0.1832319276242354 0.8487771661390514 0.11713621466513899 0.1689211477301445
2 0.49763926653006874 0.858366148654581 0.08753898043270851 0.13839256175762457