3 0.2815253408289909 0.33368375702931335 0.06427580952597962 0.12077057237357547
3 0.4371032182336526 0.3440498304363461 0.07122521397248338 0.11875430810555195
3 0.532011435749515 0.2252335179875681 0.06782739546082901 0.11079625889134012
3 0.6708531917399647 0.15838211993064816 0.06279515507947586 0.12304154776646965
3 0.7690724369306414 0.1567169201783172 0.06782739546082901 0.11079625889134018
3 0.3515675446346732 0.641917942099336 0.06610120435383653 0.10603598428423436
3 0.883844364412272 0.9194224354797982 0.07656747840045383 0.13772263192686934
0 0.1677778432760616 0.4937414995857153 0.10044148801910047 0.1513142510334573
3 0.620932581210344 0.33701223407483727 0.06998017250267097 0.10543667080199892
4 0.6309375529873756 0.4224959698068137 0.07156251987026589 0.15074917080199893
1 0.6506399616950487 0.6293281666636605 0.08188246097725838 0.15590970574818713
2 0.7456622850160264 0.6477935303935649 0.08325398801910051 0.1505137303552928
2 0.4418006750345597 0.6125815066150285 0.09249257876327341 0.147044127997928
5 0.55035476341648 0.7728533806840151 0.09184773801910033 0.15091399069437514
5 0.524578425582714 0.4144222965236154 0.0738145006329722 0.12589472001621066
0 0.3605456635169964 0.22894706120592376 0.08052829210278442 0.1394670684446341
9 0.20391122840045361 0.1436537624059968 0.07555804990733277 0.10881638192686945
9 0.372879483209777 0.1577634199734294 0.07078870435383652 0.10625430810555185
9 0.7852554868379741 0.262767867035164 0.06457590988879928 0.12936432237357548
9 0.8050570992665114 0.4501052011955638 0.07640378729346117 0.13303513192686936
9 0.3779861677781656 0.43801384615211186 0.0578075547166562 0.11422947394515201
9 0.4494469947273404 0.5411795415612166 0.06833582694917481 0.10302014619489305
9 0.7291791347458739 0.533148833536718 0.06719247840045348 0.13728598428423436
9 0.2571404767559911 0.7521768918516669 0.07755705952597962 0.12138915653397539
11 0.8812327411839614 0.799963960086904 0.08459823320977691 0.14433650496239886
11 0.609615591377145 0.14695016025351976 0.07030755471665628 0.11481167080199892
6 0.44629219055883845 0.22748091459674594 0.07880210099579195 0.13470679383752823
6 0.4599802784774224 0.909820379650558 0.08912204210278443 0.13986732878371627
7 0.13911716305366023 0.7451199090151747 0.11661212504240899 0.16766699710451577
8 0.25103183129516204 0.6442552299410081 0.09211063284695734 0.136106627997928
8 0.7207688901033514 0.3369823089296122 0.06945438284695733 0.13505139619489306
10 0.5373834712288775 0.3120614298982269 0.07079119355406327 0.17333264619489305