11 0.33463552132903607 0.2844884537361735 0.07593941567207611 0.12463753571381497
11 0.24291918721287367 0.3852072483784422 0.07631114199455276 0.11761992248329012
6 0.19111157643541615 0.12231751055330682 0.08733194198043534 0.13264095048646735
6 0.17336846650500468 0.7485527280859027 0.09192843671876343 0.13116027110331832
9 0.6727964030120066 0.38784963839762354 0.0667541314712091 0.11433128124958811
9 0.32963793721287366 0.3836935669666984 0.06639011042452161 0.10808128124958802
9 0.41516039533126037 0.6171179472433518 0.07801785516284987 0.10672333279171564
9 0.3886672428133639 0.736990116480231 0.07719110253201392 0.10592844602224041
9 0.26273553241707714 0.8757680186709816 0.0803161025320139 0.10598299310014099
9 0.2056705452183209 0.5021453323879739 0.06758088410204496 0.11512616801906325
9 0.2671287738892848 0.21074303652788914 0.06211213410204497 0.11503071063273707
8 0.5896976637471119 0.6086081976503889 0.09609999722798968 0.14918356818121908
8 0.4267775186982002 0.2836605649381035 0.0824092235504665 0.14192049310014115
10 0.4356281449077374 0.17190090462967794 0.08915204721387227 0.16389095048646732
9 0.37459079030958486 0.8714742106360323 0.08256884727034208 0.10446140340856687
3 0.6999764691358406 0.7385802954596381 0.0909728814712091 0.11475402110331831
3 0.7953862216255022 0.5878478640478944 0.0810896472562245 0.11926424310014117
3 0.4194222320782587 0.5171452207823022 0.07525687620953718 0.11291878571381489
3 0.10942633482203412 0.640405037338668 0.08284186305535757 0.10914890340856669
2 0.158899773959872 0.28677547686808674 0.09554626038216937 0.15307618141174384
2 0.5982051976656302 0.30174058888409083 0.08263673670464602 0.14582674310014115
3 0.49379914775033473 0.3925349586074375 0.06532813936371688 0.11664775771063773
5 0.592791113620055 0.47509626826723983 0.08696792093374786 0.12639095048646745
5 0.7879509661520688 0.36710867005424874 0.08890214725622467 0.11940061079489288
3 0.7643677949359722 0.19582005114168105 0.07833637357870131 0.11219208279171564
0 0.6925760949218548 0.18224452070287184 0.074232702503779 0.13553412540538945
1 0.758710058160739 0.2661598246806314 0.09069913666229379 0.19045345048646736
3 0.5398220922204316 0.11154801136738102 0.07722119461127122 0.13324492248329012
3 0.45213237642129867 0.10293271631807521 0.07318614199455276 0.11756537540538944
7 0.5895101350196782 0.839626372569311 0.09622879984470814 0.164794931411744
4 0.4948086399284142 0.46900200122111124 0.07904129984470813 0.16449492248329012
0 0.7978385745104519 0.8539404683499654 0.09490922355046631 0.14213868141174402