3 0.2649233685556188 0.22652964198152709 0.07614068874502422 0.10510565651766246
3 0.43299293623638524 0.2997529976623089 0.07789418973360736 0.10980224687674198
3 0.527151454525174 0.21250700683569113 0.07164418973360735 0.10976588544042354
3 0.5196387489742358 0.39688200683569114 0.0665110207602467 0.09880111436318462
3 0.7746220207230656 0.29229800420341245 0.0725700197716634 0.09414997579950324
3 0.7861086659704302 0.39376960061261623 0.07067193874502423 0.10507384026088377
3 0.2416663047920041 0.5289370244950844 0.07829343775644108 0.10043179205628192
9 0.183377596806789 0.3301046147559682 0.07086293973360744 0.10976134026088377
9 0.15065132703512552 0.4240227863989411 0.07614068874502422 0.10510565651766246
9 0.22338719559074435 0.6516705425472612 0.08082818874502422 0.1051329275949012
9 0.32426394608503595 0.6487404643866258 0.0814011917107738 0.1191954275949012
9 0.5165615340317574 0.6257518953993726 0.08376218775644109 0.1004636083130606
9 0.7978115340317574 0.6241156307650415 0.07392427273741298 0.108217020979043
9 0.7411318166178211 0.86501334153743 0.08569210228117755 0.09032099385167988
6 0.12418303304317427 0.6327210755283567 0.09932086216700924 0.13726417154477702
6 0.42045980825204515 0.511494473560008 0.0798851126613009 0.13949429205628192
4 0.23631691300468063 0.41102736182910193 0.09861786661563361 0.15834883118569748
1 0.6128210631949611 0.4869434045727548 0.07935853064607841 0.14573974687674215
0 0.5979958537268713 0.2948877147794093 0.07194527866891214 0.1363238402608838
0 0.3435802677573161 0.30886489812984713 0.08860619665368966 0.14266928903121973
10 0.32588874897423575 0.3980092113615637 0.09055069863085592 0.15205337939029934
5 0.3290535582520452 0.5120262595661657 0.08458985870696818 0.12077610831306043
5 0.415070676807664 0.739596747662309 0.08784219269935693 0.12391928903121965
11 0.40946798114255756 0.8770967476623088 0.08809686068413444 0.13016928903121966
9 0.602642249962819 0.39171271780447137 0.07805335722409339 0.11370849687674198
8 0.5149115093171781 0.7429212146812134 0.09538277866891214 0.13646019564707804
8 0.7236153472638995 0.7198371969236244 0.09829953163466154 0.15053633118569748
11 0.41882566547613853 0.39824958499632646 0.08728377718603735 0.12938349385167996
7 0.6105807894689649 0.5994297690341354 0.10450045209089716 0.16853689744247619
2 0.692508563194961 0.4864797962596943 0.09303902866891214 0.13644656010845857