5 0.20779834358053345 0.12578681479017811 0.08822722872636941 0.1295856806872661
5 0.769621632709949 0.07837963252103233 0.07490507211051103 0.12185838986866322
1 0.44311822004396656 0.08967281306582689 0.08544311719185504 0.17934562613165378
4 0.5286012020899857 0.15895900441101413 0.07513687626704132 0.16170213986866325
3 0.19636087383115447 0.21229752487608639 0.06151928298109555 0.10319359905006031
3 0.2716466992613153 0.29348224785229343 0.06939541549465282 0.1145405348257091
3 0.3713745093697739 0.20078241350155418 0.05842155405833438 0.10771732473980081
3 0.693294961165172 0.1761011595448253 0.05841246369925486 0.10615482473980084
3 0.7651426900879331 0.1770218504088567 0.06468973477649378 0.11116987336031983
2 0.18180749444085512 0.2974095092722542 0.08512495462406848 0.13332815637700665
2 0.6117990005891751 0.3568808480340075 0.08984427088084708 0.13904256784239594
6 0.7078609343323965 0.3573135379935278 0.08990790339440444 0.14998006784239593
8 0.3277274858566481 0.5881086731124926 0.09843802088084708 0.1394929471956095
8 0.6276456726249316 0.5864488393275803 0.0983743883672897 0.1285554471956095
9 0.13230083548730578 0.7522098739261468 0.08736416549465287 0.11548223710970121
9 0.2440468565645446 0.7416674423343694 0.08030109923787414 0.10964499491161739
9 0.3511190131804029 0.7290269222079815 0.08264484923787414 0.10976782564431194
9 0.6449371908735001 0.7019133870435881 0.07248859923787414 0.10923555913596861
9 0.741080937848438 0.6882835770031084 0.08271757211051103 0.12226782564431193
9 0.8323871938985622 0.7006806784280178 0.07722609621281222 0.11807497060135788
11 0.3307923567609364 0.8667692616471033 0.09288745764913058 0.12514384215265545
11 0.8668389410698918 0.8199319674375986 0.09292381908544911 0.1313938421526551
7 0.2168071248131131 0.8594657739715753 0.1102749455488821 0.16041960085908258