3 0.18828125 0.23359375 0.06875 0.09765625
3 0.2796875 0.1328125 0.0640625 0.11640625
3 0.165625 0.5109375 0.07578125 0.11328125
3 0.20703125 0.7578125 0.071875 0.12109375
3 0.3171875 0.75 0.0671875 0.1109375
3 0.81875 0.6203125 0.06953125 0.10546875
3 0.6890625 0.225 0.06484375 0.103125
3 0.76640625 0.12265625 0.0609375 0.115625
0 0.4390625 0.2015625 0.0609375 0.1390625
0 0.6078125 0.18984375 0.0625 0.14453125
5 0.2734375 0.225 0.06640625 0.12734375
5 0.41640625 0.8859375 0.0875 0.12265625
1 0.40859375 0.49375 0.0765625 0.165625
4 0.63125 0.41015625 0.06953125 0.1515625
2 0.534375 0.50390625 0.0828125 0.13671875
2 0.678125 0.31953125 0.071875 0.1390625
6 0.1859375 0.30390625 0.06484375 0.13203125
6 0.440625 0.31171875 0.06875 0.13828125
9 0.25859375 0.41484375 0.06484375 0.103125
9 0.2515625 0.50859375 0.0609375 0.103125
9 0.41171875 0.62109375 0.06875 0.10234375
9 0.6140625 0.63671875 0.0796875 0.10546875
9 0.7140625 0.75859375 0.0765625 0.11796875
9 0.83828125 0.75 0.08515625 0.115625
9 0.78671875 0.41796875 0.0734375 0.115625
11 0.52265625 0.11328125 0.06015625 0.13125
9 0.51796875 0.22265625 0.06015625 0.0984375
8 0.7109375 0.50546875 0.08515625 0.13125
8 0.51015625 0.41015625 0.078125 0.13203125
7 0.34921875 0.29609375 0.0828125 0.18359375
11 0.42734375 0.4046875 0.0609375 0.12109375
10 0.1 0.85 0.1078125 0.1671875