11 0.8032367156150697 0.1204422933155549 0.07175032627239589 0.1305064240119445
11 0.22478440729444454 0.11983580205236093 0.06384690729444457 0.12641833605604172
2 0.5591594072944446 0.11205313753972175 0.06942476006798622 0.13123312262517367
6 0.6380656572944445 0.11021657418510364 0.06406511284152785 0.1357933360560417
6 0.22171722473312525 0.29031195621267347 0.07289525218420154 0.14614960780753475
7 0.3890462758355556 0.09099902118281218 0.07285953780340293 0.1781626740119445
9 0.8182655696228821 0.295968970177291 0.05805084897381931 0.11222854948690983
9 0.47891212889343776 0.2913607374634718 0.063483231382639 0.11079333605604172
9 0.40765668436427116 0.386820014248958 0.06682643692972227 0.12024107123840277
2 0.6878936174942714 0.6054193182011799 0.08508612765916687 0.13315929853697916
3 0.8941462303357991 0.7350665313477076 0.07603778276941 0.11342802678548622
3 0.793800738219584 0.7225503071832632 0.07432981240468753 0.10714165919430556
3 0.6800473627446186 0.7384863913394438 0.0719315110179167 0.10474335780753492
3 0.1876780247887159 0.7421296825613194 0.08563098831649318 0.1230212323325695
1 0.8044499103316675 0.8442434692273604 0.09898562670923639 0.1600309230620141
5 0.6988727107685078 0.8756227154276385 0.08357817904593752 0.13546668094579886
5 0.3843919834699313 0.8649638512549302 0.09213556145475703 0.13410420269729179
10 0.2967439002636812 0.7263027011786802 0.09373508225631957 0.16927863649288194