9 0.28183992978689076 0.31522485545773676 0.06909664772652384 0.11250430810555186
9 0.3686132268647915 0.32238884615211183 0.07059096387914794 0.10867083271265772
9 0.4484155495102374 0.4221213265074047 0.05826824188232518 0.1182448858558109
9 0.34529805234961114 0.6413550159206535 0.07834891680124727 0.10590970574818712
9 0.34337090827324 0.88872016749223 0.08635233157389965 0.11721107878371625
9 0.8520719780793122 0.7843924640158454 0.07849892126547431 0.11450345574818713
9 0.624939318991998 0.24924040632457833 0.07072733157389965 0.11648333271265772
9 0.371699496346552 0.14142994458053526 0.058404609577076806 0.12605738585581086
8 0.4457955154212755 0.13785548841806353 0.07350745819710518 0.14159249462331652
8 0.5404878214243347 0.6434205918088857 0.0946421185055307 0.14491870181924557
6 0.3715143100635442 0.2202634199734294 0.0739341521907507 0.12131638192686944
6 0.6385861765371846 0.7627399801458958 0.08970915665497756 0.13063787799792798
7 0.6471645154179801 0.6280931523956369 0.09878019358660843 0.15838188833701033
10 0.5359621883083074 0.5183114298982269 0.08560803774240995 0.1640133041766104
11 0.35457582061355575 0.5020570754739474 0.07890802434972918 0.13794095574818713
11 0.6587192187438213 0.9322905008240603 0.08648869926865128 0.12502357878371625
3 0.20376947686479147 0.31471112510244387 0.07154949188232518 0.11886347001621064
3 0.4433479943146619 0.5342938407754284 0.0626966432622968 0.10361945967712849
3 0.23429414285196454 0.7665476069054789 0.08400858157389965 0.11710191687305738
3 0.2522611185022353 0.6331186767978549 0.07160403896022585 0.12198847001621065
3 0.7733983640413038 0.16794551860674062 0.06834267126547414 0.11403042080199892
3 0.5336012528393738 0.2488893418088857 0.06210630803494936 0.11452057237357546
3 0.5419856862764172 0.908118792594674 0.07367505357072232 0.10647263192686936
3 0.44692873619698703 0.6499916153825342 0.070768241882325 0.11882708271265763
0 0.15557525892515844 0.5052783130679506 0.09011825973923263 0.15407537799792798
0 0.7159012840889618 0.3174874462331651 0.07831768912238175 0.1488420684446341
2 0.6308541282447633 0.31977123014589587 0.07109552434972918 0.13757708271265773
2 0.7965415836024945 0.24162061310622263 0.09244837296975739 0.1534032899085868
4 0.8278496793798537 0.5147327814270222 0.08992339082666483 0.18763274069437513
1 0.3519945170428333 0.3988956881703945 0.08707508035608366 0.15861732878371634
5 0.7655050068932683 0.9232130614108115 0.09831654342445262 0.13181938833701032
5 0.6879557418823252 0.1475730525194714 0.07109552434972918 0.13757708271265773