3 0.1957330600635442 0.2053613040260897 0.07385233157389966 0.11411759134309048
3 0.44398141964062104 0.33166236405949723 0.06616256249917622 0.1210579346753633
3 0.1472190624958809 0.6031533666852263 0.07789494926865137 0.12197554467695397
3 0.253260556813838 0.637193106699544 0.06815175649282175 0.10077270667568143
3 0.45763618546563833 0.7559538393936791 0.07859437865180041 0.11729713534372692
3 0.7851615730491878 0.4121793041056315 0.0729210771096728 0.1055147506763177
3 0.6841858595770768 0.13137365209258664 0.06281937418757337 0.10852157200827235
3 0.6928126116056716 0.22286171809354113 0.06672562418757337 0.10856702534213598
2 0.2788592057614731 0.22429366470399828 0.08055234496658023 0.13997156667727229
2 0.2687883250777826 0.4975584420353165 0.09443756696340308 0.12997894867918128
5 0.17130757873123056 0.37223063068904444 0.08203302434972923 0.13530224801081764
5 0.6241888912304068 0.4977884454169052 0.06961484496658024 0.13984429734245402
9 0.5232268145277711 0.2177640434038604 0.070768241882325 0.11642497867599957
9 0.4563881420444809 0.14746917739495172 0.06295574188232518 0.11633407200827235
9 0.3005648360381265 0.12534763470717997 0.07526482710967279 0.10554202267663589
9 0.6475635304322186 0.8971980994191323 0.0788534772718286 0.13214088534372692
9 0.7533577885498934 0.7828276114337681 0.08256881249917605 0.12124883867759025
9 0.7232576367661799 0.49034921009704097 0.07141312418757337 0.10862156934277234
9 0.7904064062479405 0.309917370106586 0.06851994926865146 0.12186645667568144
9 0.25762690827653534 0.3951056040340439 0.08014324188232518 0.11653406667727229
11 0.13800947807931216 0.7467670066836356 0.09383359496658028 0.1401261080124085
11 0.4474645243464339 0.6207066827259519 0.0782358685055307 0.14150679467695398
10 0.3495900860348312 0.6070703493793616 0.08963701866768634 0.16819656401177205
8 0.5280560052717105 0.6286742714035423 0.08421313311602727 0.12595452001113577
8 0.6302637930174155 0.3088350334181779 0.07409779342445262 0.12818009134309047
6 0.6206921497551188 0.20796287675045066 0.07365746266133186 0.1477022506763177
6 0.725507703729583 0.619255460097041 0.08082508035608367 0.15559656667727229
7 0.5305404825468344 0.2787742687380422 0.07917680559931739 0.19541304467695406
4 0.5432063035707224 0.10942483207349663 0.07168190543716157 0.16876872867599957
0 0.33492538838773767 0.7514016047103615 0.07874438311602719 0.12589088534372675
0 0.7774779379045655 0.19572760077176787 0.08444495819710518 0.13923577001113588
1 0.45095634821299113 0.19427145206076993 0.0765057731319132 0.17663577267663594