3 0.28671875 0.1265625 0.05859375 0.103125
3 0.446875 0.12890625 0.05625 0.12890625
3 0.365625 0.20390625 0.0625 0.109375
3 0.75703125 0.11328125 0.053125 0.10546875
3 0.790625 0.30234375 0.0609375 0.1046875
3 0.696875 0.3109375 0.06640625 0.103125
3 0.7125 0.61875 0.0796875 0.11328125
3 0.74296875 0.725 0.0765625 0.11328125
9 0.19296875 0.22265625 0.06875 0.11875
9 0.1578125 0.4171875 0.084375 0.103125
9 0.259375 0.4203125 0.0671875 0.10546875
9 0.69765625 0.41796875 0.06875 0.10546875
9 0.79375 0.40859375 0.0734375 0.115625
9 0.42578125 0.9078125 0.0765625 0.1046875
9 0.43828125 0.22578125 0.05859375 0.115625
9 0.69609375 0.20703125 0.06953125 0.12109375
0 0.6140625 0.11640625 0.06953125 0.146875
0 0.43359375 0.36640625 0.07421875 0.13671875
4 0.33046875 0.49609375 0.0890625 0.16015625
1 0.32109375 0.74140625 0.084375 0.15625
2 0.1265625 0.74609375 0.103125 0.15625
2 0.40703125 0.62734375 0.0875 0.14453125
5 0.52734375 0.50546875 0.0734375 0.13125
5 0.62109375 0.88984375 0.0796875 0.12109375
10 0.52890625 0.19375 0.0765625 0.17578125
7 0.61640625 0.57890625 0.084375 0.1578125
11 0.52265625 0.74375 0.084375 0.13125
11 0.26796875 0.2125 0.06953125 0.13203125
8 0.2578125 0.3109375 0.0734375 0.1359375
8 0.34375 0.303125 0.08203125 0.13125
6 0.62109375 0.37734375 0.0734375 0.1296875
6 0.8171875 0.6109375 0.08203125 0.140625