11 0.79375 0.128125 0.0828125 0.1359375
11 0.21953125 0.13515625 0.078125 0.1265625
6 0.56328125 0.19765625 0.078125 0.15
6 0.2125 0.303125 0.06953125 0.15
9 0.2265625 0.215625 0.05859375 0.1140625
9 0.8125 0.30703125 0.071875 0.1140625
9 0.39921875 0.39921875 0.0765625 0.1109375
7 0.3953125 0.18984375 0.07421875 0.178125
10 0.38359375 0.59765625 0.07421875 0.1578125
2 0.56015625 0.396875 0.0765625 0.13125
2 0.56875 0.52734375 0.0796875 0.1265625
3 0.88046875 0.7390625 0.0828125 0.1078125
3 0.78515625 0.73046875 0.084375 0.1203125
3 0.671875 0.74765625 0.06953125 0.10546875
3 0.17890625 0.74375 0.0796875 0.11796875
1 0.790625 0.8609375 0.1046875 0.1453125
5 0.690625 0.884375 0.0828125 0.125