9 0.18984375 0.225 0.0671875 0.103125
9 0.271875 0.22578125 0.06875 0.10078125
9 0.35859375 0.225 0.0640625 0.1046875
9 0.4359375 0.21953125 0.06875 0.10234375
9 0.5265625 0.21015625 0.0578125 0.1078125
9 0.60703125 0.2125 0.06484375 0.0984375
9 0.684375 0.2109375 0.0609375 0.1140625
9 0.76796875 0.2203125 0.06484375 0.11796875
11 0.19765625 0.14140625 0.0640625 0.12890625
11 0.775 0.13203125 0.06875 0.1296875
8 0.27265625 0.1296875 0.07421875 0.134375
8 0.68203125 0.115625 0.06640625 0.125
6 0.36015625 0.1265625 0.06640625 0.14296875
6 0.5921875 0.12265625 0.06015625 0.1390625
7 0.43671875 0.10234375 0.06640625 0.17578125
10 0.5171875 0.10078125 0.071875 0.16796875
3 0.2640625 0.30625 0.0671875 0.1265625
3 0.215625 0.74140625 0.07578125 0.1078125
3 0.33203125 0.75390625 0.0734375 0.1140625
3 0.4203125 0.75390625 0.0671875 0.1078125
3 0.52109375 0.7484375 0.07109375 0.103125
3 0.61875 0.746875 0.06953125 0.11875
3 0.721875 0.7515625 0.06875 0.1078125
3 0.82734375 0.73828125 0.0734375 0.11640625
5 0.10546875 0.878125 0.08984375 0.12109375
5 0.8453125 0.87890625 0.084375 0.12890625
2 0.19453125 0.88125 0.10078125 0.13359375
2 0.74296875 0.8875 0.10078125 0.13125
0 0.30625 0.89296875 0.0796875 0.11796875
0 0.63984375 0.8890625 0.0875 0.11875
1 0.41328125 0.8796875 0.09609375 0.14921875
4 0.52421875 0.875 0.08203125 0.16796875