3 0.20164819892376146 0.21431864718563745 0.07715115901517464 0.11746749203690507
3 0.45349114288512415 0.3520894758989537 0.06966614474715094 0.12404371572854585
3 0.16473697373575508 0.6095254603962867 0.08142128205070395 0.1255075051910847
3 0.2717339904849781 0.6484808155591366 0.07106382485477489 0.10386772362105354
3 0.47949944871436445 0.7766722469456411 0.08198420822938637 0.12086550782192056
3 0.7969008486333112 0.44844562031258084 0.07596964867609249 0.10882823940606912
3 0.6877804439613627 0.16316129671976212 0.06595894789030421 0.1113617052052021
3 0.6990690084770554 0.25497707039728545 0.06986519789030421 0.11158921835938171
2 0.2852976069054788 0.2371106760542454 0.0846019400324213 0.14361276308359247
2 0.28318941314900387 0.5096836260683629 0.09819140508623328 0.13427556043863903
5 0.18209133188408821 0.3799135551063801 0.0859461162111037 0.13901626834526432
5 0.6384762266312392 0.5264810730987085 0.0736644400324213 0.14297572625188942
9 0.5293922092628437 0.24197799950588986 0.07413532092583353 0.11962923151356133
9 0.460528739246633 0.16862452851567217 0.06632282092583353 0.1191742052052021
9 0.3041139193542569 0.1392570049793232 0.07831339867609248 0.1089647472985769
9 0.6734763887467858 0.926655378346263 0.08267556699689216 0.13570925782192056
9 0.7759035678209523 0.8173097414016205 0.08607239474715093 0.12499927097610027
9 0.7372947162921569 0.523666157214871 0.07455269789030403 0.1118622341443972
9 0.7991653618678776 0.34651139399010417 0.07204628205070414 0.12496147362105363
9 0.2690476763835702 0.4067938444983318 0.08351032092583344 0.12017526308359247
11 0.15971348758949397 0.7525929209337479 0.0978831900324213 0.14438630780780315
11 0.46539194519970783 0.6410609706372818 0.08233096463952716 0.1450387551910847
10 0.36715349834286093 0.6228731417827913 0.09450563296032674 0.17223829202278756
8 0.5461881809316841 0.6527789916133819 0.0878532185684687 0.129777776237772
8 0.6390454991714305 0.3379646046687396 0.0778061304791274 0.131529992036905
6 0.6265390370131027 0.2367283283603804 0.07793456306795044 0.1510157394060691
6 0.7432986213783902 0.652572407214871 0.08532968610347993 0.15923776308359247
7 0.5384804189399721 0.30327952055257723 0.08484168858467918 0.19894500519108468
4 0.5462093740689866 0.13465832316929569 0.07657327026387968 0.17197298151356138
0 0.35669764950015276 0.7664033339044009 0.08238446856846862 0.12945925782192055
0 0.78291531554915 0.23181185715840122 0.08847180272886827 0.14305902623777209
1 0.45646197745980877 0.21513550746898477 0.081624643299409 0.1800584972985769