3 0.21915958703942992 0.2135690459691176 0.07873859923787423 0.10865209980971961
3 0.2821550116092691 0.30127197581689324 0.0693772347764936 0.11061384783255317
3 0.3856476502711465 0.2344120810638203 0.06780109923787414 0.10820643083635888
3 0.7114379906302262 0.24924914977035093 0.07021757211051102 0.12080193133065045
3 0.7924021652000652 0.3376842500743621 0.06476245764913066 0.12292284684397004
1 0.5416749364736958 0.20249753068325943 0.06830561416679296 0.1949251808363588
2 0.19619478571157006 0.2938640410262018 0.08744597872636942 0.12853351828878878
2 0.6210225897699044 0.41583713049297905 0.08522949375348414 0.15031301779449713
5 0.7835669998036083 0.16158466509339015 0.06481699980360815 0.13229784684397003
8 0.3284361557320955 0.6038677352084335 0.09059370462406839 0.13256710228117755
9 0.1285184898446592 0.7441240261974542 0.08815905103327229 0.11684660178688588
9 0.2363446253832786 0.7508607989348672 0.08506132211051112 0.12140676779449713
9 0.34490201394696013 0.7490356551703774 0.0834488251355733 0.11274935079830276
9 0.6387111012809776 0.7711613004549229 0.08348518657189175 0.11899935079830275
9 0.732452010921898 0.7734188202265864 0.08269030103327228 0.11662376730020547
9 0.8302128000513136 0.7953667574887359 0.07022211729005079 0.12158318133065045
7 0.20420481195517032 0.8651487920147849 0.11656130698520065 0.16564885771838506
11 0.3237860589301082 0.878613067223656 0.09292381908544903 0.1303188527754692
11 0.5238496914436656 0.897699942736538 0.08818632211051103 0.12153410178688588