11 0.80390625 0.146875 0.084375 0.13125
11 0.23046875 0.12109375 0.0765625 0.13203125
6 0.63984375 0.1234375 0.06875 0.1359375
6 0.2171875 0.2921875 0.0734375 0.13203125
7 0.41328125 0.18515625 0.071875 0.1828125
2 0.4859375 0.30625 0.071875 0.1421875
2 0.67421875 0.63203125 0.084375 0.1296875
9 0.81328125 0.31953125 0.0640625 0.1109375
9 0.40234375 0.40390625 0.06875 0.115625
9 0.23046875 0.2171875 0.0625 0.1078125
3 0.87109375 0.75625 0.078125 0.11796875
3 0.78359375 0.7375 0.0765625 0.11875
3 0.66328125 0.7546875 0.0765625 0.125
3 0.16875 0.740625 0.0734375 0.1265625
10 0.38203125 0.6 0.08203125 0.1578125
1 0.77734375 0.86875 0.0984375 0.1703125
5 0.6734375 0.8921875 0.0921875 0.1359375