3 0.2870784307267964 0.23060866639421018 0.06719396215832782 0.10187219155801355
3 0.28503224131354765 0.33751718546893367 0.07333480024766903 0.09963753571381498
3 0.3703511571531478 0.3257359801112023 0.06766699710451585 0.11202844155801354
3 0.544835272745079 0.21715368709049146 0.07120937406898661 0.10428412540538945
3 0.5508199071531479 0.32888607385996665 0.06719396215832774 0.10187219155801355
3 0.7469436980951919 0.5173151485340075 0.06766699710451576 0.11202844155801372
3 0.8372240957378271 0.5282583770236519 0.07391699710451576 0.11213753571381488
4 0.45385286186787754 0.3084587512145207 0.07864303846084475 0.14656708279171565
1 0.3698182719165095 0.5154160888775003 0.09428730913900915 0.16401368141174383
0 0.3672861232404171 0.4107694991859258 0.06814003205070396 0.12218469155801355
0 0.5464470843652875 0.4193610693957398 0.06361519789030404 0.10883525771063773
2 0.8307664263835701 0.4063697402541768 0.08785321856846835 0.12643186079489296
5 0.6776736213783903 0.6222696554338663 0.09232239474715094 0.12182618141174402
5 0.3813530471427879 0.7630723388775003 0.08238446856846852 0.1263364034085665
9 0.19174246773989906 0.4295625892845374 0.07433437406898662 0.10433867248329012
9 0.18466417596928544 0.5457506509729347 0.07882282092583344 0.11690685633066593
9 0.2834997822555917 0.5224961574657565 0.08183865901517465 0.1146176534085667
9 0.5625879687733564 0.5312707341683922 0.07235449710451594 0.11211026217486478
9 0.8173333966046687 0.8721623356277941 0.09470253205070378 0.12264834172016918
9 0.881624874893047 0.7608760081110842 0.07845894789030439 0.10909435633066593
9 0.3864130363894209 0.90523256533855 0.07834978597964533 0.10675060633066594
11 0.6143732164970448 0.8889156387947746 0.07974962014004525 0.12004549310014098
11 0.4652698589723935 0.419505345370322 0.08033181699689215 0.13254549310014116
6 0.4735425853987449 0.5133235292176979 0.0840197431755744 0.12792617694751698
6 0.2861603635205074 0.6466603603878557 0.08997864474715103 0.1217852711033185
7 0.4665370682352371 0.6310740909060952 0.09355956306795062 0.14838868141174383
8 0.6944887479285762 0.7654156834370435 0.08881640508623327 0.13035174756436801
8 0.7947049176971179 0.7382822134688156 0.09037890508623328 0.1303790211033183
9 0.7134825729927481 0.31845490868027715 0.06595894789030421 0.10887616801906326
10 0.6336367152586997 0.397464524346434 0.08898122497860932 0.1506506107948929