3 0.2703125 0.32109375 0.06015625 0.11796875
3 0.42578125 0.32421875 0.0671875 0.115625
3 0.525 0.20078125 0.0640625 0.1078125
3 0.66640625 0.12734375 0.05859375 0.1203125
3 0.76484375 0.12109375 0.0640625 0.1078125
3 0.3296875 0.6265625 0.0625 0.103125
3 0.853125 0.8796875 0.071875 0.134375
0 0.15078125 0.48671875 0.0953125 0.146875
3 0.61015625 0.30859375 0.06640625 0.10234375
4 0.6171875 0.39375 0.06640625 0.14765625
1 0.6296875 0.6 0.0765625 0.15234375
2 0.72421875 0.6140625 0.078125 0.146875
2 0.42109375 0.59296875 0.0875 0.14296875
5 0.52421875 0.7484375 0.08671875 0.146875
5 0.5109375 0.390625 0.06953125 0.12265625
0 0.353125 0.2125 0.07578125 0.1359375
9 0.19921875 0.134375 0.071875 0.10546875
9 0.36796875 0.140625 0.0671875 0.103125
9 0.77734375 0.2265625 0.06015625 0.1265625
9 0.790625 0.41328125 0.071875 0.1296875
9 0.36328125 0.42109375 0.05390625 0.11171875
9 0.43125 0.52109375 0.06484375 0.1
9 0.71171875 0.5 0.0625 0.134375
9 0.23125 0.74140625 0.0734375 0.11796875
11 0.8546875 0.76015625 0.0796875 0.140625
11 0.60546875 0.11875 0.06640625 0.11171875
6 0.4390625 0.20703125 0.07421875 0.13125
6 0.42890625 0.88984375 0.084375 0.1359375
7 0.11328125 0.73984375 0.1109375 0.1625
8 0.22890625 0.63359375 0.0875 0.13203125
8 0.71015625 0.30390625 0.06484375 0.13203125
10 0.52734375 0.2875 0.06484375 0.1703125