3 0.4359375 0.2046875 0.06953125 0.115625
3 0.17421875 0.29375 0.06953125 0.10703125
3 0.2625 0.39453125 0.06875 0.1296875
3 0.44140625 0.396875 0.06484375 0.10078125
3 0.6 0.39453125 0.07578125 0.12109375
3 0.69609375 0.21796875 0.06953125 0.1046875
3 0.7625 0.11171875 0.0640625 0.11328125
3 0.20546875 0.8875 0.0796875 0.12109375
9 0.3578125 0.30625 0.06640625 0.11328125
9 0.13125 0.63046875 0.08984375 0.12109375
9 0.12265625 0.74140625 0.08203125 0.1078125
9 0.5171875 0.7625 0.071875 0.10703125
9 0.33125 0.525 0.07578125 0.11640625
9 0.5296875 0.521875 0.07421875 0.11171875
9 0.6203125 0.51171875 0.071875 0.109375
9 0.44453125 0.12421875 0.0671875 0.1140625
11 0.28359375 0.11328125 0.071875 0.134375
11 0.70703125 0.48203125 0.09765625 0.13671875
6 0.28515625 0.20546875 0.07421875 0.13671875
6 0.775 0.19375 0.0734375 0.1578125
10 0.61875 0.0921875 0.07421875 0.1703125
8 0.52578125 0.1890625 0.06640625 0.165625
8 0.72421875 0.72734375 0.0921875 0.13203125
7 0.51875 0.61953125 0.08984375 0.15234375
0 0.3109375 0.75390625 0.09765625 0.1234375
0 0.53671875 0.2875 0.06875 0.13359375
4 0.4390625 0.4953125 0.07421875 0.15390625
2 0.615625 0.59140625 0.08203125 0.1296875
2 0.4359375 0.30625 0.0734375 0.1265625
5 0.62734375 0.72890625 0.0765625 0.1359375
5 0.69765625 0.28828125 0.06875 0.1203125
1 0.7296875 0.5984375 0.084375 0.14921875