3 0.21640625 0.21640625 0.0578125 0.10546875
3 0.27734375 0.296875 0.07421875 0.103125
3 0.35625 0.3890625 0.0734375 0.1
3 0.7015625 0.2953125 0.0578125 0.10078125
3 0.7875 0.2953125 0.05546875 0.1203125
5 0.77734375 0.12734375 0.0796875 0.14453125
1 0.6234375 0.1875 0.06875 0.16796875
2 0.19453125 0.2953125 0.08671875 0.1140625
2 0.61875 0.3890625 0.0796875 0.12890625
11 0.5296875 0.39296875 0.07421875 0.13671875
11 0.534375 0.89609375 0.0921875 0.1234375
9 0.72578125 0.525 0.0765625 0.1078125
9 0.13046875 0.746875 0.078125 0.11875
9 0.240625 0.74375 0.0734375 0.0984375
9 0.34375 0.73984375 0.0765625 0.1
9 0.63984375 0.74296875 0.078125 0.10546875
9 0.83203125 0.76171875 0.06875 0.1046875
8 0.33125 0.60078125 0.0953125 0.1390625
7 0.21015625 0.85859375 0.11796875 0.16015625