3 0.73359375 0.22265625 0.05859375 0.109375
3 0.66328125 0.30859375 0.071875 0.11328125
3 0.3265625 0.134375 0.0671875 0.10078125
3 0.30703125 0.2328125 0.06640625 0.0953125
3 0.665625 0.61171875 0.071875 0.103125
3 0.76484375 0.6171875 0.078125 0.1046875
3 0.8734375 0.7515625 0.078125 0.11875
3 0.1734375 0.73828125 0.08203125 0.125
0 0.8109375 0.209375 0.0796875 0.1390625
0 0.64921875 0.13125 0.08203125 0.146875
5 0.40625 0.11875 0.071875 0.1359375
5 0.8375 0.40546875 0.0828125 0.11875
11 0.7390625 0.40546875 0.0796875 0.1234375
11 0.5625 0.1296875 0.071875 0.1390625
7 0.56875 0.18515625 0.084375 0.1921875
6 0.565625 0.2984375 0.078125 0.125
6 0.5734375 0.39609375 0.07421875 0.12890625
1 0.5796875 0.490625 0.0734375 0.16796875
2 0.475 0.38515625 0.07421875 0.1453125
4 0.396875 0.2953125 0.0765625 0.16796875
2 0.2359375 0.11953125 0.0734375 0.12890625
9 0.490625 0.22265625 0.071875 0.11875
9 0.8109375 0.30546875 0.0828125 0.10546875
9 0.59140625 0.7546875 0.071875 0.10546875
9 0.4859375 0.74921875 0.06875 0.1140625
9 0.47890625 0.621875 0.078125 0.1140625
9 0.37109375 0.5015625 0.06875 0.1140625
9 0.19921875 0.5015625 0.071875 0.1078125
8 0.2109375 0.3796875 0.08984375 0.134375
10 0.78828125 0.8546875 0.1203125 0.165625
8 0.2796875 0.6046875 0.0921875 0.1421875
9 0.265625 0.88515625 0.07421875 0.1265625