5 0.781689334012055 0.1120217495995535 0.0831953595655099 0.12789890340856663
5 0.21010426108127644 0.13136522808590273 0.0714323439616777 0.14174321509696391
3 0.7749236776350484 0.19643765990797898 0.06272572930778501 0.0947591209411626
3 0.6082717661696592 0.20402979180619019 0.06605544719560949 0.09871991801906325
3 0.7039726905253472 0.28431553531336845 0.07366322930778502 0.09495003571381497
3 0.2829442175491401 0.2159526879078609 0.06099613297125828 0.10643696063273707
3 0.21119204828183474 0.21486352069957654 0.06153172150586901 0.1017630974022122
1 0.535384222071696 0.09056335552318237 0.06945376413349429 0.16356366801906325
4 0.4562323106063067 0.09662816924017453 0.07513055404758581 0.1527352621748646
10 0.45337622625556734 0.19580600893174904 0.07517149762515078 0.1535165121748646
2 0.7948433519907365 0.2780461700542487 0.08348196460846395 0.13336765340856668
2 0.36447974332973765 0.3878083226487412 0.0753828595655099 0.12776253571381488
8 0.6363193645423509 0.5922468120987296 0.0964766095655099 0.1281307284896446
8 0.3442580173013129 0.6098333271129681 0.09055748021229633 0.11944152110331832
9 0.8345411013133679 0.7269415917267599 0.08854460085908258 0.11082049756436803
9 0.725125157735803 0.7296319894532838 0.08184422150586901 0.10211765340856668
9 0.6210108678217112 0.7205218165629566 0.07859639077317446 0.09971935633066593
9 0.32434390773580296 0.736627652194046 0.078719221505869 0.10206310633066593
9 0.22948178708901662 0.7296975880700167 0.07493580223856364 0.10433867248329012
9 0.1282944233396352 0.7540993445628384 0.07271156094499087 0.12147162540538936
6 0.5284139320460625 0.7299434553610266 0.07863069029820444 0.13016083279171564
7 0.7454642339459419 0.8479183392911279 0.11316614258219673 0.14871596387914784
11 0.6300472738600336 0.860860444403978 0.0982471494796016 0.11723413879807013
11 0.09193312019656044 0.8819612918028948 0.1146091338757694 0.13156937418757336