3 0.288967908617204 0.13920444232742832 0.06965693362352177 0.11210509026088374
9 0.18552700837977723 0.23002436416679295 0.07994957594338974 0.1168516775949012
9 0.3548225776592494 0.21225612294739168 0.071750631037097 0.10352497579950315
9 0.3515635338483133 0.2974078277678519 0.06355168613080417 0.0901982740041051
9 0.4285435709953318 0.310357800542293 0.06543243487716292 0.1011448643631847
9 0.5937737659016247 0.29803558342519265 0.06854907468974858 0.12772099990180408
9 0.6902492637900536 0.12434861943135027 0.0727592015702104 0.111342020979043
9 0.30023408524760375 0.7456226139704013 0.07967679130365361 0.1074766775949012
9 0.8155779404204532 0.7314303872871353 0.08571384263643722 0.12703974385167988
8 0.1589919374509524 0.3900533491396783 0.10453203879637121 0.1294925781606354
6 0.325952116917839 0.3988385175611974 0.07812866316955062 0.13480679205628182
10 0.39717258438967395 0.5828776951560987 0.09218280298213619 0.16144656010845856
11 0.5975530176174843 0.6246753514773694 0.08253501834239999 0.1520170179539809
6 0.6882595517950019 0.3001480501495095 0.07559469655564541 0.1551011113381226
11 0.4475532984297896 0.11356006859446972 0.06866273495630537 0.13162724990180413
7 0.6090363677092618 0.09574637557967033 0.07460049788842901 0.174623270979043
8 0.7777743443522968 0.20455881507842827 0.0905377349563052 0.13175451492891882
3 0.5270362099499876 0.12105492690753021 0.06386993487716293 0.10113577400410509
3 0.7729026394168741 0.13029915846257 0.06588707594338991 0.1167698643631847
3 0.4241873769469688 0.4869248457218328 0.07175063103709682 0.10352497579950323
3 0.15292013070789254 0.518164713601059 0.07963132719703099 0.10591417759490121
3 0.20235051471449034 0.7528669665279251 0.090500631037097 0.10363406010845858
0 0.3078001958307296 0.6198640898681003 0.09297241316955054 0.13489315046753808
5 0.22931514614729873 0.4975118460164204 0.09172816191590938 0.14582156010845856
0 0.49537910068700997 0.7256606136758137 0.0842195387963713 0.12937440349260038
3 0.1789093515449398 0.8871283370394298 0.08532739773014439 0.11375849385168024
2 0.6164059691876946 0.5138287550681655 0.08428773495630519 0.13171815349260035
5 0.6995701586837111 0.6096412248175446 0.08672241316955046 0.13485678903121964
3 0.7125258335982512 0.8894514446651194 0.08164846826325771 0.12154826795398108
1 0.4300545952102266 0.36584473126045214 0.08287599914207018 0.1637357679539809
4 0.5067845797708204 0.38738845403489325 0.07910614146193815 0.16840054205628183
2 0.5209811235817565 0.30230038172799045 0.08352921700961655 0.13249485831306043