5 0.76953125 0.115625 0.0640625 0.10546875
3 0.275 0.30234375 0.06484375 0.109375
3 0.35546875 0.3828125 0.0609375 0.10703125
3 0.69921875 0.29921875 0.0578125 0.11328125
3 0.78671875 0.29296875 0.0640625 0.10546875
11 0.16015625 0.50625 0.084375 0.13359375
11 0.54296875 0.88515625 0.09140625 0.13125
2 0.26171875 0.5015625 0.0765625 0.12734375
2 0.62890625 0.60546875 0.08046875 0.125
8 0.33203125 0.59765625 0.0875 0.12890625
9 0.1359375 0.74609375 0.0796875 0.103125
9 0.240625 0.75390625 0.0640625 0.0984375
9 0.3484375 0.7375 0.08203125 0.1046875
9 0.64296875 0.740625 0.084375 0.09765625
9 0.834375 0.75859375 0.078125 0.103125
9 0.72734375 0.525 0.0796875 0.103125
7 0.2171875 0.86875 0.103125 0.146875
1 0.61953125 0.278125 0.06640625 0.171875