9 0.8031108435805334 0.12268651421005008 0.07017666549465282 0.11215117248329012
9 0.4719381116327102 0.11518725446752213 0.07493234318774995 0.12395174310014116
9 0.3166733738311545 0.2171060848236058 0.06709711729005097 0.11990912540538945
9 0.21390692213395224 0.29154875162485305 0.07418745462406848 0.13018810633066594
9 0.6460830969983791 0.39336898133560894 0.07408746067419258 0.11300060633066593
9 0.7431348381195845 0.4955706351512127 0.08040109318774995 0.12404720048646745
9 0.6650234736582039 0.4945905620987297 0.07250223477649378 0.10906708279171565
9 0.15178663369190767 0.7644601461049659 0.08284938231716561 0.1420568607948928
3 0.8170001058771736 0.28648991559002185 0.07405109923787415 0.10675060633066594
3 0.6451660124930318 0.28245875487455924 0.07726700282867043 0.1224301534085667
3 0.552260374125742 0.40750539367262933 0.08349882211051103 0.11941424756436803
3 0.4776290545493137 0.2111719103117208 0.0670834817514315 0.11756537540538944
3 0.4005529492613153 0.3007895637202874 0.0671334787263694 0.12615912540538946
3 0.2806302929400446 0.5044248526805133 0.0725749576491305 0.12156708279171564
3 0.19525639520298094 0.409049897322782 0.07184370462406849 0.1301471960222404
3 0.21686427137182643 0.18603909131642754 0.06936359923787414 0.10666878571381497
5 0.7291779190106943 0.20912462054071607 0.07420109016268786 0.13253185633066603
5 0.3118364037871879 0.108607792209932 0.07267040641946654 0.13797333279171564
1 0.8274830879231928 0.3644240008173695 0.10644141842151882 0.16902846387914802
4 0.25902189589035196 0.8617970219173925 0.10333459913967839 0.17209891680124728
10 0.6739297992847565 0.7092570340955524 0.10173119252382001 0.16504039326229697
6 0.5686035124930319 0.2837951582831259 0.07659938231716552 0.14194776663909145
11 0.6359460694782324 0.12169853287773646 0.0726658612399266 0.13719208279171563
6 0.2352193616327102 0.11931919561849866 0.08132324375348406 0.1482795872559425
7 0.47201888310273254 0.36984748092857184 0.09641243344863373 0.1907261858759707
8 0.30867400058917516 0.3836350657488824 0.08138687626704141 0.1592170872559425
11 0.48079235676093635 0.8758929293864443 0.08591074980360833 0.13117390787279354
8 0.14090419672723253 0.6209146976470936 0.10082722267624522 0.14393300649282176
0 0.790935492103164 0.738461518674277 0.10630960821486468 0.14637221387914803
0 0.2708093444642962 0.7155123571447402 0.08520222267624522 0.1436602711033185
2 0.4644411697962612 0.732442938314898 0.09227437929210343 0.1508142520285949
2 0.8909622422995558 0.8663898754119799 0.112527791958086 0.14101255803494936