3 0.2765625 0.13046875 0.0578125 0.1265625
3 0.1859375 0.2359375 0.0640625 0.10078125
3 0.34921875 0.21328125 0.05859375 0.1140625
3 0.24375 0.77890625 0.07421875 0.125
3 0.525 0.6390625 0.0796875 0.1046875
3 0.8375 0.76328125 0.0828125 0.11796875
3 0.7640625 0.12578125 0.0671875 0.1265625
3 0.53046875 0.125 0.06640625 0.115625
0 0.690625 0.2046875 0.0734375 0.1296875
0 0.51953125 0.2109375 0.05859375 0.1234375
5 0.60859375 0.3078125 0.0640625 0.1203125
5 0.25859375 0.30078125 0.0796875 0.1390625
1 0.10234375 0.89453125 0.11796875 0.14921875
2 0.42890625 0.6265625 0.09375 0.11875
2 0.4265625 0.7578125 0.09375 0.13125
4 0.73125 0.7328125 0.0875 0.1625
9 0.5375 0.9 0.084375 0.11796875
9 0.1328125 0.65859375 0.0828125 0.1296875
9 0.14921875 0.5140625 0.0765625 0.1234375
9 0.4421875 0.496875 0.08671875 0.11875
9 0.3453125 0.428125 0.0609375 0.1109375
9 0.59453125 0.2125 0.05859375 0.13671875
9 0.80546875 0.48828125 0.0625 0.125
9 0.70703125 0.525 0.06875 0.12109375
6 0.62109375 0.6265625 0.07421875 0.13671875
6 0.3171875 0.5203125 0.08671875 0.13671875
11 0.2359375 0.61953125 0.08671875 0.1234375
11 0.353125 0.2984375 0.0765625 0.1265625
7 0.52734375 0.38671875 0.07421875 0.178125
8 0.6984375 0.2984375 0.084375 0.1359375
8 0.2453125 0.4015625 0.071875 0.14453125
10 0.6328125 0.75390625 0.0921875 0.165625