3 0.6535210680303493 0.2041095364908528 0.06023548676543378 0.10428076143274537
3 0.5608733416039978 0.11344238567254619 0.06401545822938637 0.11845238883740708
3 0.5785446468140656 0.29124000345856105 0.06904756058675118 0.10926836179556502
3 0.5775151478475229 0.386743476416719 0.07444353597964533 0.10789683475372307
3 0.21735470553879002 0.6176438238691319 0.07193712014004516 0.12106895734906153
3 0.21645136931147566 0.41343747350631216 0.07271837014004516 0.12109623920022675
3 0.2275193401562558 0.18064233167368018 0.07239088440806878 0.11406498920022683
3 0.4173160483856422 0.2906100647986392 0.06893839867609249 0.10692461179556512
1 0.6369071486760924 0.08705291128038925 0.08028046712072659 0.1741058225607785
5 0.7535082595105127 0.2843476187975052 0.07535321856846852 0.12742808475372308
5 0.32090115901517463 0.10225938212916712 0.0625086162111037 0.13633929328391084
0 0.40506429735218485 0.19557038331029347 0.08055014081820958 0.13852927586071564
0 0.7179262479285763 0.730061912081416 0.08778044396136267 0.12630209437236992
2 0.814910409839235 0.729022712536903 0.10480527812176241 0.14015626324684388
2 0.38510513171747246 0.6070907258685649 0.08647265508623328 0.13171628067003915
4 0.40641516728283306 0.8630133436545797 0.09236093610347992 0.15766122177703146
9 0.7340625926374551 0.20286200582081376 0.07718754631872748 0.1165724303072194
9 0.6683220843652876 0.3874850316815294 0.08165672249741007 0.11204862141421187
9 0.70251095553879 0.6007017942954012 0.07206339867609231 0.10703373920022692
9 0.6637330918088857 0.50737094574668 0.06408823283649223 0.12001488883740699
9 0.29803974110415066 0.8714930209665741 0.08814431699689199 0.13411459437236992
9 0.2327954991714305 0.29392358167368016 0.07736948283649223 0.1204786803072194
9 0.32606815611969053 0.21319688212916713 0.07673378205070396 0.12357639845605392
11 0.8365990494190996 0.37143590182979697 0.0865818169968918 0.13406003067003908
11 0.5900044933804622 0.5036854397562301 0.08647265508623328 0.13171628067003915
10 0.7754496877561097 0.4698213273276929 0.10358953453190338 0.16429316769334773
6 0.5098696912707664 0.6144716615332618 0.084274454300445 0.13475943511654281
6 0.6236219379609975 0.8726437708817562 0.08839902812176241 0.1395833443723699
7 0.4880331168302763 0.3640450755984124 0.08823851633493832 0.1863764988188737
9 0.47876931699689196 0.11474448004491614 0.07455269789030403 0.11024058475372307
8 0.3138037123632156 0.48750740136646076 0.09835622497860941 0.15241072658635507
8 0.39993380334804096 0.3710341747801057 0.08890845037150345 0.15052084437236993