11 0.1921875 0.13984375 0.0765625 0.140625
11 0.77734375 0.1234375 0.084375 0.1265625
6 0.428125 0.1984375 0.06875 0.13671875
6 0.78359375 0.2921875 0.071875 0.146875
7 0.525 0.171875 0.0828125 0.17578125
9 0.76796875 0.2109375 0.06953125 0.1046875
9 0.1859375 0.30859375 0.06953125 0.1078125
10 0.63046875 0.715625 0.0875 0.15234375
3 0.12890625 0.75390625 0.0796875 0.1140625
3 0.24375 0.61484375 0.07421875 0.109375
3 0.334375 0.740625 0.0734375 0.10546875
3 0.83203125 0.73203125 0.0765625 0.1078125
1 0.21796875 0.87890625 0.109375 0.171875