3 0.5533057186505462 0.12197707747326429 0.06547155334977202 0.12146645472226432
3 0.8401655405792766 0.6486815198006927 0.07950678134945406 0.1192045179539809
3 0.5577882978994592 0.7439202551663614 0.08572041868236298 0.11611587939029952
3 0.2662376919160039 0.620340812838933 0.07949769068268112 0.1184232679539809
3 0.23513204789945918 0.7420430960164204 0.08103291868236288 0.1160886083130606
3 0.4761608686346378 0.23872369505790286 0.06757894601368122 0.10116759026088377
3 0.4668853186266837 0.29726744808296496 0.07078576201463563 0.108217020979043
3 0.23520915197327397 0.1982567345801019 0.07483746268299925 0.12073974687674208
9 0.7302398413033195 0.2253571284083407 0.07796246268299925 0.1207579275949013
9 0.6461086472788207 0.40534863455666076 0.07466474001431748 0.10589599687674198
9 0.7476427805935943 0.5426673482559156 0.07935224001431748 0.10592326795398091
9 0.7766564765675046 0.7350366554375078 0.07549144334818117 0.10980679205628192
9 0.6608133005649591 0.7531139688656162 0.0904442813494537 0.11926815046753828
9 0.45714340790104996 0.7316151770057261 0.0890817760184536 0.13644656010845857
9 0.4767399345958214 0.5246839209556018 0.08426700668363551 0.12548178903121965
9 0.2969989852800934 0.3939419393023662 0.07562780334977201 0.12152554205628183
11 0.6542489586250928 0.31007704117251905 0.08601132001909004 0.14111587939029935
11 0.7443461526098207 0.4231088271786767 0.08439427601845359 0.13641928903121964
6 0.6620234539306395 0.5148236285065366 0.08440336668522655 0.13720053903121965
6 0.8124443613144553 0.14379857708048083 0.07974313868554432 0.13951701795398092
2 0.8426745646085483 0.43305651980069265 0.09916530068427179 0.13025564744247617
2 0.3805109192791388 0.40145952351312575 0.09152552335295364 0.14505394564707802
5 0.1949552272835932 0.3675652707826512 0.08830961668522641 0.13722326492891881
5 0.17949276460059393 0.48779595755093474 0.08368575135263549 0.14266474385167988
0 0.2376746978835508 0.8592533219141194 0.07833518002068089 0.1527891775949012
0 0.33551878198600066 0.10508397238165763 0.0688056386855446 0.13945338544042354
4 0.2897035586012303 0.48374932786604774 0.08870051535645347 0.17081701492891882
8 0.478130806612048 0.4051526709556019 0.08902723201781733 0.13175906010845856
8 0.3625121605665501 0.7396589602814092 0.09134371001749919 0.12942894564707785
7 0.1418002185710044 0.7055601744716433 0.10519767202418069 0.17872496369925486
10 0.47846025998568253 0.10825949023744263 0.08168744668999892 0.17233860831306053
1 0.22973076396404712 0.26619821350286305 0.08506698535963508 0.19423178903121974