9 0.81640625 0.30546875 0.06640625 0.10546875
9 0.8296875 0.41484375 0.08203125 0.11796875
9 0.553125 0.31015625 0.071875 0.10078125
9 0.57734375 0.625 0.078125 0.10078125
9 0.3796875 0.77109375 0.08203125 0.1046875
9 0.30078125 0.21484375 0.06875 0.12109375
9 0.228125 0.2125 0.06640625 0.12109375
9 0.5453125 0.13671875 0.0625 0.1203125
11 0.63203125 0.125 0.0765625 0.125
11 0.69140625 0.87890625 0.0796875 0.11875
6 0.490625 0.60703125 0.0671875 0.13671875
6 0.1640625 0.76796875 0.09765625 0.13671875
7 0.68828125 0.50859375 0.0875 0.17578125
8 0.6421875 0.30078125 0.0828125 0.15
8 0.74765625 0.3046875 0.08671875 0.1234375
10 0.3890625 0.09765625 0.071875 0.1578125
3 0.8015625 0.13359375 0.07421875 0.1078125
3 0.221875 0.12421875 0.06875 0.1140625
3 0.72578125 0.2140625 0.0765625 0.1109375
3 0.55234375 0.20859375 0.06640625 0.1
3 0.38828125 0.22578125 0.05546875 0.10078125
3 0.3109375 0.3140625 0.06953125 0.1
3 0.29453125 0.5109375 0.06953125 0.103125
3 0.2640625 0.890625 0.08203125 0.11796875
4 0.7703125 0.61953125 0.0984375 0.1578125
2 0.69453125 0.740625 0.10546875 0.13125
2 0.80625 0.87734375 0.11796875 0.1390625
1 0.48046875 0.728125 0.08671875 0.171875
0 0.39765625 0.40859375 0.07421875 0.14921875
0 0.38203125 0.2921875 0.0671875 0.146875
5 0.18125 0.62734375 0.084375 0.1390625
5 0.47578125 0.2921875 0.071875 0.13671875