11 0.7942320701374019 0.17241330189106732 0.0702252349563052 0.13356895734906135
11 0.2191327817367422 0.12886907758214697 0.0780377349563052 0.13384177586071563
6 0.6316327817367422 0.1432738949974929 0.070679876022532 0.14919395734906135
6 0.20716867616818133 0.2981547909216581 0.07721102084968248 0.13225199400955026
2 0.5496015317367423 0.14040930062512297 0.05995532468974858 0.1293080432839108
2 0.6534847688711254 0.655493642002268 0.08828491316955045 0.13732143992586626
7 0.38371811896290303 0.11662951632688683 0.06933633636823097 0.18348711179556507
10 0.36514969457708835 0.6203993570710596 0.08073683762187223 0.1729588395630465
9 0.8018446786754637 0.3408185615097142 0.08332462852981451 0.12778274881887358
9 0.4640635338483133 0.31181801995508385 0.07246368487716293 0.10320933475372307
9 0.38856577718439567 0.4069370577966991 0.06407452335696498 0.10994048439090331
9 0.22499868533938133 0.22291917794496668 0.06970239773014439 0.11560020734906136
3 0.15423126346084914 0.7467634165122213 0.07486727084968252 0.13217014845605385
3 0.8563704249810471 0.778321050709941 0.07432170157021041 0.11342014845605383
3 0.7551261737274059 0.7638369100584355 0.07985864773014448 0.11595487141421187
3 0.6445834788211131 0.7732714190441101 0.07871368487716293 0.1034275895630465
1 0.757579920824412 0.8945239148677586 0.10742135807584337 0.15125745435383636
5 0.6544632810118264 0.9175124923650877 0.08578203879637111 0.1317708443723699