3 0.2796875 0.22890625 0.05859375 0.09765625
3 0.275 0.32578125 0.0640625 0.0984375
3 0.3625 0.31640625 0.0609375 0.0953125
3 0.54140625 0.21484375 0.06875 0.0984375
3 0.540625 0.321875 0.0625 0.1109375
3 0.72265625 0.5140625 0.06640625 0.1046875
3 0.8109375 0.521875 0.0640625 0.10078125
9 0.178125 0.41953125 0.0671875 0.1078125
9 0.1578125 0.54921875 0.06640625 0.1078125
9 0.24609375 0.64921875 0.06875 0.10078125
9 0.334375 0.7609375 0.0640625 0.103125
9 0.7625 0.88125 0.0734375 0.1046875
9 0.84375 0.75234375 0.071875 0.10078125
9 0.63515625 0.5015625 0.05859375 0.1234375
9 0.70703125 0.3125 0.06875 0.10078125
6 0.14375 0.7546875 0.08984375 0.1109375
6 0.44921875 0.50703125 0.06640625 0.1203125
11 0.2203125 0.88125 0.0890625 0.12890625
11 0.4421875 0.3984375 0.0671875 0.1234375
5 0.4390625 0.74296875 0.06953125 0.1109375
5 0.53984375 0.621875 0.06953125 0.1234375
0 0.26015625 0.41171875 0.06875 0.13125
0 0.6234375 0.40546875 0.0640625 0.1234375
1 0.3484375 0.396875 0.071875 0.1546875
4 0.4421875 0.2 0.0671875 0.16015625
2 0.8140625 0.4 0.07421875 0.13125
8 0.65625 0.75703125 0.08203125 0.1390625
8 0.75703125 0.7359375 0.08671875 0.134375
7 0.5375 0.49140625 0.07421875 0.1609375
10 0.71171875 0.390625 0.0671875 0.13671875