9 0.2893560535709724 0.1535302691860419 0.06946047444878474 0.09922005642076397
9 0.3643742373665626 0.15605716356270863 0.0666991503605903 0.11477232123840282
9 0.44504235590767377 0.13294827830409758 0.055470709631146066 0.10201774810013893
9 0.27923943721406275 0.32273421086541687 0.071295731382639 0.1109751740119445
9 0.35216975056868083 0.40329518626413224 0.06880651101791671 0.1046706226251736
9 0.7058194677992711 0.2998682470532992 0.06508209897381967 0.11239220364722229
9 0.17044958472486155 0.5130663105048265 0.08472245174736122 0.11753429853697916
9 0.646069140195695 0.6178356906325353 0.065045731382639 0.11082970364722229
11 0.2426356688810422 0.6287471683123613 0.09278952488562506 0.12865363649288214
11 0.5289322723201739 0.4159984740675352 0.08125261284152785 0.13619337955902786
7 0.18624989057694458 0.18548682437253486 0.10409135400781264 0.17810877583555565
6 0.34939220231604207 0.5187928996950003 0.08599466422829867 0.1386462323325695
8 0.6452723192416325 0.7513385216545838 0.09080945079743082 0.14422408510611112
8 0.6248623681598614 0.41120383092513946 0.08519523043270852 0.13784679853697918
6 0.5361972988213196 0.2920161134102088 0.07260431145475721 0.13364960780753474
10 0.8625169834699313 0.8930396316463203 0.11691800911805572 0.15888665036059066
3 0.5318520248856251 0.1388729296146185 0.060212761017916706 0.10447060087368061
3 0.609831554520903 0.13444130917364633 0.0532360624046877 0.1066506967133681
1 0.5213334053945834 0.1901626726807643 0.07109701605190999 0.16953255642076392
5 0.45187554378732653 0.22524488107763924 0.06401056145475721 0.1334495860560417
3 0.3638306831300002 0.2333463621759378 0.061030378609097366 0.1060512846692709
2 0.19266550436840302 0.2933902433504863 0.0923355832062501 0.1426979526972918
5 0.17329986815986143 0.4006935970739584 0.08094348831649319 0.12291212955902786
4 0.11822146960222293 0.8522911582443751 0.12373105357097236 0.14967530452090294
0 0.4508527848567022 0.8858005213702433 0.08519523043270852 0.13784679853697918
0 0.7868337316669793 0.3251786779990979 0.08323334014010424 0.15419849715020845
2 0.7294953167730907 0.4112967095342367 0.0827423776591667 0.13310474715020834
3 0.6177564233463544 0.3071884781515977 0.060358231382639 0.11072060087368066
3 0.5521743230413547 0.6429792013661115 0.07234973831649327 0.12271210780753475
3 0.7400581423798964 0.7644762609210075 0.07233155452090294 0.12193085780753474
3 0.8287731906325353 0.65097876500507 0.07734636284152785 0.13610246058107656
3 0.6900295072181946 0.22532218873267418 0.0743298124046877 0.10714165919430566