3 0.2125 0.13125 0.078125 0.103125
3 0.36328125 0.13125 0.0640625 0.11328125
3 0.6890625 0.12265625 0.06640625 0.10546875
3 0.43125 0.30703125 0.06875 0.109375
3 0.615625 0.421875 0.071875 0.11328125
3 0.43046875 0.6234375 0.0765625 0.1078125
3 0.80625 0.50703125 0.07421875 0.1203125
3 0.6234375 0.746875 0.0875 0.11875
9 0.4453125 0.1265625 0.06875 0.11328125
9 0.19921875 0.22265625 0.08203125 0.1078125
9 0.6140625 0.3078125 0.07421875 0.115625
9 0.696875 0.31328125 0.05625 0.12109375
9 0.6890625 0.1984375 0.06640625 0.11328125
9 0.16796875 0.40625 0.0765625 0.125
9 0.23671875 0.63125 0.0796875 0.103125
9 0.3140625 0.8828125 0.084375 0.12109375
0 0.52890625 0.12109375 0.0578125 0.15625
0 0.53671875 0.29921875 0.06875 0.146875
6 0.41875 0.8734375 0.0875 0.13203125
6 0.82734375 0.61796875 0.06875 0.134375
5 0.44296875 0.39140625 0.078125 0.12890625
5 0.7796875 0.2234375 0.0734375 0.1296875
11 0.3234375 0.74609375 0.09375 0.12109375
11 0.76640625 0.115625 0.06640625 0.1296875
10 0.2515625 0.3953125 0.08984375 0.15625
4 0.34296875 0.49609375 0.08984375 0.1609375
2 0.10546875 0.87265625 0.11875 0.134375
2 0.20078125 0.87265625 0.0984375 0.1390625
8 0.3515625 0.2046875 0.0828125 0.1359375
8 0.62421875 0.50859375 0.08984375 0.13671875
7 0.5296875 0.6109375 0.0890625 0.16796875
1 0.7484375 0.8578125 0.0875 0.1671875