3 0.28359375 0.1350688498270494 0.0765625 0.10591417759490125
3 0.68515625 0.11710762754358761 0.0671875 0.12148463544042354
3 0.51953125 0.2954149556060271 0.0625 0.10114486436318479
3 0.6125 0.4144053292407898 0.06875 0.10977497579950324
3 0.68671875 0.301473537184508 0.06875 0.11133747579950323
3 0.515625 0.729812681503726 0.0796875 0.10593235831306061
3 0.621875 0.8956007870863122 0.0921875 0.1302238311856975
3 0.84140625 0.8771360916356258 0.08671875 0.1301920149289188
9 0.196875 0.13322961475596817 0.0734375 0.11448974687674203
9 0.2828125 0.22413589500658918 0.06953125 0.111342020979043
9 0.18203125 0.3137847231672245 0.0828125 0.11141928903121974
9 0.36484375 0.13147115115490926 0.05859375 0.10815338846548568
9 0.34609375 0.3987677354638647 0.08671875 0.10987951492891881
9 0.6203125 0.6018598774453918 0.071875 0.10588690651766246
9 0.13671875 0.6406108435805334 0.0828125 0.10985678903121965
9 0.80078125 0.39768494097169593 0.0765625 0.1137266775949013
2 0.4328125 0.1974819705349459 0.08203125 0.14110224385167988
2 0.33671875 0.5081972776183423 0.08671875 0.13175451492891882
5 0.2515625 0.40088020218818154 0.078125 0.1410795179539809
5 0.3484375 0.21437909992524523 0.071875 0.13010565651766245
0 0.3609375 0.3010251270526083 0.0765625 0.1348204275949013
0 0.415625 0.7358632144848217 0.0765625 0.13169542759490122
4 0.146875 0.501489256246516 0.10546875 0.16389484923787415
1 0.44140625 0.095869473560008 0.0875 0.1786340601084586
11 0.1890625 0.22077506655136622 0.0796875 0.1317136083130605
11 0.44140625 0.311494473560008 0.078125 0.1527982679539809
7 0.61328125 0.27143203406125005 0.0765625 0.1895079275949013
6 0.78515625 0.28293209456249213 0.07421875 0.17230679205628183
10 0.8328125 0.6154673386105637 0.0984375 0.18338519262201594
8 0.521875 0.5047763200674076 0.08671875 0.1458170149289188
6 0.3140625 0.7169228378249969 0.0984375 0.13963519262201593
8 0.115625 0.7430773134281083 0.0953125 0.15680451190385672