11 0.21155069198043536 0.12412943684582331 0.08347119461127121 0.13467758956304648
11 0.7847151761954198 0.09941705809039922 0.0720254603962868 0.13895586179556507
6 0.37134292093374793 0.1122866573569106 0.07794923670464601 0.14695933475372308
6 0.6069163998870606 0.09779753830495137 0.07905671039628678 0.13920139845605392
10 0.45030237884037316 0.09700390853803695 0.08368329721387227 0.16509177586071566
7 0.5302243682464424 0.16545131897499044 0.08413061824644216 0.18615824400955025
8 0.4563744284733199 0.4835143274125109 0.07905671039628678 0.13920139845605384
8 0.7965234734092921 0.26183521253690295 0.07690267619541977 0.12899058475372308
9 0.2068540286568465 0.2988665420179665 0.07599262357870132 0.11336558475372308
9 0.28667876557325406 0.2177951020921002 0.06694384727034208 0.10525298439090332
9 0.36649433916607277 0.3112970762313846 0.08265214725622458 0.1206150895630465
9 0.5471150076101591 0.28072165490983986 0.07502936305535748 0.11021330290255768
9 0.6297462261107152 0.19407233757931194 0.077191102532014 0.10717014845605392
9 0.7812632234798793 0.18799840845321894 0.07769163147120892 0.11576389845605398
0 0.18219347582836648 0.5071800390227416 0.09514444198043534 0.13430556733052795
0 0.6555854731975306 0.4898659872164922 0.07684946828879458 0.14146330290255768
2 0.5457260838338137 0.3778421915703287 0.07731219987294313 0.13602183475372306
2 0.3656268730845911 0.618983090659355 0.09689665777956832 0.12423116288402411
3 0.16482177823332347 0.7465525630693587 0.09060886042452165 0.10997768992586625
3 0.2640482335091128 0.7297792361201839 0.08265985253201383 0.10736112141421188
3 0.3782850387566672 0.7422296177011969 0.07457433674699825 0.10240080290255768
3 0.7685005150791439 0.7215574421184829 0.08633088410204515 0.11684524881887377
3 0.8739692650791439 0.7178743922111501 0.085784852532014 0.10747024881887376
3 0.5477652679217413 0.5069394145284868 0.09272509727034209 0.10615328547936258
5 0.15288946758292288 0.8777033593484944 0.10926014988706054 0.12232392250267096
5 0.8986646991670714 0.8461804414855107 0.10705290777956833 0.12458582694917482
4 0.4605577544146259 0.8779190918404811 0.09490922355046649 0.14365328547936257
1 0.5753791176111578 0.833201814165667 0.09389275512049747 0.1529737217770318