3 0.2581262292356613 0.299915994629229 0.06975032885449055 0.09840168467536321
3 0.7778101267036475 0.3984854758911868 0.085784852532014 0.10561474801081774
9 0.5286123054593159 0.19995925859327607 0.05976838410204497 0.11468066534054513
9 0.6181452423192537 0.2176547412476403 0.07926183674699842 0.10085452267663593
9 0.6917115449359722 0.20118430923777714 0.06473660516284988 0.10615055000795418
9 0.7669467633659411 0.20967751456082304 0.07341365514873228 0.12108520667568143
8 0.6868336001129395 0.1106774879058225 0.07225297355046649 0.1413704346753632
6 0.6007595922204316 0.11402121125082196 0.07096348933548206 0.14603975334181776
1 0.5163860502682314 0.27583141526100335 0.08022436824644216 0.18440281934277233
2 0.6089320531108287 0.49647917524668583 0.08737744461127121 0.13295849801081766
5 0.3005364532096507 0.6039035132877293 0.08062691567207611 0.12429202267663583
9 0.20960064006958853 0.6236989399665924 0.07581061305535756 0.10862156934277216
9 0.09437121124333284 0.7522972019812282 0.09156441567207607 0.1244192920114541
7 0.10711267690129148 0.6139614079805918 0.1175955656297238 0.1692232620146356
8 0.36358581591207245 0.12458818328295687 0.08796897881213823 0.1431147480108177