3 0.7379448145630356 0.22141451697202222 0.061900213703953 0.10813975292686617
3 0.6761651888278666 0.3093094267111385 0.07534523801421251 0.111342020979043
3 0.3259151260738533 0.13857318325224202 0.07008452792830404 0.10037724990180412
3 0.31466776684702763 0.23691523448190605 0.06905761646291486 0.09568520472226431
3 0.6982603533454734 0.6116895381474569 0.07637547150586901 0.10119486133812253
3 0.7992872648108628 0.6169633663080922 0.0812676893936933 0.10512838241536145
3 0.9172261165744565 0.7512025318027451 0.08196373021229633 0.11840963241536144
3 0.2155407858417619 0.7447772105759969 0.08611564167768551 0.1231198583130606
0 0.8161959673219975 0.2093735801055429 0.08385045680654776 0.1395079275949013
0 0.6481209967206396 0.13185659240218306 0.08574050542706697 0.1457670179539809
5 0.40396156094499086 0.1226259963857627 0.07657354534115868 0.134779520979043
5 0.8537756117132165 0.40484516138943627 0.08586998021229633 0.1184323583130606
11 0.757023442445911 0.40662530912649997 0.08290875452255583 0.12153917759490121
11 0.5606619402982045 0.1321287822937245 0.07669637607385323 0.137123270979043
7 0.5728211035726162 0.18530832444820217 0.0904999265033947 0.19187440349260032
6 0.5788807530522178 0.3009333244482022 0.08225033525525038 0.12387838241536145
6 0.5902077566702624 0.39784468588452065 0.0785078595655099 0.12698065651766247
1 0.6037147359780475 0.49164468285945856 0.07833411917644835 0.168373270979043
2 0.4913608208946136 0.38945949326250473 0.079449561849502 0.14494940651766247
4 0.40774605947465287 0.29915668012898405 0.08055503844375363 0.16604315651766247
2 0.2353753352552504 0.12476923760516398 0.07772660956550989 0.12697611133812262
9 0.49604391960598965 0.22547426131468148 0.07571373021229633 0.118373270979043
9 0.8243570273624773 0.3054855108237022 0.08599613297125827 0.10593690349260036
9 0.6348230523501053 0.7573696768093343 0.07493580223856355 0.103529520979043
9 0.529848947307151 0.751291872751 0.07312431874690688 0.11367213544042336
9 0.5138410877416412 0.6246748305965222 0.08175901232447202 0.11450338241536144
9 0.396721107529345 0.5060606651018694 0.07316526232447193 0.11445338544042354
9 0.22500988183960446 0.5081857256031115 0.07505863297125828 0.105873270979043
8 0.22795674016191897 0.38558401775758916 0.0960638517635938 0.13411190046753826
10 0.8367750559681498 0.8553900620533662 0.12652595771105907 0.16396757211051102
8 0.30923879692303835 0.6102072887366321 0.0964323439616777 0.14114315046753828
9 0.31846879126882877 0.8906442224798535 0.07842597241038014 0.12541815651766228