11 0.6510953011383858 0.3258778349844601 0.0740568831160271 0.12834763192686943
11 0.7321077475676633 0.43285988916107054 0.07629153896022575 0.12220679383752824
6 0.8140198153418453 0.1747434822128105 0.08672052434972918 0.13830482878371636
6 0.761676876222759 0.7993774551245052 0.09136711404130367 0.13617940260503386
9 0.3017617284929398 0.40577923490340684 0.0660534683433748 0.11704625889134021
9 0.6454299078760888 0.4264771484666955 0.06597164772652384 0.11235875889134021
9 0.5320729711893393 0.6495079259692854 0.07847164772652385 0.11294095574818712
9 0.5455297248427872 0.7744544220403441 0.07610062418757338 0.11126929383752823
9 0.657959766645682 0.9180846056626246 0.07996596387914785 0.1091074803552928
9 0.7550349586074374 0.5527742828747643 0.06842449188232518 0.11871792080199892
9 0.7296936339301013 0.25760517803620003 0.060611991882325175 0.1183540477664697
8 0.3603479756535661 0.6329089691876411 0.09636825973923262 0.15436647642635143
8 0.5612924614468113 0.3193495450758733 0.08221030235290634 0.14824275496239867
10 0.5655589959428102 0.2093024569865321 0.08722508482031052 0.16721107878371627
9 0.5471449975709586 0.9058863585581086 0.08387221387914785 0.10928941687305738
3 0.23545529545963814 0.7553211625298313 0.0911216521907507 0.12211690260503386
3 0.1560832155072963 0.5991567456567738 0.08022506249917619 0.1239512303552928
3 0.5392190438347851 0.5536688870941558 0.07386596834337489 0.11741013192686936
3 0.8392854533324318 0.6982195235691393 0.0839676712654743 0.11475816687305755
2 0.8259998437520595 0.33949734098031614 0.09254383035608385 0.15887203990858687
2 0.38758222605730785 0.32689656368712317 0.08225121266133195 0.15058650496239875
3 0.478955474028713 0.4226329028099217 0.06455915219075052 0.12087973428423418
5 0.37282247646434497 0.5005695041338292 0.086625066963403 0.13283607878371625
5 0.1880810580382446 0.37859168858467923 0.08879153896022585 0.12278899069437506
3 0.22934876055330683 0.20928091645877273 0.07853983157389965 0.11684720574818704
0 0.30530728855648404 0.20265423490340684 0.07190404788867957 0.13917597001621065
1 0.22812145130054154 0.2795934164587727 0.09005975852141664 0.19544524069437513
3 0.4627436875008238 0.14196294561399259 0.07656427434972919 0.13783179383752825
3 0.5542863051955755 0.13840776012968523 0.07160403896022594 0.12198847001621065
7 0.3344637654278661 0.8615776246881591 0.09510576866768634 0.17148120181924575
4 0.47212304708119596 0.5005031916850511 0.07948076866768634 0.17075345574818712
0 0.12491148742468887 0.8619820773359741 0.09471030235290642 0.1488249518192454