3 0.81796875 0.29765625 0.078125 0.11875
3 0.85234375 0.51640625 0.06953125 0.1
3 0.47421875 0.425 0.0640625 0.1140625
3 0.72265625 0.209375 0.06640625 0.10546875
3 0.26953125 0.490625 0.06875 0.12109375
3 0.4796875 0.60546875 0.06953125 0.10546875
3 0.5640625 0.12109375 0.06640625 0.11328125
3 0.30390625 0.19296875 0.06953125 0.12109375
0 0.39453125 0.11640625 0.0734375 0.13203125
0 0.65234375 0.296875 0.06953125 0.13671875
2 0.5625 0.28828125 0.08203125 0.14921875
2 0.7078125 0.1109375 0.07421875 0.134375
4 0.4828125 0.29296875 0.08203125 0.15234375
5 0.7640625 0.62265625 0.08984375 0.1390625
5 0.7359375 0.40546875 0.0765625 0.12890625
1 0.39921875 0.1875 0.071875 0.1734375
11 0.8296875 0.3796875 0.0875 0.125
11 0.578125 0.7515625 0.084375 0.1234375
9 0.478125 0.7421875 0.071875 0.1234375
9 0.86171875 0.61640625 0.07421875 0.11796875
9 0.884375 0.7609375 0.0953125 0.11328125
9 0.7546875 0.49296875 0.0765625 0.125
9 0.18359375 0.52578125 0.0828125 0.11875
9 0.2125 0.30078125 0.05859375 0.13125
9 0.2125 0.21484375 0.0734375 0.09765625
9 0.6515625 0.2015625 0.08203125 0.1203125
8 0.37109375 0.6234375 0.09375 0.140625
8 0.38046875 0.39765625 0.0828125 0.13203125
6 0.275 0.72578125 0.0828125 0.125
6 0.13984375 0.8609375 0.09765625 0.15
7 0.73125 0.28984375 0.0875 0.1703125
10 0.571875 0.38359375 0.071875 0.1609375