0 0.2861855563120599 0.1264296480316513 0.0699835306460784 0.14568520472226432
0 0.16896226973448245 0.3005080183467643 0.0835048611784261 0.1324857679539809
3 0.3585142010651329 0.22989047043675 0.07119852076024671 0.09882838544042354
3 0.4183255997725386 0.3146785608940255 0.07327035672980173 0.11133747579950315
3 0.5227186225099516 0.20628427791292997 0.057645356729801735 0.11124657220870696
3 0.6912723043348936 0.13344569985049048 0.0723445266917457 0.12695338544042353
3 0.7601867890118543 0.20568379333282807 0.06574435821267652 0.1183232740041051
3 0.6872029337649274 0.30999001913233126 0.06867835722409339 0.11365395472226432
3 0.7784792608000528 0.7343582391762978 0.07783052273741298 0.10823974687674198
3 0.10296194905078546 0.6359687953759317 0.08458985870696814 0.1207761083130606
4 0.5995809169590134 0.39016839852263063 0.0689303666156336 0.1581761143631848
5 0.5992387242596564 0.5135786274453917 0.07741402866891214 0.13635565651766246
5 0.5260399406850095 0.2781229164766115 0.07969411167271759 0.13480679205628182
1 0.49734861901272936 0.6180530248878678 0.08621336710992508 0.1606198583130606
2 0.3780163457810248 0.7288774162802197 0.09909802768032891 0.13179542154477702
2 0.7883556209898958 0.606987218099059 0.09329369665368965 0.14269656010845858
9 0.26174001874589925 0.3046546419815271 0.062428357224093387 0.11361759328594587
9 0.12868614372730874 0.5030381207078966 0.08095552273741302 0.1082579275949012
9 0.21566753749179854 0.6111000847017388 0.08726918973360735 0.10985678903121965
9 0.7037431990507855 0.6324735523098186 0.0743699417107738 0.119154520979043
9 0.16763064962162674 0.8699120033196497 0.09868419220506537 0.12163917154477702
9 0.6943031679475965 0.3849309317983137 0.07478377718603717 0.129310770979043
9 0.7744708290122919 0.4110207331261736 0.078339858706968 0.12073974687674198
9 0.3631791378329908 0.13457342525721022 0.06851918973360735 0.10974770472226432
8 0.3161145009514021 0.3886932986955812 0.09329369665368965 0.14269656010845858
8 0.7748766887078432 0.2860480042034125 0.07951769813656426 0.149645996876742
11 0.4471548898101571 0.12471209104645067 0.06896485870696818 0.12068520472226432
11 0.4887164238419145 0.7532274556060271 0.0928798611784261 0.13254031010845857
10 0.3176995641835442 0.48397398243880263 0.10977820110231393 0.16388121369925485
6 0.6050363739928264 0.19877578406125002 0.06979252965749509 0.1409977047222643
6 0.4279141639932639 0.40522629284184875 0.08235619665368965 0.1426329275949012
7 0.18042376277721917 0.7284648467037915 0.10891869665368965 0.14278746369925485