5 0.7850384718782374 0.1505327974783472 0.09332196856846871 0.12652731818121907
5 0.22415662985995483 0.12275921022569998 0.07971323283649223 0.11926424310014117
1 0.551192164806143 0.11830312986632104 0.09292601633493831 0.1850665211033183
4 0.46161593445085003 0.19492808522405233 0.08156898531769166 0.15910799310014118
3 0.7919733684874153 0.2366612122509996 0.06559507485477489 0.10106366801906326
3 0.712225902400146 0.3204946956119081 0.07391699710451594 0.11213753571381498
3 0.6170825303980741 0.23126282588856148 0.0626883986760923 0.10569662094116258
3 0.2955714034336034 0.21783197686479147 0.06261562406898662 0.10413412094116259
3 0.2234780796122858 0.22126489407307584 0.06908394789030421 0.10893071509696392
2 0.802106039703699 0.3212816741015526 0.09037890508623328 0.1303790211033183
2 0.36781662283064154 0.395799064120734 0.0953211162111038 0.13592959172016936
6 0.271468161705771 0.3995904914752881 0.09583053846084474 0.14686709172016937
8 0.6405498397464802 0.6171418246707455 0.10391486621110388 0.13607959618439622
8 0.3398948682825275 0.6259678051922802 0.10340544396136275 0.12514209618439623
9 0.8279127909465533 0.7744436302700628 0.09188574710451576 0.11245118141174384
9 0.7164123647678708 0.7678060722351134 0.08459978597964532 0.10685970048646727
9 0.6097086004998472 0.7589065848170152 0.0869435359796455 0.10690061079489296
9 0.31650441005314117 0.7420604094943514 0.07678728597964532 0.10672333279171564
9 0.22081092039222336 0.7317893368489055 0.08752573283649223 0.1194006107948928
9 0.12860414971405895 0.7473813348203105 0.08187504631872758 0.11539890340856651
11 0.6228720723780847 0.8959662540538945 0.09779114474715093 0.12192163879807012
11 0.087807867663355 0.8678614301939278 0.09808224317557443 0.12817163879807011
7 0.7375531565384845 0.8846759723972693 0.11657968610347993 0.15659664772652349