3 0.83203125 0.3203125 0.0734375 0.12109375
3 0.6578125 0.43515625 0.06953125 0.10546875
3 0.6640625 0.321875 0.0734375 0.115625
3 0.490625 0.3109375 0.078125 0.12109375
3 0.390625 0.509375 0.07421875 0.1203125
3 0.48359375 0.63359375 0.078125 0.11796875
3 0.2125 0.4125 0.084375 0.1140625
3 0.4125 0.128125 0.06640625 0.1359375
9 0.75 0.4125 0.071875 0.11875
9 0.7484375 0.5359375 0.0828125 0.134375
9 0.36171875 0.75 0.06953125 0.14453125
9 0.171875 0.615625 0.0890625 0.134375
9 0.18515625 0.49453125 0.08671875 0.11875
9 0.38984375 0.30859375 0.078125 0.11328125
9 0.86875 0.771875 0.078125 0.1390625
9 0.5796875 0.23046875 0.0734375 0.115625
6 0.659375 0.13984375 0.0875 0.1453125
6 0.56875 0.41328125 0.07421875 0.1296875
1 0.475 0.4953125 0.084375 0.16328125
5 0.73359375 0.23203125 0.06875 0.146875
5 0.2296875 0.27421875 0.084375 0.134375
0 0.25078125 0.0953125 0.078125 0.15234375
0 0.58984375 0.31875 0.07421875 0.1609375
2 0.48984375 0.209375 0.08984375 0.134375
2 0.65546875 0.65078125 0.08984375 0.12890625
8 0.8515625 0.52734375 0.0921875 0.1453125
8 0.44921875 0.89296875 0.1 0.13203125
11 0.57109375 0.734375 0.0796875 0.15625
11 0.740625 0.31875 0.078125 0.13203125
10 0.6671875 0.896875 0.0984375 0.1546875
7 0.4828125 0.37734375 0.08671875 0.1828125
4 0.23125 0.81953125 0.09765625 0.1875