3 0.7839335967037914 0.17358700992930667 0.05919371369925468 0.10585404776646964
3 0.7193893076725717 0.25938326882064683 0.0678238251355733 0.11250430810555186
3 0.6174773497288536 0.18993125558608048 0.06158291549465282 0.11377570967712844
3 0.2966966962362532 0.28531880004278126 0.0584397347764936 0.11050516046291677
3 0.20294669623625322 0.2896852764691327 0.0615647347764936 0.11065070967712849
1 0.37466768101274683 0.1739039569910413 0.06743346057599683 0.17965542080199892
5 0.22430913270994907 0.10827045657675653 0.06479881908544902 0.12954625889134017
2 0.8076614673134921 0.25683400351916585 0.08349882211051103 0.1218258041766104
2 0.37509388612779465 0.36914368238393547 0.0726249546240684 0.13225388192686935
11 0.46803081987101597 0.37028234326113696 0.06947722872636941 0.12820208271265762
11 0.4596758808632373 0.8666308043860074 0.09599882211051103 0.12240800103345748
8 0.6668308924725064 0.5672171935515872 0.08365335821486468 0.14838830417661059
9 0.8683156035394826 0.7054491319313787 0.08260394262201594 0.10225816687305755
9 0.7573644680008631 0.7129598790358946 0.07406473477649378 0.1112329065339754
9 0.650383214975801 0.7093511896226458 0.0850113251355733 0.11330482878371625
9 0.3589587842576417 0.7260486538478881 0.08261757816063539 0.10460191687305738
9 0.2758518893492484 0.5120097326316044 0.07716246369925477 0.10669095574818713
9 0.16509969994868637 0.7538227051290145 0.0702493883672898 0.12667597001621084
7 0.7864201880448297 0.8201709115008832 0.10556926483072289 0.1564383986760923