3 0.3609375 0.2171875 0.0671875 0.1078125
3 0.146875 0.51171875 0.071875 0.1046875
3 0.33046875 0.62734375 0.07421875 0.1109375
3 0.5265625 0.509375 0.08203125 0.10078125
3 0.7140625 0.496875 0.0765625 0.109375
3 0.7875 0.3015625 0.06953125 0.11328125
3 0.690625 0.21796875 0.0640625 0.109375
3 0.6796875 0.125 0.06640625 0.125
5 0.2671875 0.2125 0.0734375 0.13125
5 0.60859375 0.2953125 0.06875 0.1234375
0 0.51796875 0.30234375 0.07421875 0.12890625
0 0.52734375 0.4 0.06953125 0.13203125
1 0.42109375 0.59765625 0.0875 0.1671875
4 0.228125 0.615625 0.1 0.16328125
2 0.42421875 0.8703125 0.0890625 0.14921875
2 0.221875 0.8640625 0.0921875 0.1421875
9 0.1703125 0.22734375 0.0671875 0.11328125
9 0.34609375 0.31640625 0.071875 0.109375
9 0.3390625 0.525 0.0671875 0.1078125
9 0.109375 0.8984375 0.0796875 0.1234375
9 0.6515625 0.878125 0.08203125 0.1359375
9 0.709375 0.40078125 0.0671875 0.11875
9 0.69296875 0.30625 0.0640625 0.12109375
9 0.61328125 0.21640625 0.06875 0.10546875
11 0.5171875 0.2015625 0.078125 0.12890625
11 0.8109375 0.6 0.0875 0.13203125
8 0.22890625 0.50078125 0.09765625 0.13125
8 0.4265625 0.421875 0.084375 0.13671875
10 0.61875 0.5859375 0.09375 0.1578125
7 0.7109375 0.59375 0.08984375 0.16328125
6 0.5328125 0.73828125 0.084375 0.13125
6 0.79609375 0.3609375 0.078125 0.1453125