3 0.3553546441948847 0.1354046722321481 0.08020090988879928 0.12700338241536144
3 0.18449401797134932 0.21919438583320705 0.0756398954608291 0.10823065651766246
3 0.4333581039061988 0.22790072356000798 0.07123513765628076 0.13866759026088377
3 0.5346701219623661 0.12264507611753188 0.06864585099579194 0.1316227047222643
3 0.7658109945577044 0.12442470297374846 0.05490080952597971 0.11826418667008758
3 0.4958704505560034 0.6297990459651067 0.07359624582364876 0.116810770979043
3 0.20324146253690295 0.7783466720357565 0.08032739546082901 0.1082579275949012
3 0.712281678956457 0.4941923023098186 0.06411211841898705 0.11363122882456515
5 0.25224202396179907 0.2922228196746242 0.07333335099579194 0.13164997579950324
5 0.6040947006408214 0.3042354437021704 0.0749677728654909 0.11135111133812262
0 0.6897544368458233 0.19985194985049048 0.06625746097725838 0.1526982740041051
0 0.43049350953382887 0.309931973560008 0.07422372840045348 0.134779520979043
1 0.05996646368701327 0.879164804352922 0.11993292737402654 0.1498959817514315
4 0.702179959541678 0.738732642668898 0.09176589246560418 0.14503576492891881
2 0.2964780526481036 0.9043410245932803 0.09879714246560418 0.14507667154477702
2 0.4077752282308175 0.5131478771508042 0.08680557395394999 0.13719599385167988
9 0.12305548784946443 0.5023068676828345 0.08410715988879933 0.1270261083130606
9 0.10209316870483795 0.6328710664531704 0.07990080952597962 0.11840963241536144
9 0.32358622278852195 0.6425177354638647 0.07125249582364876 0.11679713544042354
9 0.33044389111484185 0.42377228064340444 0.07842015507947586 0.12074429205628193
9 0.5978025498225147 0.21600873585664812 0.06708335099579195 0.1316136143631847
9 0.7772469692451429 0.4008644831261736 0.07306053248413776 0.12383747579950324
9 0.8060316458393473 0.7396906337901037 0.08764138765628075 0.13876303903121964
9 0.5004388663504346 0.9015922327333902 0.09161955952597971 0.11847781010845856
8 0.23307038331029348 0.3938762232654204 0.08123762023308556 0.15669088241536144
8 0.703429979411944 0.5910991185665971 0.08358137023308565 0.1567045179539809
10 0.4005083321370163 0.7436120819712644 0.08530756134007814 0.1614011083130606
7 0.597296574417286 0.38707066959986947 0.0839087524470706 0.1660795179539809
11 0.29757430509517435 0.7387432956705191 0.08906747840045366 0.13486587939029934
11 0.33823657686435676 0.22298648546386465 0.08087303248413757 0.1238829275949013
6 0.2948213604448027 0.5044319281840765 0.07637650544229561 0.12932440651766247
6 0.5953347372164922 0.622190558163551 0.08020090988879928 0.12700338241536144