3 0.2808947431755745 0.12496259680198726 0.08500004631872767 0.11452610831306051
3 0.26626524048497807 0.6329978105994379 0.08485449710451594 0.11140110831306042
3 0.46939024048497807 0.6318160639190876 0.09159464867609249 0.1051920149289188
3 0.5622027868037056 0.7453695038106289 0.07402615901517465 0.11368122579950324
3 0.9026159251407158 0.8395088266085112 0.08767128205070378 0.12157099385167988
3 0.6184419007430071 0.2917945310361879 0.07960407092583352 0.11605679205628183
3 0.5328083076912671 0.21492802488786786 0.07506212014004525 0.119154520979043
3 0.7772710911897132 0.27914856441006697 0.06766699710451593 0.11130111436318471
5 0.35422319706173466 0.4074251179774221 0.08532753205070395 0.12155735831306061
5 0.8277013924708394 0.472657669894457 0.09334123924663303 0.1426920149289188
1 0.6220806310982999 0.36991953103618797 0.10215546712072658 0.181014171544777
0 0.7065091350272413 0.35379910646634877 0.0828211162111037 0.1348204275949012
4 0.5323395808506308 0.2719774556060271 0.08511136228216216 0.1504545179539809
0 0.6688701637681763 0.7369343142136752 0.10667599317557439 0.12714882816063539
2 0.5879431098009629 0.1067655460633026 0.09037890508623328 0.12939712939029935
2 0.27047743568919513 0.3039779311109427 0.09679372497860932 0.14974144564707803
9 0.3528297092628437 0.20972341618202392 0.07200989474715103 0.12069884026088377
9 0.17885932402620536 0.4006307381943392 0.07179157092583344 0.11601134026088378
9 0.43629718072679646 0.2233041271508042 0.06297949710451575 0.11127384328594588
9 0.5942359592628437 0.20831895570422296 0.07947779238978611 0.13011474687674207
9 0.6806999981379732 0.2023456907753042 0.07428087014004525 0.11914997579950315
9 0.3593324979285762 0.7520200004909794 0.082711954300445 0.1324766775949014
9 0.5711326387467859 0.8867621182720097 0.09001503205070378 0.12158462939029917
9 0.6607408325032608 0.6127291997522947 0.07736948283649223 0.11838690651766245
7 0.4359439621583278 0.09827231089402551 0.0778275552100677 0.178529520979043
11 0.2612780258454509 0.4923637202403583 0.09426803846084475 0.14582156010845856
11 0.15944165983923497 0.7555273164531704 0.10553087014004517 0.11933178298109545
10 0.4548611676971179 0.722550148228043 0.09016273531769166 0.15829428903121964
6 0.27147724110415067 0.8791279220357564 0.11726889081820957 0.13658291549465282
6 0.849420188789567 0.5866247211241211 0.09366872497860931 0.1497232649289188
8 0.7506744737357551 0.5973582089256768 0.09561221463952715 0.1411431504675381
8 0.16664396029630096 0.30614493998973724 0.10084552419282114 0.15288917154477702