8 0.6161621933421901 0.12627421291368784 0.0892894400324213 0.13954428903121974
8 0.3655072218782375 0.138882255460949 0.07944140508623328 0.12933349687674206
9 0.44433638916557977 0.20810949931262895 0.07468113047912724 0.12774372579950316
9 0.3527653192732036 0.2278947584860111 0.06094396215832783 0.10110850292686627
9 0.2871232026478151 0.21110216822512737 0.06158181699689198 0.1315727077473264
9 0.20986934388030948 0.22550049063022612 0.06535963440806877 0.11206872882456534
3 0.706012289703699 0.3112219055357038 0.06915672249741008 0.10974770472226432
3 0.1795696060814185 0.42303402078265123 0.07446280665780977 0.12305622579950323
1 0.456249884203181 0.2878879029034251 0.07459339329940899 0.17616759026088377
2 0.3381397772977022 0.5083544181269316 0.08630998924663302 0.1426511083130606
5 0.6304299770500332 0.6085190863520589 0.08774405665780982 0.12313349385167989
9 0.7265408436754217 0.6254889386149951 0.07211905665780982 0.12304259026088378
9 0.836453037017612 0.7488178751868869 0.08496365901517464 0.11374485831306061
7 0.8272322024429274 0.6112269715960907 0.10798593610347992 0.1552738281606354