3 0.21484375 0.21015625 0.05859375 0.103125
3 0.27890625 0.29296875 0.0671875 0.109375
3 0.38125 0.21875 0.0609375 0.1109375
3 0.7015625 0.29921875 0.0578125 0.1078125
3 0.7953125 0.29921875 0.0609375 0.1078125
1 0.62421875 0.19140625 0.06640625 0.1765625
5 0.775 0.11875 0.0640625 0.1265625
2 0.190625 0.29453125 0.0828125 0.11796875
2 0.62265625 0.38671875 0.071875 0.12890625
11 0.5296875 0.3921875 0.06875 0.125
11 0.53515625 0.88828125 0.0953125 0.11796875
8 0.3296875 0.5984375 0.0828125 0.14453125
9 0.12734375 0.74609375 0.08203125 0.0984375
9 0.23828125 0.7484375 0.0734375 0.1078125
9 0.3453125 0.73984375 0.084375 0.109375
9 0.63671875 0.74296875 0.08203125 0.10078125
9 0.72109375 0.525 0.0765625 0.103125
9 0.83046875 0.76171875 0.06953125 0.1234375
7 0.20859375 0.85703125 0.1046875 0.1515625