5 0.804825642044481 0.1421875 0.08038870373287814 0.1296875
1 0.48127509374876426 0.18046875 0.08583986282348768 0.1734375
3 0.8102319366867496 0.228125 0.06823357710967279 0.1046875
3 0.739747887173217 0.3078125 0.07137221387914786 0.10546875
3 0.6351637528393738 0.22421875 0.07114038879807012 0.0921875
3 0.3146194277582959 0.2109375 0.0627648271096728 0.1046875
3 0.23140355316368533 0.27734375 0.0580500535707225 0.103125
2 0.8272615239426921 0.30859375 0.08510347727182861 0.13125
2 0.39260588027335813 0.38203125 0.07656427434972919 0.134375
8 0.6745491757264057 0.60078125 0.09783530235290652 0.14453125
8 0.24256142126547414 0.1109375 0.08445859496658023 0.1390625
9 0.866516307624617 0.7671875 0.07874438311602745 0.125
9 0.7632549399298652 0.759375 0.08394039772652384 0.109375
9 0.6544839119266881 0.74921875 0.08472164772652384 0.109375
9 0.3558145868456101 0.7359375 0.08943642126547413 0.1109375
9 0.2664929882255819 0.72109375 0.07076824188232518 0.115625
9 0.17074015746246113 0.740625 0.08152846387914794 0.10546875
7 0.7848317053511408 0.8765625 0.11229326866768634 0.1671875
11 0.6709055730458925 0.884375 0.0896818831160271 0.125
11 0.1385334038090132 0.86484375 0.09746710957707685 0.1234375