9 0.21484375 0.11874868533938135 0.0796875 0.10778741943775674
9 0.3921875 0.11983850923770704 0.0828125 0.13131584765100213
9 0.546875 0.11065006268206161 0.07421875 0.11544079506457736
9 0.35234375 0.3788103439565854 0.0796875 0.1132561694377567
9 0.19296875 0.28969768283209885 0.078125 0.11321070533113406
9 0.12890625 0.6204679612036289 0.08984375 0.11198918613080408
9 0.615625 0.5953683919906636 0.0734375 0.12244931301126591
9 0.8078125 0.39446380687607385 0.08203125 0.12113686559769068
3 0.290625 0.19701242616818132 0.0765625 0.11004024122451139
3 0.52734375 0.2854371140148452 0.06875 0.12231292069139794
3 0.7125 0.11833086738005741 0.0796875 0.12731866943775674
3 0.69921875 0.2960610622863502 0.0765625 0.11004024122451135
3 0.525 0.4948803101747791 0.078125 0.12336695533113406
3 0.5078125 0.7219429153476286 0.0875 0.13457723997087
3 0.60078125 0.8833003010035793 0.08203125 0.11644936559769051
3 0.8203125 0.8605063440230925 0.0875 0.13145223997087002
11 0.20234375 0.19801864819236278 0.0875 0.1314522399708702
11 0.4359375 0.38262801425227194 0.0875 0.1392647399708702
8 0.10703125 0.7132919586963464 0.11328125 0.14235864773014448
8 0.6265625 0.7403626432443049 0.103125 0.163938131037097
6 0.3375 0.4839297529695009 0.09375 0.14491534639736087
7 0.6203125 0.26476324967079556 0.08203125 0.19379311559769077
6 0.5328125 0.3704342396416657 0.08984375 0.14480168613080427
10 0.709375 0.4668592955933028 0.0921875 0.18393238229073816
0 0.4015625 0.7133157245979709 0.10078125 0.16074493487716293
0 0.62109375 0.3897405176174843 0.09375 0.14491534639736087
5 0.45546875 0.19924721291948844 0.0890625 0.15415395407749283
5 0.24375 0.4655638493668618 0.0921875 0.14486988229073816
4 0.22578125 0.5856179365930225 0.1203125 0.18396948620994635
1 0.790625 0.09387840865045756 0.0953125 0.18775681730091512
2 0.42890625 0.470332602732074 0.103125 0.160813131037097
2 0.703125 0.1826661520197935 0.0890625 0.1447789540774928