11 0.80564256735359 0.11646208045798559 0.08588405068427178 0.13312551779449713
11 0.23036075668363556 0.11567278505752163 0.06814256735358999 0.15192459733826164
6 0.6428698473504083 0.0996459480622023 0.07027723201781733 0.13405134783255324
6 0.22445729670590725 0.2800536200384936 0.06419086401972632 0.14785917984777566
7 0.4068419880251352 0.1686664979856526 0.071658466024817 0.18564568133065046
9 0.816163538709407 0.2817369119789164 0.07304769601368122 0.10370993182494201
9 0.403736811386043 0.37201433247233295 0.07324769068268111 0.12089743182494202
9 0.23525788936186234 0.20066986756703567 0.06526246801399935 0.10573534684397004
2 0.5702532440722239 0.5090474643738248 0.0812692760184536 0.13918451680591382
2 0.6752685554184961 0.6001261091268976 0.08822780068427197 0.1332210182887888
3 0.878276471435359 0.7161318166178211 0.07945223734881743 0.11724584980971961
3 0.7867702241008591 0.7112625858951931 0.07935224001431748 0.10865209980971961
3 0.6627878314369499 0.7366366120926472 0.07312951201463562 0.11074118182494211
3 0.17430658676794988 0.7393450484033945 0.08422155334977197 0.12446810079830292
1 0.7860355221196309 0.8496393363894846 0.09941983935390812 0.15554168726214962
5 0.6814752914544491 0.8648425251345089 0.10150905068427178 0.13376218775644128
10 0.3881770880808145 0.5797777529285685 0.08942722135581711 0.16919035178688588