3 0.7120131449083933 0.21796875 0.05917553298109546 0.1
3 0.7207700004909794 0.32421875 0.06462155708339648 0.09609375
3 0.6372353378249969 0.3140625 0.0592300751355733 0.109375
3 0.4557995063447118 0.21171875 0.061523828160635216 0.10078125
3 0.45908306674775795 0.31875 0.05917553298109546 0.1
3 0.2728041574014252 0.51171875 0.0592300751355733 0.109375
3 0.18289677488786787 0.52265625 0.0654709847764936 0.1078125
4 0.551388741415793 0.2984375 0.06802835821486468 0.14453125
1 0.6517604043763632 0.503125 0.08061926180566097 0.16015625
0 0.6484632084346975 0.3984375 0.05928461729005097 0.11875
0 0.4671541211006799 0.40859375 0.05686359923787414 0.10546875
2 0.18281548253699845 0.40234375 0.07727609318774994 0.12265625
5 0.3519007840612501 0.61328125 0.0827084817514315 0.11640625
5 0.6589087872827039 0.7515625 0.07258859318774995 0.12265625
9 0.8225956000234411 0.41328125 0.06699257816063522 0.10078125
9 0.8398689375538503 0.5328125 0.06941359621281222 0.1140625
9 0.7400052929400446 0.509375 0.07252041549465282 0.1109375
9 0.4625797297083281 0.5234375 0.0646988251355733 0.109375
9 0.23087871517219272 0.86953125 0.08584711729005097 0.11875
9 0.15809572102592523 0.75703125 0.07014484923787419 0.10546875
9 0.6643361097859986 0.89296875 0.07013121369925486 0.103125
11 0.43548894712001596 0.8828125 0.07177098175143151 0.11640625
11 0.5491762807416004 0.41015625 0.0702812046240684 0.12890625
6 0.5470683591968232 0.50390625 0.07415563836728971 0.1234375
6 0.747095109393215 0.63359375 0.08115507211051103 0.11796875
7 0.5643598774453917 0.6203125 0.08130960821486469 0.14453125
8 0.345577540307766 0.76015625 0.07886131908544902 0.1265625
8 0.24181219087350003 0.7359375 0.08041472872636941 0.125
9 0.29192738300453663 0.31328125 0.05687268959695384 0.10703125
10 0.3797586602300956 0.390625 0.07741699375348414 0.146875