3 0.7919326730783105 0.29531108010554297 0.07718754631872748 0.11448065651766245
3 0.6261920490093239 0.39749977312034235 0.07740587014004525 0.11916815651766247
3 0.5379214534763846 0.5142054840891225 0.07424448283649224 0.11836872579950324
3 0.4499013767595829 0.4074146077238853 0.06886777812176259 0.1370823643631846
3 0.45302003039807415 0.22300779146710664 0.07377144789030403 0.10821247579950315
3 0.2825983684874153 0.22436069232742833 0.07402615901517465 0.11368122579950324
3 0.17437268383167753 0.4339442497054124 0.08194782092583344 0.1160704275949012
3 0.3661727320124319 0.5272725897699044 0.07502573283649223 0.118373270979043
5 0.693409589951368 0.21268441158582796 0.09037890508623328 0.12939712939029935
5 0.18506408891791074 0.3050652707826512 0.09455913688926816 0.15207156010845857
0 0.2851305171635078 0.11965955678880891 0.07882497497860941 0.14963690651766243
0 0.5365174270072519 0.3094543515755652 0.07871581306795061 0.14729315651766245
6 0.6064960949137668 0.13246967075921015 0.070211954300445 0.13240395472226432
6 0.25828745740532605 0.5282078549934108 0.08485665115729173 0.1449857679539809
11 0.5581653711780117 0.7339139960911751 0.09110665115729191 0.14502212939029918
11 0.6209480849889694 0.2919719357863248 0.0823844685684687 0.1254454275949012
8 0.8331997202256076 0.4831019715960907 0.10522480913900907 0.16306814744247616
8 0.45208653743189664 0.8974038034691592 0.10654971463952716 0.14120678298109546
9 0.8523691354460354 0.742658778777683 0.09771837014004489 0.1192863311856975
9 0.35131390364300036 0.7624061138722054 0.09235878205070396 0.12159826492891881
9 0.15019451344396334 0.6510499364736958 0.07736948283649223 0.11838690651766229
9 0.16713591853019655 0.5222073189872531 0.07406254631872758 0.11446247579950324
9 0.3579193920610639 0.31857430064048886 0.07250004631872757 0.11445338544042354
9 0.7238119117057711 0.39884917056281843 0.08797949710451576 0.11141928903121982
9 0.7242956011190198 0.505912236819597 0.08143839867609248 0.1051329275949012
9 0.54215530500518 0.22196344193464485 0.07834978597964551 0.10589599687674198
10 0.6659499842887435 0.8861446374835271 0.10751290115729191 0.14511757816063522
7 0.27724728081235883 0.372807282686508 0.09339905128112633 0.19424087939029935
2 0.6415472595150219 0.6382793092246958 0.1015711162111037 0.1349295119038567
2 0.3576946060814185 0.4240703217177277 0.08340331306795061 0.14732042759490122
1 0.3579363928896334 0.6202186138722053 0.0950150552100677 0.17862951492891882
4 0.2213481137344136 0.8515180899662962 0.10644270678164425 0.17244769262201592