5 0.7894232688831926 0.09577481654735698 0.09569535956551008 0.1317497999152954
5 0.22991879409796323 0.10110195548755078 0.08278592378986112 0.1232092578219206
1 0.5560685362960471 0.08530650287789102 0.09724457146044045 0.17061300575578203
4 0.46134917853955953 0.1584994136059375 0.08495593340079957 0.1646155078219206
3 0.7935132253510562 0.1812117876081618 0.067781721505869 0.10442146046687392
3 0.7110482061291794 0.26857455069175423 0.07546806874690688 0.11733098414439729
3 0.6194582496613157 0.18823387428457297 0.06408018939369331 0.10810019731269431
3 0.296140258367743 0.18992996608148166 0.06399830223856365 0.10653769731269432
3 0.22714459690235372 0.198621697595043 0.07283771370395291 0.1117257262518895
2 0.8023725689740496 0.2648132428839511 0.09429663387576923 0.13478379465362353
2 0.36641073552782155 0.36497619773621737 0.09931168249628844 0.1413068104386391
6 0.27015321121756203 0.37369802132903607 0.09988489258219672 0.15224431043863912
8 0.6345112030769616 0.5697800058969564 0.10712418249628844 0.14176183674699844
8 0.33167613014618313 0.5967645240304591 0.10498847241038015 0.1307333314853265
9 0.8153440439864216 0.7157996192346626 0.09343681874690687 0.11837754465362345
9 0.7056381733396352 0.713621740182528 0.08755863297125828 0.11024652623777201
9 0.5998385526928489 0.7112163479762137 0.088462713703953 0.11263577886860805
9 0.3092921178217113 0.7117825792780136 0.07908771370395282 0.1120897472985769
9 0.21134594075248975 0.7081409107633401 0.08903592378986111 0.12357327886860806
9 0.1189979884684976 0.7314334685711432 0.08418464947960165 0.12017526308359247
11 0.6082984266189955 0.8470250453594954 0.10009625452255584 0.12655406570031075
11 0.0760148711010716 0.8531033422204317 0.10206819029820453 0.13445757096198285
7 0.7243738059722092 0.8316969059957785 0.12146996551297526 0.16284788147120893