10 0.20415430631205989 0.13665637749004844 0.08833428262324476 0.15803001730020555
9 0.26132086608416094 0.2508899738397269 0.07048093775644108 0.10270584733826169
9 0.3190737217881985 0.5427856551703774 0.07520027125453828 0.10367809832684483
9 0.2219838630812303 0.6593418023949082 0.08223152125453818 0.10396459980971962
9 0.5119695345260491 0.6484639466908707 0.07535943874502422 0.10758434832684483
9 0.7241207301539745 0.9153489936485715 0.08315469269935694 0.1266208498097196
9 0.8248064796596829 0.9217992649031096 0.08648793973360754 0.11271751730020582
9 0.78977749403132 0.4563215035344032 0.06016552026595505 0.09838576186299815
9 0.6893649530422993 0.251115397298893 0.05986177273741298 0.11007267836490087
3 0.17848184977253853 0.32498670703381294 0.07363777125453827 0.10361443133065044
3 0.3170881160469799 0.649131155664669 0.07038543726214944 0.1003620973382617
3 0.6156449742596564 0.5431318009492145 0.0889126027754692 0.09565735129259423
3 0.5048215152858582 0.34376185923844077 0.06882293726214943 0.10029843034206723
3 0.5320936225099515 0.23140378068325945 0.0646938527754692 0.09467051285158128
3 0.59788971885963 0.1722635440291323 0.0626047707602467 0.10082501235728966
3 0.7677711373386991 0.17057766311622377 0.055860022243121324 0.10756976087441492
3 0.777955267757316 0.34315300007436206 0.060070019771663395 0.09604201186299814
7 0.11214328946896487 0.6086958621670092 0.11739970011373076 0.16311410672980173
5 0.08609414813875198 0.8830910257031626 0.10553902866891204 0.14001218775644092
5 0.16600441300468063 0.41994903855474386 0.08117835722409339 0.11640093281352507
2 0.2228035582520452 0.5239945514063251 0.08889535672980182 0.11437551779449713
2 0.2806890651349464 0.8894550667293644 0.09877969269935694 0.12725751977166339
11 0.4100502543742621 0.7875171764249156 0.08482993923931588 0.11031010030401109
11 0.430448914981847 0.42133376091159597 0.07221719269935693 0.12617518083635879
6 0.3530653557040376 0.3039287436113904 0.08112927768032882 0.13433784931542797
6 0.4226762242596564 0.5352689269192072 0.07602794220506529 0.12399059832684482
8 0.49511897965968277 0.9083655287060932 0.09643594269935693 0.12716201927737175
8 0.8120093438038584 0.7749415109487771 0.09278436068413462 0.1332528517868859
0 0.7067236190127294 0.6509217377170724 0.07510211216700924 0.13955193133065044
0 0.606670516768733 0.3408689639910762 0.07194527866891214 0.1386433473382616
4 0.6036065947924416 0.7617544669568257 0.09083720011373071 0.16203176779449713
1 0.5201706481759331 0.5048094471851623 0.09156937056996632 0.18000051779449713