9 0.459375 0.11953125 0.06875 0.1140625
9 0.190625 0.28046875 0.0734375 0.11875
9 0.45625 0.28828125 0.06640625 0.115625
9 0.53125 0.2984375 0.0671875 0.12109375
9 0.52734375 0.39609375 0.0796875 0.109375
9 0.3484375 0.40234375 0.071875 0.09765625
9 0.5140625 0.6078125 0.071875 0.1046875
9 0.4 0.88828125 0.0921875 0.11796875
3 0.259375 0.39375 0.0765625 0.11875
3 0.42109375 0.4203125 0.078125 0.10546875
3 0.43984375 0.51171875 0.0671875 0.10546875
3 0.33046875 0.6171875 0.07421875 0.1046875
3 0.303125 0.73984375 0.08203125 0.109375
3 0.2984375 0.12734375 0.0625 0.1109375
11 0.16484375 0.484375 0.0890625 0.146875
11 0.52890625 0.86875 0.08671875 0.13671875
6 0.09765625 0.72421875 0.0984375 0.140625
6 0.6234375 0.6140625 0.0890625 0.13671875
7 0.62265625 0.2828125 0.08203125 0.18125
8 0.275 0.2 0.0921875 0.1453125
8 0.6203125 0.74375 0.08671875 0.1359375
10 0.5171875 0.7390625 0.0921875 0.165625
2 0.61640625 0.1109375 0.06953125 0.1453125
2 0.78828125 0.12109375 0.0765625 0.13671875
0 0.79375 0.2875 0.0828125 0.1421875
0 0.80625 0.51484375 0.0890625 0.13125
1 0.71484375 0.49609375 0.0828125 0.16015625
4 0.53515625 0.4828125 0.084375 0.16796875
5 0.18671875 0.8578125 0.1 0.1296875
5 0.725 0.86875 0.0953125 0.15
3 0.81796875 0.6421875 0.078125 0.1203125
3 0.61171875 0.2453125 0.06953125 0.1109375