3 0.35803682224170413 0.19198062358746246 0.06699835957707681 0.1268358169378847
3 0.5260873928585552 0.17849025441101413 0.07152221834337488 0.11770647840327397
3 0.7720447751638034 0.1734055274780782 0.06303756249917622 0.12350609905006031
3 0.4362106408299603 0.2745231286758451 0.0711949358759707 0.09895647840327389
3 0.4302122366106147 0.48402095940853973 0.07623699188232518 0.11951463986866315
3 0.13888603287773646 0.6288575831075438 0.07137221387914794 0.10911272840327406
3 0.5996405263849147 0.7046189851891372 0.06291483157389965 0.11647484905006031
3 0.608727379876207 0.854786081525664 0.09195744926865146 0.1258022614199607
5 0.8080860462704171 0.56802863071201 0.08189665665497756 0.13073874491161738
5 0.5223667345820198 0.5705139801007546 0.08672052434972918 0.13879690637700648
1 0.7097321412369973 0.4342478522178791 0.07874042897611204 0.17350277702379308
2 0.16832371144681124 0.2838792757805975 0.08437677434972927 0.13867407564431194
2 0.4439800507313487 0.09771496721045583 0.07670064204448082 0.14607713986866322
4 0.5264498571447402 0.24715836725588436 0.07945349512873605 0.16963747060135786
0 0.6965635340922571 0.16018955450187117 0.0757830243497292 0.13822369629109832
0 0.8186359882354678 0.6790922834709721 0.08280063758025413 0.1378109384891822
11 0.4424276388013654 0.36551994290019635 0.07889438758025413 0.13760622060135788
11 0.27314757914156296 0.27058033638690415 0.06873813758025404 0.13707395409301446
6 0.1962147065755473 0.11694408129852152 0.07674155235290643 0.1484208898686632
6 0.19159442695410758 0.8735249519453079 0.10327677881395614 0.14825047150586884
9 0.2294718969190402 0.4921997088427128 0.07397506249917622 0.12407930913596843
9 0.3266178579588144 0.6057498744919736 0.08478983157389966 0.1176212692218769
9 0.30668541315438985 0.7191915767759658 0.07382505803494936 0.11548555913596861
9 0.5177592808491416 0.7003243108334493 0.07308471834337489 0.11778836555840363
9 0.6905651298729116 0.3696873852345658 0.07068642126547413 0.1145405348257091
8 0.6127458672910099 0.2668323801461831 0.08902336404130366 0.1365759871097012
9 0.33506910633396125 0.38987921302658435 0.07175404342445271 0.13098772840327397
7 0.4077393985438933 0.6982848552700968 0.0898824805182393 0.1857947371097012
10 0.2799311875008238 0.10553186849907978 0.08081144358660852 0.15800060775648758
9 0.35559188636573336 0.2873340671650273 0.07385233157389966 0.11704805913596861
8 0.7238065036567433 0.5669817870890166 0.08245576420345949 0.1627699949116174
9 0.2713589825501296 0.19418161069716366 0.0705773271096728 0.10829053482570909