9 0.823256734580102 0.22315411851212116 0.07248405405833439 0.10594208279171564
9 0.7396448038619428 0.22148825284596435 0.07247496369925485 0.10437958279171564
9 0.6536845779642435 0.21908204748823304 0.06936359923787414 0.10666878571381488
9 0.5755004906302261 0.21028947443575005 0.07248405405833439 0.10594208279171564
9 0.486369812937129 0.2001253161559194 0.0615738251355733 0.11043866801906325
9 0.405901062937129 0.20152990341186192 0.06933178298109546 0.10120003571381497
9 0.3254232225780494 0.20137199066780448 0.06707893657189175 0.11678412540538945
9 0.24498174365528821 0.20746407792374696 0.06944995764913049 0.12151253571381497
11 0.8141630148307228 0.13736662297634802 0.06950449980360815 0.13088753571381498
11 0.24132950282867033 0.11689362500164764 0.07420109016268786 0.13253185633066597
8 0.7421971112399268 0.12299620576806367 0.08048290641946654 0.13810970048646737
8 0.33110052995603345 0.10282539651200309 0.07026756908544911 0.12777617248329012
6 0.6554601805217675 0.12138488717980755 0.07037665339440444 0.1465261724832901
6 0.42100336729005094 0.11141341802235853 0.06722438231716552 0.14178412540538946
7 0.5779437136992548 0.09304742735784939 0.07447380093507636 0.17940685633066597
10 0.49901928298109555 0.09129974107484154 0.07912493949875792 0.173238676947517
3 0.7471532977136226 0.3033967719206878 0.0726249546240684 0.13016083279171564
3 0.7793633723582165 0.7364723246806314 0.08033291549465282 0.11232845048646727
3 0.6661366645126943 0.747824656254531 0.07879768657189175 0.11698867694751698
3 0.578618483794535 0.7462269744357501 0.0725113251355733 0.11062958279171546
3 0.47466223681959707 0.7394469147759477 0.07483234923787414 0.10676424310014117
3 0.377764510921898 0.7372316241908687 0.07414200282867042 0.12237560633066594
3 0.27619746574235826 0.7382231542226408 0.07252041549465282 0.11219208279171564
3 0.17064235733110186 0.7252203681017888 0.07881586729005097 0.12011367694751698
5 0.8895610498549219 0.8759694269541075 0.09603063836728971 0.1251011858759707
5 0.14802298964826746 0.8662544711860438 0.0898260901626879 0.13280459172016917
2 0.7981593450344617 0.8783461789827026 0.10625961123992678 0.13777846387914822
2 0.24965821252090442 0.8769816911542717 0.10545563534222771 0.1338585771096728
0 0.6864815016503201 0.8873274870176517 0.08507495764913067 0.1217852711033185
0 0.35202468841860346 0.8791015243530247 0.09289200282867034 0.12270288879807012
1 0.5793593480595238 0.8735707244357501 0.10166301483072289 0.1533216432622968
4 0.4699298059050461 0.8661048721622737 0.08849993949875792 0.17340231818121907