9 0.817791484516771 0.255716875212045 0.06513665036059066 0.11546379809323426
9 0.7350517196991321 0.2559499989885097 0.0722224517473613 0.11805308475372307
9 0.6474244331300001 0.24742568165798176 0.061030378609097366 0.10673363883740708
9 0.5707710141520488 0.24084581024376978 0.0758923124046877 0.10803324400955017
9 0.47921929378732653 0.23140383365741474 0.0713866503605903 0.11568205290255769
9 0.3995863451740974 0.23096483483854108 0.06947865824437507 0.10078373920022683
9 0.32064372758291687 0.22664686787083288 0.06682643692972227 0.12098711179556512
9 0.23788577896968768 0.22609874164729754 0.07463893692972227 0.1212599303072194
11 0.8064344507974306 0.1702332429980599 0.07467530452090294 0.1228224303072194
11 0.2295264586812154 0.13525548683797411 0.07155030452090286 0.12271330290255769
6 0.6380111059076737 0.1448363949974929 0.07645601006798622 0.13225199400955026
6 0.40358155452090283 0.1343080896478645 0.06931565729444458 0.12731895734906135
8 0.32369403276940983 0.12293159082899088 0.07271341422829866 0.13914683475372308
8 0.6672661140757988 0.3285219142347866 0.09297136284152785 0.13751241288402422
10 0.5579781137914585 0.12720989617861925 0.07118793502986129 0.17422123920022678
7 0.4788900258355556 0.11664192921091103 0.0683902433504862 0.18817461179556508
3 0.8963990613578477 0.7822545825611064 0.07676448138263865 0.11196677586071573
3 0.7944365178548617 0.7615204419096008 0.0820877610179167 0.10590774881887377
3 0.6870786127446188 0.7772867964487717 0.08219686379145834 0.11059524881887359
3 0.6012502155181604 0.7789732928205747 0.06891561379145834 0.11013145734906135
3 0.4899672234019451 0.7602555199550839 0.07216790036059031 0.11570933475372307
3 0.40126839931375063 0.7727703889222252 0.07229518692972228 0.12117808475372308
3 0.29460017201517424 0.7510913071637269 0.0713866503605903 0.11568205290255769
3 0.1930558558107645 0.7483259165122214 0.07921733415618064 0.11673612141421189
5 0.920511321425834 0.912678692542573 0.09506053970326392 0.12665675843752028
5 0.16736813763024377 0.8855977380191004 0.09535148043270843 0.13915675843752026
2 0.8289596010611119 0.9032367159562178 0.10614351006798621 0.13328870435383636
2 0.27701589456409803 0.9011359471822604 0.09825827488562507 0.1298908858421825
0 0.7169687473376396 0.9211831293883963 0.09197190729444457 0.12811013103285873
0 0.38157610799496605 0.8993229652384276 0.08940995174736113 0.11865328547936257
4 0.618222122812605 0.9044643661415523 0.09337140634451409 0.15469991288402413
1 0.49812717514930627 0.8760714929132419 0.08566800911805572 0.1591145943723699