9 0.7935301819700923 0.2573911623204343 0.06213746801399935 0.1059632096771285
9 0.8130779712762752 0.4584100068199163 0.0676971246817267 0.1140304208019991
9 0.6384223219287305 0.5550195254311662 0.07312951201463562 0.11116013192686935
9 0.6487592905792767 0.6743153349844601 0.07314769334818116 0.11272263192686935
9 0.2296076592139146 0.8908584021907491 0.07941587468172653 0.11457623035529281
9 0.16006841323205012 0.7539534075674326 0.07709939668204475 0.1168108184446341
9 0.18886831194304804 0.42855530128112634 0.07084939668204475 0.11651972001621065
9 0.2974909759707286 0.22959772456432465 0.07002269334818116 0.11257708271265772
3 0.7067750693030014 0.25647717162605926 0.06763349001431748 0.10856167080199892
3 0.5406308066120479 0.4277420878799442 0.06837837734722677 0.10547305810555194
3 0.38287503998250083 0.14680880334804092 0.04954656134627218 0.09756851282028159
3 0.28871486529282003 0.31204635152879534 0.06134712734722658 0.10514557237357547
3 0.20894554929186554 0.3153660965663966 0.062110196013681215 0.10361945967712849
3 0.27069901993159406 0.5167873554577367 0.05428860534690845 0.10247433664159918
3 0.5411467852482766 0.6521063870941559 0.06756985534690844 0.10309292080199892
5 0.8460070079169585 0.6514536854797981 0.09752098468331738 0.12713188833701033
6 0.8819059558800509 0.9251480506574445 0.09673973468331738 0.1270955010334575
7 0.749141098583731 0.646160409839235 0.09945620202099903 0.15923591294411601
11 0.5630752345640048 0.7828855062007438 0.07815336668522654 0.14028470574818713
11 0.5484091333147736 0.1623354117012618 0.06020279801877173 0.14101029776646964
10 0.7206552086250928 0.3399810303935649 0.09170733668840807 0.16434078990858678
8 0.3658398919478206 0.40162258188408817 0.07343859468490824 0.13772263192686934
8 0.4538627718810055 0.8981765583104396 0.09288802868395366 0.13160106451569256
1 0.2678092825827766 0.6307770808506309 0.07595506735358999 0.15267554383752824
2 0.45654561326386683 0.5332600337033337 0.09140734468490823 0.13855953990858688
0 0.47143645862509287 0.3283734805601807 0.06012098201781733 0.1339790477664696
6 0.6591962565643229 0.7850173945377541 0.08346757535009015 0.12725816687305755
4 0.7391683039465479 0.4283907129823882 0.08174199069063519 0.18027400496239868