11 0.8093860453411587 0.14837996225099956 0.08068451322898298 0.139563106330666
11 0.2253828595655099 0.1303807954530476 0.08850033525525039 0.12486936079489283
6 0.5782455879687839 0.20600768140844855 0.07357137607385322 0.13787787540538946
6 0.228017615897088 0.29980295129724627 0.07714675542706698 0.1465261724832901
7 0.4794019742194024 0.18164683522405234 0.0888179177969672 0.17560970048646735
9 0.24185106456303548 0.2212103469951751 0.07415455223856356 0.10432503571381498
9 0.8276048580951718 0.3172936034847016 0.07427738297125827 0.10666878571381488
10 0.40867995420455616 0.7236649655007057 0.09223616689245624 0.1514727711033183
3 0.9157864473071513 0.7637379553511406 0.08406181874690688 0.11464492694751698
3 0.7913109905006033 0.6226299399298652 0.07752521370395282 0.10906708279171565
3 0.7082229307988077 0.7499679614402207 0.07505863297125828 0.10668242248329012
3 0.21060762437637265 0.7420625892845374 0.07986896370395291 0.10910799310014116
1 0.8317124197175312 0.887156090092021 0.1143535063315781 0.17137221387914786