3 0.73125 0.14609375 0.06875 0.11875
3 0.8234375 0.2421875 0.07421875 0.1046875
3 0.4 0.2140625 0.0734375 0.115625
3 0.234375 0.2140625 0.07421875 0.1203125
3 0.83203125 0.528125 0.08203125 0.11875
3 0.6734375 0.540625 0.0921875 0.115625
3 0.47578125 0.6390625 0.071875 0.10546875
3 0.8703125 0.78203125 0.08671875 0.12109375
9 0.74609375 0.415625 0.078125 0.115625
9 0.75390625 0.5171875 0.084375 0.1296875
9 0.7765625 0.9 0.08203125 0.12109375
9 0.57421875 0.9109375 0.1 0.115625
9 0.37265625 0.6234375 0.0671875 0.11328125
9 0.2203125 0.396875 0.07421875 0.1203125
9 0.16640625 0.58984375 0.078125 0.11796875
9 0.4875 0.20625 0.06640625 0.109375
7 0.5875 0.290625 0.09375 0.18125
6 0.82578125 0.3140625 0.0796875 0.1234375
6 0.48828125 0.290625 0.078125 0.1390625
11 0.31875 0.20078125 0.07421875 0.13203125
11 0.6703125 0.896875 0.0765625 0.1296875
10 0.66640625 0.6234375 0.09765625 0.1609375
8 0.56875 0.42109375 0.084375 0.12109375
8 0.28984375 0.50703125 0.0890625 0.14453125
2 0.30625 0.29375 0.084375 0.1359375
2 0.334375 0.88984375 0.09765625 0.13125
5 0.4515625 0.75703125 0.0953125 0.125
5 0.65234375 0.1328125 0.06953125 0.1265625
0 0.4046875 0.11328125 0.078125 0.13125
0 0.56875 0.2171875 0.06953125 0.13203125
4 0.25859375 0.69765625 0.0984375 0.1546875
1 0.76484375 0.61875 0.0921875 0.17578125