9 0.27265625 0.22421875 0.07421875 0.11171875
9 0.3578125 0.12109375 0.0671875 0.1078125
9 0.3546875 0.40703125 0.0796875 0.12109375
9 0.428125 0.60625 0.0828125 0.11640625
9 0.52421875 0.6171875 0.08203125 0.1234375
9 0.715625 0.62109375 0.07578125 0.11171875
9 0.76015625 0.1234375 0.06875 0.11328125
9 0.60078125 0.1296875 0.0671875 0.1109375
3 0.3546875 0.29375 0.06953125 0.10234375
3 0.44140625 0.3078125 0.07109375 0.1203125
3 0.4515625 0.1296875 0.0671875 0.1109375
3 0.68359375 0.209375 0.0640625 0.10546875
3 0.7734375 0.29375 0.06640625 0.12109375
3 0.6953125 0.39375 0.0640625 0.1046875
3 0.62890625 0.4078125 0.06953125 0.109375
3 0.33359375 0.61953125 0.08046875 0.109375
11 0.19921875 0.125 0.08203125 0.115625
10 0.18203125 0.2875 0.0953125 0.1671875
8 0.59375 0.284375 0.071875 0.13125
6 0.690625 0.278125 0.0734375 0.13828125
6 0.5109375 0.390625 0.07421875 0.1421875
8 0.6109375 0.47890625 0.0921875 0.13125
11 0.22265625 0.74375 0.09375 0.140625
7 0.6296875 0.728125 0.08203125 0.171875
5 0.5375 0.1265625 0.06953125 0.12734375
5 0.51328125 0.2046875 0.0796875 0.1265625
4 0.81484375 0.37734375 0.08671875 0.16328125
0 0.8078125 0.5296875 0.09140625 0.1515625
0 0.13828125 0.51875 0.103125 0.14296875
2 0.0953125 0.73828125 0.11796875 0.16015625
1 0.30234375 0.8859375 0.1234375 0.1703125
2 0.51875 0.896875 0.1046875 0.13125