9 0.2109375 0.1421875 0.07109375 0.10546875
9 0.1953125 0.2171875 0.06875 0.10703125
9 0.1734375 0.40859375 0.071875 0.10546875
9 0.12265625 0.6203125 0.0765625 0.10546875
9 0.31875 0.73828125 0.07109375 0.10703125
9 0.61328125 0.3234375 0.05859375 0.103125
9 0.7046875 0.39609375 0.0640625 0.109375
9 0.76953125 0.11796875 0.05859375 0.1109375
3 0.45546875 0.1265625 0.05546875 0.1046875
3 0.271875 0.303125 0.0625 0.10546875
3 0.43671875 0.303125 0.05625 0.10546875
3 0.69375 0.21328125 0.06640625 0.1140625
3 0.7125 0.51328125 0.05859375 0.1078125
3 0.41875 0.6234375 0.06875 0.11328125
3 0.628125 0.75078125 0.06875 0.1265625
3 0.525 0.384375 0.05859375 0.10078125
8 0.353125 0.121875 0.08203125 0.13359375
8 0.78046875 0.2953125 0.07578125 0.13359375
2 0.25234375 0.50546875 0.08671875 0.13125
2 0.6265625 0.615625 0.08984375 0.125
11 0.33984375 0.50078125 0.07421875 0.13125
11 0.53671875 0.1921875 0.06875 0.1296875
6 0.5328125 0.86875 0.07109375 0.13203125
6 0.61015625 0.3796875 0.07109375 0.134375
0 0.35 0.2125 0.06484375 0.13203125
0 0.26953125 0.20859375 0.0671875 0.13359375
5 0.259375 0.39453125 0.0765625 0.12109375
5 0.52734375 0.29296875 0.06875 0.11875
10 0.43515625 0.48125 0.08671875 0.16015625
7 0.8484375 0.8671875 0.1109375 0.1578125
4 0.52734375 0.4921875 0.0734375 0.1578125
1 0.1 0.86875 0.12734375 0.16015625