3 0.6247902923897861 0.16211481343138173 0.07157324710451576 0.11441770409301447
3 0.4776605812649157 0.1489486708491851 0.07193712014004525 0.12223020409301447
3 0.8573845843652876 0.4540887087271119 0.08790672249741008 0.1137150192218769
3 0.5796704991714305 0.3312056501569702 0.07142769789030404 0.11129270409301446
3 0.5774958771693586 0.4183781015364511 0.07882282092583352 0.11947369629109836
3 0.22872239102309738 0.5434987737444326 0.07853172249740999 0.11322369629109837
3 0.7396450442473037 0.9046132519205639 0.08807154238978612 0.13398657564431177
3 0.8891504687733564 0.5671995403643176 0.09310364474715094 0.12489818068726617
0 0.6220037799792802 0.9054620217082677 0.09779114474715093 0.12514384215265545
5 0.30912890508623325 0.14479235809517185 0.073336954300445 0.13555239767057933
5 0.5203235018575176 0.7637481552453529 0.0926134931755744 0.1311072371097012
2 0.30786850537217425 0.8874402035271876 0.095993204300445 0.13673976141996072
2 0.6158093221641785 0.6386020703287867 0.09041529238978611 0.13410940637700647
4 0.6478511108344203 0.23891965287050362 0.08696496071058561 0.1604262449116174
0 0.5552761590151747 0.14210552860567266 0.07061221463952716 0.14398237336031983
11 0.7883433701400453 0.15977546472000567 0.07464474317557439 0.13016553482570908
11 0.314263822992748 0.3219723337849124 0.09404971463952716 0.14521068068726617
6 0.7366952870131026 0.23889972071289947 0.08605527812176242 0.1408949949116174
6 0.3976756364749834 0.3224470465843541 0.08569140508623327 0.1330824949116174
8 0.744805347599854 0.34609474502315896 0.09297736621110371 0.1389197371097012
8 0.18942887447876214 0.9046133361597615 0.10520553846084475 0.15047139077317445
9 0.9182151923042238 0.7729106298034395 0.08914389081820957 0.1402775192218769
9 0.8200516741072587 0.7903670454527003 0.0836558701400449 0.12284435775648764
9 0.7737245219165095 0.5486808344622809 0.08172949710451594 0.11494997060135788
9 0.6675644131490038 0.5283097014910226 0.07718754631872748 0.1178293091359686
9 0.5094501602535197 0.6306899937799636 0.0713185359796455 0.10894895409301437
9 0.3965990957378271 0.5335925864984458 0.07257282092583343 0.11914614767057934
9 0.2316248748930469 0.7564115315463488 0.07282753205070396 0.12461489767057934
9 0.4820870237785364 0.3276502029613607 0.06875646215832773 0.10413862336031983
10 0.39106810980096296 0.13038237731704871 0.07753645678164434 0.17551897840327396
7 0.4889107202210984 0.49089050938379586 0.09288962903138528 0.18723440637700647
1 0.48000863937046756 0.21609522727162017 0.07511993217453838 0.17383364767057935