5 0.7195246383272823 0.10060758230288216 0.07377969269935694 0.1266395827126577
5 0.548847452016535 0.5959115818885975 0.08165585969555131 0.12856595574818713
3 0.7883290350575216 0.19175481307245978 0.05788543726214943 0.1001669739451521
3 0.8486007598114697 0.7028142835029552 0.07330219022789919 0.11492083271265763
3 0.7303932237653649 0.4845266639820826 0.07427444121648215 0.11964472001621065
3 0.6395466837649273 0.28367910153330456 0.06558519072219049 0.1169007096771284
3 0.5249338136520716 0.8574676660489973 0.07861177273741297 0.11126929383752823
3 0.10573814467871087 0.887908760753367 0.07639535672980177 0.11428513192686936
3 0.28305660323257964 0.28702684925699296 0.07292018825073265 0.10554583271265772
3 0.3097358028520188 0.1298307793646168 0.06545785672980182 0.11377570967712844
2 0.45764808494379083 0.3654492940469252 0.0877612796574951 0.14444566687305754
2 0.21326270946808984 0.1818898930945212 0.07735036167271767 0.13772263192686945
0 0.38769897676829534 0.09188982361642979 0.07263102817462048 0.13672305810555185
0 0.5488500409890207 0.17483710256676183 0.06944236117842592 0.13501500889134013
11 0.554345307300643 0.09738419065610306 0.06906035920125966 0.12564000889134014
11 0.6451016639932637 0.3769924538906694 0.0712131082126767 0.12106167080199892
6 0.5558627504571105 0.3663332437992562 0.07432086216700924 0.13992083271265782
6 0.7193707880232711 0.18093078308867044 0.07900836216700924 0.1401391565339753
7 0.5453311101526619 0.24206098987031477 0.08115845258518864 0.17376929383752823
9 0.7970554362363853 0.26464650351916585 0.06794618676785795 0.09829625889134022
9 0.5616591753247893 0.7216371739068801 0.07379693874502422 0.10792597001621065
9 0.43902814715016875 0.8606890194398193 0.07857993923931587 0.11048804383752824
9 0.44967778156029947 0.6184651321362665 0.0756950197716634 0.09709763192686935
9 0.34943108935523415 0.7439981331697237 0.08030160672980183 0.1144670684446341
9 0.24602619954507707 0.6217122183635808 0.08655160672980174 0.11475816687305737
9 0.18698541646472178 0.3866330510762386 0.07341493676785786 0.09855097001621065
8 0.2647509777196976 0.487499884203181 0.09010502965749527 0.14455482878371625
8 0.16243906121779472 0.4914853709686147 0.08769761266130086 0.14288316687305738
9 0.46839853703468803 0.19729860752916056 0.06920493923931588 0.1100513961948931
10 0.7603513433095669 0.7061447988044363 0.09805945110231384 0.16753856451569255
4 0.37781068771926 0.2771552355270886 0.08221161661563352 0.1613420684446341
1 0.45598081418354425 0.46377763213626644 0.09337195110231385 0.16732024069437515