9 0.8140625 0.3046875 0.07421875 0.1046875
9 0.73828125 0.23359375 0.071875 0.12109375
9 0.65234375 0.2171875 0.06953125 0.1078125
3 0.6265625 0.12421875 0.05625 0.1
9 0.478125 0.29453125 0.0578125 0.1078125
9 0.3140625 0.19921875 0.0609375 0.11875
9 0.73125 0.4078125 0.0640625 0.103125
9 0.47578125 0.52109375 0.0671875 0.1046875
9 0.678125 0.8734375 0.0734375 0.1078125
8 0.6546875 0.29921875 0.06953125 0.11796875
11 0.5609375 0.30390625 0.06953125 0.13203125
6 0.67578125 0.49375 0.0765625 0.1265625
6 0.3078125 0.2953125 0.071875 0.1390625
7 0.23203125 0.16875 0.0890625 0.1890625
8 0.37578125 0.5015625 0.078125 0.1234375
11 0.275 0.6140625 0.0828125 0.13671875
10 0.57265625 0.715625 0.0875 0.15234375
3 0.48125 0.12109375 0.05859375 0.11328125
3 0.31796875 0.115625 0.06875 0.10546875
2 0.5609375 0.19765625 0.0828125 0.1359375
5 0.6765625 0.596875 0.07421875 0.1265625
3 0.7796875 0.7515625 0.0828125 0.1140625
3 0.8828125 0.746875 0.0828125 0.1046875
3 0.4625 0.87421875 0.07421875 0.1140625
3 0.25625 0.8484375 0.0796875 0.1203125
3 0.578125 0.621875 0.06953125 0.1046875
0 0.36640625 0.7265625 0.0796875 0.13125
0 0.20078125 0.4828125 0.0796875 0.14453125
2 0.4828125 0.41171875 0.08671875 0.13125
5 0.38203125 0.396875 0.08203125 0.1359375
1 0.17578125 0.58203125 0.10078125 0.1921875
4 0.3734375 0.5859375 0.09375 0.1671875