11 0.7963933488427083 0.1398588054330765 0.08216614474715093 0.1207579275949013
11 0.22486510525284897 0.11897167203575638 0.06832196856846862 0.12536361436318472
6 0.6329858203066608 0.12675079313643636 0.07330056699689216 0.13164088544042354
6 0.2067400357747576 0.29012450936977385 0.08055014081820958 0.13636929205628193
7 0.47667800827216755 0.1792086935057787 0.09875863937046744 0.19192894564707802
9 0.8009973039717228 0.30931733256043953 0.07402615901517465 0.11368122579950324
9 0.7229686573625449 0.2238570764121195 0.0783133986760923 0.10511474687674198
9 0.6435294063290875 0.3196059136479411 0.07220894789030403 0.10820338544042354
9 0.4645889230783105 0.287843350121637 0.07171879631872749 0.11444884026088378
9 0.3839254280407093 0.20864672951193636 0.07193712014004508 0.11913634026088378
9 0.22273321691583875 0.215051786497137 0.07678728597964542 0.10588690651766246
2 0.4693234648489241 0.40419051278761947 0.0730822431755744 0.12695338544042353
2 0.6384950341221277 0.6289263714934634 0.0926134931755744 0.1270670149289188
0 0.8201881439230906 0.5177429109174666 0.093649454300445 0.13254031010845857
3 0.8383601393749768 0.7480434892744936 0.09026974317557439 0.12705337939029954
3 0.7450831743211648 0.7384326608192707 0.07904114474715093 0.12073974687674198
3 0.6211362520714239 0.7500882991865605 0.08158394789030421 0.1082579275949012
3 0.13518163544603531 0.7365136960398615 0.07909464867609244 0.10511929205628193
10 0.23728994499932926 0.7242040726996863 0.1082963052100677 0.17870678298109546
1 0.7423498184491433 0.8641957301011114 0.11530828453190338 0.1615647347764934
5 0.6324461255212379 0.8929525100571449 0.0901969685684687 0.12549087939029918
5 0.3168960541811196 0.8596416029503073 0.095211954300445 0.1325494004675381