9 0.2880492324490228 0.15147509982704938 0.07519387978345567 0.11448065651766241
9 0.2810132854311589 0.3124807775201465 0.07727921700961655 0.132458496876742
9 0.3705615187381115 0.3018018318730685 0.07337296700961655 0.132435770979043
9 0.36624975494805795 0.42215978366846657 0.07657452335696498 0.10823974687674216
9 0.1805252036152744 0.4037057412194013 0.0861086477301444 0.11376303903121965
9 0.16957699491892808 0.5108188044511179 0.08656328879637121 0.12938803903121965
9 0.6196007608205527 0.21361953406125003 0.06774509263643722 0.12693520472226433
9 0.8650499339527261 0.7271224560970064 0.08587296700961673 0.1325084938516799
8 0.15755568269908488 0.7421778887600732 0.11215432218246604 0.14984598477649377
8 0.5321796656768331 0.10942291345154939 0.08031328879637112 0.12935167759490124
6 0.44573135180763723 0.1997848139190876 0.08079066191590929 0.1457579275949013
6 0.45042852665567035 0.3880706090986274 0.07806046700961673 0.13246304205628184
10 0.5392757294795218 0.4875706393492484 0.09668844655564542 0.1552238311856975
0 0.27054846153283324 0.4899154311109427 0.09398098370266403 0.14271019564707785
0 0.7280306894295094 0.36848377518245545 0.08346102084968247 0.1301511083130606
2 0.6925632362099464 0.11630365164588859 0.07344116316955063 0.134779520979043
2 0.6065672148980455 0.3027729376520462 0.07819685932948453 0.13715054205628183
3 0.5310838301000248 0.23288768452878825 0.06117684389007838 0.11596134328594587
3 0.20277462516460218 0.3090290454741274 0.0778558785298145 0.12543179205628183
3 0.45098611929210747 0.5146512898167867 0.07227346826325771 0.12149372579950324
3 0.3505806055020539 0.6355682986955813 0.08024509263643713 0.1270079275949012
3 0.5561523070722643 0.7453285971947707 0.08676787727617316 0.13641928903121964
3 0.23639373653915086 0.7393750756265526 0.07270537727617325 0.13633747579950323
3 0.15600389139543122 0.6351375484009937 0.0861086477301444 0.11376303903121965
3 0.772682645222862 0.13068379333282806 0.06992971826325771 0.12148009026088377
5 0.6911802441275052 0.2030451275435876 0.08047241316955045 0.1348204275949013
5 0.7812241664017489 0.8807610613850049 0.09118259263643722 0.12707156010845858
11 0.6640330032321982 0.7470451124182771 0.08598662727617316 0.1364147438516799
7 0.44624244648913847 0.6201654916121848 0.08756349914207018 0.16376303903121964
4 0.801615290445724 0.26569459758755415 0.07868860431491953 0.180895996876742
1 0.6347329819868044 0.4651365822658519 0.08926239146193815 0.16845962939029935
11 0.35284911381532413 0.87465806977282 0.09109166442319179 0.12394656010845857