3 0.38106561068413447 0.13843390567892394 0.06858285672980183 0.11242857123840282
3 0.5270320266917456 0.138709275454306 0.06886935821267652 0.11945982123840282
3 0.17471608748961093 0.4185168767092362 0.08486177273741298 0.10968543094579868
3 0.44350589676742036 0.3108187051658337 0.06842368923931588 0.10852232123840277
3 0.4557604990485979 0.40086247691732674 0.07649085722409339 0.11495415919430556
3 0.8199251112156072 0.5459275890932644 0.07626802273741298 0.10948540919430556
3 0.3416806833821789 0.8766592978713892 0.08494002718603735 0.13076099715020853
3 0.15579894421941273 0.5289088628415278 0.09155744171077376 0.1207684013105208
0 0.4606216843707621 0.8841107348011115 0.09468244171077381 0.12084113649288213
5 0.6965314431936485 0.14187390909739644 0.07019177768032883 0.1327592550339931
5 0.5504906561961416 0.7527354078631254 0.08946835969555131 0.12696384992374998
2 0.7737756003783732 0.8882774368328132 0.0928798611784261 0.13406783510611148
2 0.43801587802152114 0.6166504778672574 0.08722011018984296 0.12925304853697916
4 0.3639046269957569 0.21530487699357667 0.08286553262324467 0.15646951196784728
0 0.44846135771838497 0.12595339589527815 0.06660386266130089 0.14048083605604172
11 0.21596719269935694 0.12834712480937518 0.0715632766917457 0.12810812262517368
11 0.7090990632693231 0.31621994566652833 0.09079077916320362 0.14026328371934033
6 0.2779034599995625 0.21174215947864608 0.08213336216700924 0.13850076196784727
6 0.6255371467674203 0.3150555295383686 0.08171952669174569 0.1283445119678473
8 0.2782947322426839 0.31711999050069467 0.0897548611784261 0.13399509992375008
8 0.8941981883250948 0.9129345575581258 0.10110619665368965 0.1444059230620141
9 0.1502996552075584 0.738737804520903 0.08750661167271767 0.13628429853697915
9 0.24946932566379393 0.758997712765278 0.08136935821267652 0.1197507619678472
9 0.26938394174795477 0.5198449469977084 0.07873910672980182 0.11266496058107656
9 0.3749972717860109 0.5066929431979864 0.07414710722409339 0.11489960780753475
9 0.5442022110253267 0.6175609740675352 0.06836002224312132 0.10695982123840295
9 0.6474134412536632 0.5263021540634033 0.06955510771838505 0.1171342550339931
9 0.8372094061961416 0.7594088608447576 0.07134044220506511 0.12263937262517359
9 0.5411621467674204 0.3130916796146185 0.06660652125453818 0.1022359536472223
10 0.6121736892393159 0.12117824296923663 0.07412720258518882 0.17187630642076396
7 0.5470659313678314 0.4771359958190282 0.08782228806045218 0.18234168094579867
1 0.5296105400376186 0.201990525454306 0.07090670209089715 0.16945982123840278