3 0.8048313705341255 0.21339285951996462 0.05788641233702023 0.09505923328250007
3 0.7287012930174156 0.2847243052834022 0.06413641233702042 0.09520470364722229
3 0.6258432999172745 0.21286944871013835 0.05570630357072233 0.10437968189572917
3 0.37006090421934557 0.20084679986815943 0.05239038879807012 0.09336944671336811
3 0.3044768145277711 0.20471798869774283 0.05323982264544593 0.09729388050895835
3 0.2312575028393738 0.21892726548322897 0.05239038879807003 0.09336944671336811
3 0.47888429951023737 0.3905794874634719 0.053498921265474134 0.11213763050895835
5 0.7953006375802542 0.1151371974758674 0.07089097280760157 0.1242564240119445
5 0.22253529342445272 0.12221591964354148 0.056006312499176134 0.12156718189572921
2 0.7124881375802541 0.1170646798084369 0.07183586404130367 0.1336496078075348
2 0.29750801988550235 0.11890777526687475 0.06635347727182861 0.1327410712384028
0 0.6341858595770768 0.10872680936746475 0.06932847280760157 0.12422005642076392
0 0.46763533360249454 0.19388632541937462 0.06479097727182861 0.13270470364722228
1 0.5478938035707224 0.09041452688239539 0.07394383482031053 0.16493597539871535
4 0.4683699448044244 0.10164427403260376 0.06064894805083547 0.1638456008736806
9 0.8756322090045888 0.7322688396683326 0.0752784638791482 0.10717802678548623
9 0.7692867516182625 0.7292730858686104 0.0704136858759707 0.09691267401194459
9 0.6652714074624612 0.7254415306821175 0.07605971387914785 0.10719621058107656
9 0.3691776574624612 0.732333189210833 0.06264209618439623 0.09907458605604162
9 0.2736469691508584 0.722051612272847 0.0711949358759707 0.09693085780753474
9 0.17798959577406387 0.7492882191304513 0.08607959618439627 0.09962009992375016
11 0.8920265965848427 0.8655352813477076 0.09432847280760157 0.12480193787965277
11 0.1466595495069421 0.8797576223408331 0.09986540665497752 0.12883547444878474
8 0.6784417889569305 0.5844528547703118 0.08965460957707698 0.12547408510611113
8 0.37270998619698703 0.621268402641701 0.07640063311602718 0.12672746058107656
9 0.4746525413925625 0.506349957828194 0.06035289326229698 0.10214503466927098
6 0.5699589074624611 0.7276599537441315 0.07093188311602709 0.1266001740119446
6 0.36932943627641723 0.8753564905976038 0.08260972280760175 0.12452918094579886
10 0.4699334082732401 0.8628545309664579 0.08771996266133186 0.1488570337193405
7 0.5755112524290414 0.8666497185617704 0.09392905235290634 0.14665875408406243