11 0.7975648255283567 0.12676784151580994 0.07263859016268785 0.13334134890464333
11 0.22581254537593157 0.12231395453971125 0.07188915641946654 0.13878736685133203
9 0.816941018543156 0.28711430812971506 0.07013121369925486 0.1051481527447093
9 0.22610746116517197 0.2058849724863999 0.07484143959695384 0.10919079506457736
9 0.40002570843469754 0.38673049254465963 0.0749368883672897 0.12559704506457736
6 0.5613318888582691 0.1844141716158348 0.06335449375348397 0.14869356426490726
6 0.2131483980316513 0.2851549353393813 0.07029484016268786 0.1332731527447093
7 0.39971313280814497 0.1719322066512823 0.06981811719185504 0.185594170691398
10 0.5564029734618121 0.36030908188239147 0.08066016842151917 0.1695061694377567
2 0.5633018923743105 0.5171130113492781 0.07491870764913067 0.12247204506457728
3 0.8745519680008631 0.7228639400247419 0.07498234016268768 0.13340954506457728
3 0.7785763926688981 0.7053474825820368 0.06941359621281222 0.11606292069139812
3 0.6643775372827039 0.7321038623654925 0.07169371369925485 0.10519361685133202
3 0.1683065131804029 0.7426324662181937 0.07413745764913057 0.12244931301126591
1 0.7746332603517325 0.846063410795282 0.0946590359079618 0.15897784639736087
5 0.3471713356836975 0.8788103439565853 0.08046472570130732 0.13591241943775678