3 0.7172576223408332 0.10609613322547547 0.07118662860909737 0.10708830290255764
3 0.7363310113991665 0.2927776776905126 0.0627929003605903 0.11538195253973793
3 0.6552790735195135 0.3877206446582208 0.07680084897381967 0.11352927586071564
3 0.49190690454156216 0.3973288015517953 0.0664627610179167 0.10536211179556512
3 0.4667289858479512 0.20461551189608151 0.0633923124046877 0.10759673439090331
3 0.22208863307440954 0.21784223131086047 0.07680084897381949 0.11352927586071564
3 0.8246628935236455 0.4887498874018267 0.06500936379145834 0.10999504809323427
3 0.8610861303215271 0.7349329174388937 0.08544915036059031 0.1161731262235353
5 0.6345724089099651 0.10351925944901082 0.06946112765916687 0.13356895734906135
5 0.3568194704616314 0.6003223706964217 0.07276796561506957 0.14149058475372306
1 0.5485536819926384 0.5460093490120574 0.07727428086954866 0.16740824400955034
4 0.34660344339180477 0.8715525299522489 0.09086400218420146 0.14758681733052798
2 0.13631990682267286 0.884360097915749 0.1030548776591668 0.1347420769491748
2 0.3836060549021525 0.28792157441728605 0.07718270868121539 0.12993552586071563
0 0.3919309672305902 0.0979414151614589 0.05943216422829867 0.13868304328391082
0 0.6457079710303123 0.19524296797919855 0.06706282627239588 0.13114336179556513
6 0.7254682062126735 0.1893352191603249 0.07505716422829885 0.1392286803072194
6 0.5592801617597567 0.18577125345856105 0.06748105357097245 0.14911211179556508
7 0.5652015470183678 0.2667484349469068 0.0728049864166321 0.17661955290255768
10 0.6646319704616314 0.5895733213372432 0.08316060495774309 0.1520014988188736
11 0.6659372844818396 0.7347221302302506 0.08712075313413195 0.12091518992586625
11 0.3037023089862151 0.19937991878965597 0.06958841422829876 0.13903770734906135
8 0.37722484907072873 0.4950073881196169 0.07685605357097228 0.14943949400955017
8 0.2773339518442704 0.49381196506879166 0.0839054873665626 0.15046628067003914
9 0.20769555870187467 0.40022814537601104 0.06758950313413203 0.12023314364673059
9 0.25668957105097157 0.7435490702409349 0.08452242999586819 0.10989584437236992
9 0.772911370253541 0.8675941392159252 0.0781815110179167 0.10577133956304649
9 0.5634272674799993 0.8795931753282599 0.07414797444878474 0.10016618030721958
9 0.7435038125015968 0.4876809499230312 0.07823606240468753 0.1081150895630465
9 0.7356023531547914 0.39116061398818175 0.07462075313413194 0.12047868030721931
9 0.4583274190748606 0.5991194800449161 0.07165940729444457 0.12740080290255767
9 0.4627844086256248 0.3070138255984124 0.07216790036059031 0.11570933475372307