3 0.48866431254904763 0.4140790258921392 0.07285012978345566 0.11770647840327406
3 0.31252404671392997 0.23167488240543138 0.059296095143719627 0.10763543758467105
3 0.5728825366848002 0.33268626300184045 0.06685854255729495 0.09945112336031983
3 0.5465831464765032 0.15267453640758877 0.07009720282385157 0.10352114767057934
3 0.8322120725781776 0.3447170307533792 0.07721938103709718 0.10701463986866315
3 0.21004287054574866 0.516485894391219 0.0642336477301444 0.11647484905006031
3 0.5901743029156291 0.6588769487774891 0.07032452335696497 0.11133364767057934
3 0.1882326843484375 0.8928912641334943 0.07781041442319178 0.12732713986866315
9 0.7971514478092867 0.18530773122834907 0.07960859514371972 0.10869997060135783
9 0.7288393685006846 0.25037280924751026 0.06302048871722903 0.10159015547249543
9 0.8400365959351426 0.4527751922187685 0.07237275666391767 0.10130022840327406
9 0.7777424990755633 0.6710471573930594 0.07689277210332364 0.12259869629109836
9 0.6040168087216169 0.9201419973980082 0.08748929130365361 0.11145315637700648
9 0.48152175079142284 0.32945836442674997 0.06775345282385174 0.1033983169378847
9 0.39633440855069707 0.3507358208946136 0.06719952335696497 0.11116987336031983
9 0.3024229356685858 0.42069976085413385 0.06595527210332382 0.12202548620519008
11 0.6755769423325033 0.537763266619885 0.08051787727617317 0.1399499706013579
11 0.39633309389007837 0.1362196195151326 0.0780377349563052 0.1351396398686632
5 0.6673205099626228 0.41486135515449585 0.08038148495630519 0.13526247060135788
5 0.48785065564770314 0.22526218735752845 0.07335023495630537 0.13489397840327397
0 0.6530581185006846 0.2464012822237173 0.08924801959604131 0.14508784995457144
2 0.8885208747023838 0.6713923954072718 0.11462009263643722 0.13237648801421234
2 0.5009837707831755 0.6230003245126582 0.09343541442319178 0.1281460114199607
8 0.6482820387963713 0.16268470149102265 0.09017402210332381 0.12329473710970121
4 0.4914533095795467 0.7512105336940553 0.09684757092882475 0.16498759215265527
1 0.8252325791755879 0.909113723426433 0.11615150039571134 0.1581986815917773
0 0.5652626018076372 0.23165935153645117 0.07284176959604131 0.1442280348257091
7 0.28776705377355893 0.4799961957252714 0.10136758636823107 0.18628606004047973
6 0.3800491451563549 0.6221228199901023 0.08187578879637111 0.13300060775648745
6 0.19409257627259416 0.7457672806418376 0.09134171700961655 0.136616930687266
10 0.758150098442425 0.42664206015202144 0.1024527132486929 0.1699616971956095