11 0.7859375 0.128125 0.08203125 0.12109375
11 0.2078125 0.13203125 0.07421875 0.134375
6 0.62578125 0.125 0.078125 0.14453125
6 0.38359375 0.11875 0.084375 0.146875
8 0.30234375 0.11875 0.06640625 0.13671875
8 0.57578125 0.5 0.0890625 0.134375
9 0.80546875 0.29765625 0.0625 0.1
9 0.715625 0.2203125 0.06640625 0.1140625
9 0.634375 0.22421875 0.0609375 0.12109375
9 0.46015625 0.30625 0.06953125 0.11796875
9 0.37890625 0.2234375 0.07421875 0.10546875
9 0.29453125 0.384375 0.06953125 0.1203125
9 0.21796875 0.225 0.08984375 0.11875
10 0.540625 0.1125 0.071875 0.1671875
7 0.46953125 0.1859375 0.078125 0.1890625
2 0.48046875 0.4 0.08203125 0.1421875
9 0.46640625 0.5 0.0671875 0.1203125
0 0.84921875 0.50234375 0.0875 0.1203125
0 0.7046875 0.884375 0.0828125 0.125
2 0.67578125 0.6203125 0.0875 0.125
3 0.88515625 0.73515625 0.0828125 0.1140625
3 0.79140625 0.73046875 0.06875 0.1140625
3 0.67578125 0.7453125 0.0734375 0.115625
3 0.58984375 0.75625 0.0875 0.1140625
3 0.38671875 0.53515625 0.071875 0.1140625
3 0.2859375 0.7515625 0.071875 0.103125
3 0.1890625 0.75703125 0.084375 0.1203125
5 0.9125 0.8625 0.0984375 0.11875
5 0.1625 0.8890625 0.1 0.1234375
4 0.60625 0.88203125 0.0921875 0.14453125
1 0.490625 0.853125 0.08203125 0.1625