9 0.2187526128415279 0.1419047909216581 0.06886106240468762 0.10778770734906136
9 0.2986232572181946 0.2196329760382009 0.07612870174736122 0.11818949400955026
9 0.21399564371107666 0.3064484405588384 0.07930825313413203 0.12064237141421197
9 0.33867486749427134 0.6324157182336526 0.0846679003605904 0.11614584437236992
9 0.32641582930961877 0.8771007356568479 0.08712075313413203 0.12091518992586643
9 0.8495786127446188 0.7829614214911808 0.08067073138263865 0.11210318511654283
9 0.45727351823611134 0.3282143462712865 0.0666445989738195 0.11317461179556502
9 0.5525113234226043 0.22771832766696498 0.068951981382639 0.11169395734906136
6 0.3057616503605904 0.12386660825218603 0.0858673776591667 0.13414187622353535
6 0.6380754554501742 0.6506771672300115 0.08737532627239589 0.13185268992586624
8 0.39462412860909735 0.11838298928504483 0.08612195079743072 0.14507937622353534
8 0.44546580888930587 0.4245982729503088 0.08586737765916688 0.1341418762235353
11 0.3658887180836115 0.49363596042910435 0.08263327488562507 0.12934524881887377
11 0.6492363866803132 0.9286037101126181 0.08608558320625015 0.1427925797747637
10 0.728752393995417 0.5219197393698629 0.0930629350298613 0.17498513103285873
7 0.6361265232701045 0.39925107648583863 0.0807084053945836 0.18079862141421196
3 0.20647212480937518 0.2179762176006804 0.07452983415618064 0.1165724303072194
3 0.1586055077868755 0.6097346424656042 0.0846679003605904 0.11614584437236992
3 0.26676088706156287 0.4940774153310949 0.07151393692972227 0.12115080290255768
3 0.37460452896968766 0.23087306560124743 0.06906108415618065 0.11638145734906136
3 0.5412186392457643 0.6480754676854984 0.07925370174736131 0.11829862141421188
3 0.4332269141313896 0.7707639448200077 0.07943553970326392 0.12611112141421188
3 0.5313942700390633 0.8967485806621898 0.08245143692972227 0.12153274881887341
3 0.7830515021842015 0.17175853746309705 0.06664459897381966 0.11317461179556507
5 0.5536361059076738 0.14188995507162666 0.07489351006798621 0.13219743030721937
5 0.7576664825200007 0.9257267856489986 0.10149237765916688 0.13468751324684405
0 0.15882110049243098 0.4848437698702659 0.09248105357097236 0.14998513103285874
0 0.7141573382402433 0.23024067085820854 0.08154355357097245 0.14960318511654283
4 0.830114872243924 0.5168726300213684 0.0938805526210416 0.1765749128840241
2 0.6413939450978475 0.3237153631463275 0.08990091422829885 0.13974703547936249
2 0.6315610841561806 0.13602439018816948 0.07294980357097244 0.14930308475372306
1 0.533112585674792 0.5010367765785059 0.08672201605190981 0.17086062622353532