3 0.36172499722798973 0.14149243019722318 0.07847288147120901 0.11453583279171564
3 0.4513489393495994 0.12272306493810343 0.07760062620953719 0.1129596960222405
3 0.7946886866481763 0.19024220698587965 0.06812691567207611 0.12450116801906326
3 0.5296999944559795 0.2863667792242885 0.07070588410204497 0.11518071509696401
3 0.7186259865634718 0.28072293101129736 0.06941639988706036 0.11984094155801364
3 0.2809278364646497 0.39237486607319394 0.07548438936371689 0.11682503571381489
3 0.5572760467903493 0.5987031379905865 0.07052387357870131 0.11205571509696384
3 0.9000829859987742 0.8719092183499655 0.08922066567207594 0.12486936079489297
5 0.1724977703408157 0.746187433036597 0.10640046039628678 0.13843698295387147
5 0.4806897019390817 0.7204747723244296 0.08062691567207594 0.12471935633066593
1 0.2556959491670714 0.8722084163975055 0.12436150512049755 0.152018241882325
2 0.3657850387566672 0.74828790097623 0.09753369461127122 0.1335994784896446
2 0.6268927838479311 0.3706951404262185 0.09233796039628679 0.1381915211033183
0 0.5354578998164733 0.18381847768216092 0.08088452090551321 0.15594208279171565
0 0.4579615023484873 0.28996511201600417 0.07266249722798968 0.14877446509696401
4 0.4543491968891713 0.4964878474055075 0.08524579721387227 0.16382276663909145
9 0.2149865051204975 0.14639989285855512 0.07241259727034208 0.10428412540538945
9 0.20762757338105722 0.3154499017870088 0.07300413147120902 0.11444037540538946
9 0.37205336540384487 0.39938675081407415 0.06914338410204497 0.11515344155801355
9 0.6589379863517102 0.5046474005724881 0.07241259727034191 0.10428412540538937
9 0.759422375715427 0.6186359882354677 0.08269764988706055 0.12007276663909146
9 0.8179573996047118 0.4017700422132274 0.07548438936371689 0.11682503571381489
9 0.6099048919945528 0.10587866396516876 0.07268561305535766 0.10897162540538945
9 0.6330147102551125 0.27439683888409083 0.07640214725622449 0.11918242248329011
8 0.18233841802056333 0.4183391225660157 0.1013944419804353 0.13288641233702042
8 0.5415013154179623 0.3815701850684871 0.07468772881213823 0.14334662540538945
7 0.35692816531914023 0.4888038068204287 0.09383954721387226 0.16397277110331848
6 0.6693272677099797 0.7367331976503889 0.08185548670464601 0.14581310633066594
6 0.2864057497882385 0.21788338068369048 0.07860168408792756 0.1301471960222405
10 0.360441760240995 0.29401345820040037 0.09462079721387226 0.16398640787279356
11 0.7754029624624253 0.7184587102322906 0.08893223933548207 0.1467170872559425
11 0.6917541314712091 0.10132180317027592 0.07474093671876361 0.1308602621748646