3 0.7396090562748789 0.5101552865311845 0.07905744171077381 0.12004549310014116
3 0.7919262203425047 0.12670185836585143 0.06826452174883002 0.10424321509696392
3 0.5410933018262545 0.5346991392084025 0.08017427273741298 0.10913526663909145
3 0.27519372920257223 0.4885953011383858 0.07314302273741298 0.10901253571381489
3 0.2546027034994097 0.6107430365278892 0.07873910672980182 0.11223299310014116
3 0.16657612148418732 0.6060339914785834 0.07902560821267657 0.11926424310014117
3 0.6530335918266921 0.7380678267092262 0.08007877224312132 0.10679151663909145
5 0.6378528966930583 0.4783615901019068 0.08337752718603716 0.130269926947517
5 0.22533701475438553 0.7158669131510946 0.07706386018984288 0.12859833279171565
1 0.3706574209133461 0.3682634358792661 0.07618445110231384 0.16449492248329012
4 0.7364906679475964 0.3759302909954113 0.09298994912514758 0.15541993141174384
2 0.7214333537268713 0.2856325734628154 0.08125661167271758 0.13569776663909144
2 0.3930722262740038 0.10555888433713848 0.08532202916320361 0.1396722004864673
0 0.2971111274528674 0.18061915990468372 0.07409802768032892 0.13245003571381497
0 0.36596330924062836 0.5026247991097909 0.08181502718603735 0.1302426534085667
9 0.8169686882135515 0.27850013758684466 0.06877385771838504 0.11674321509696392
9 0.6299355563120599 0.1170383064166868 0.07076743923931587 0.10819037540538945
9 0.5320989396964263 0.2764463084452817 0.07092660672980174 0.11209662540538945
9 0.467645167453305 0.3829650896948698 0.07105394072219048 0.11522162540538945
9 0.37937318771926 0.28848047849293984 0.07282468775644109 0.10120003571381497
9 0.44969236901272935 0.6128025941590967 0.07861177273741297 0.10910799310014116
9 0.5613408403438174 0.7466945787378212 0.07580510771838504 0.1168659460222404
9 0.45878884330956693 0.7344321323085435 0.07405160672980174 0.11215117248329012
11 0.8356298690127295 0.6060660300383627 0.10066052768032882 0.1329136858759707
11 0.4513199001159183 0.860254292616969 0.08953202669174569 0.12803527110331814
6 0.5583829836140156 0.8576048051988708 0.08222886266130089 0.1403989034085665
10 0.7768929030816679 0.8405188965152984 0.09775836216700924 0.13832788879807012
8 0.3529208452867332 0.7269117329571667 0.09126828163466154 0.15148640787279355
8 0.5486404994685274 0.3877968656694521 0.0819423611784261 0.13336765340856668
6 0.20552716943047128 0.3781720442385269 0.0876976126613009 0.1404943607948928
7 0.22596298072262808 0.08740563250876685 0.08675453657757748 0.1748112650175337