3 0.4328125 0.61875 0.071875 0.10234375
3 0.521875 0.39296875 0.06875 0.103125
3 0.62109375 0.51796875 0.06875 0.11328125
3 0.7953125 0.51171875 0.0765625 0.115625
3 0.78984375 0.3109375 0.06953125 0.103125
3 0.771875 0.20546875 0.0625 0.103125
3 0.2203125 0.85859375 0.084375 0.10703125
3 0.60625 0.2125 0.05859375 0.11328125
9 0.690625 0.11953125 0.0640625 0.1140625
9 0.765625 0.1234375 0.06015625 0.11796875
9 0.35234375 0.30625 0.06484375 0.11640625
9 0.340625 0.4953125 0.06640625 0.1109375
9 0.721875 0.4984375 0.0640625 0.10234375
9 0.71171875 0.39453125 0.071875 0.1109375
9 0.52109375 0.61640625 0.07109375 0.11328125
9 0.728125 0.72421875 0.07578125 0.11171875
0 0.16796875 0.384375 0.0765625 0.134375
0 0.33046875 0.60546875 0.06953125 0.13828125
2 0.315625 0.74296875 0.0875 0.1390625
2 0.44609375 0.1203125 0.07421875 0.125
1 0.35390625 0.1859375 0.0921875 0.16953125
4 0.51953125 0.2859375 0.0734375 0.16328125
5 0.51875 0.20390625 0.07578125 0.1234375
5 0.41640625 0.83984375 0.078125 0.12109375
11 0.53515625 0.4828125 0.06953125 0.12890625
11 0.82890625 0.61015625 0.08046875 0.12890625
6 0.528125 0.71484375 0.07578125 0.13125
6 0.27265625 0.390625 0.06953125 0.13203125
7 0.62265625 0.7171875 0.08671875 0.16015625
10 0.83984375 0.71953125 0.09375 0.16953125
8 0.4203125 0.51484375 0.08203125 0.13125
8 0.63203125 0.40234375 0.0765625 0.13671875