3 0.71796875 0.12578125 0.05625 0.1265625
3 0.81015625 0.23046875 0.0625 0.1
3 0.646875 0.2125 0.0578125 0.11328125
3 0.7625 0.7734375 0.0734375 0.1234375
3 0.4765625 0.640625 0.078125 0.103125
3 0.16796875 0.7671875 0.08203125 0.115625
3 0.22890625 0.1296875 0.0640625 0.125
3 0.4640625 0.1265625 0.0625 0.1140625
0 0.30546875 0.20625 0.071875 0.12890625
0 0.47578125 0.2125 0.0578125 0.12109375
5 0.3890625 0.30703125 0.0625 0.11875
5 0.73828125 0.296875 0.078125 0.13671875
1 0.9078125 0.8859375 0.1140625 0.146875
2 0.575 0.6234375 0.0921875 0.11796875
2 0.5796875 0.75703125 0.0921875 0.1296875
4 0.275 0.73671875 0.084375 0.1609375
9 0.471875 0.9015625 0.0828125 0.115625
9 0.8703125 0.65078125 0.08203125 0.12890625
9 0.8546875 0.5078125 0.07421875 0.12109375
9 0.55859375 0.49609375 0.084375 0.11796875
9 0.6546875 0.42578125 0.05859375 0.1109375
9 0.40390625 0.21484375 0.0578125 0.13671875
9 0.196875 0.49296875 0.0609375 0.125
9 0.2953125 0.52890625 0.0671875 0.1203125
6 0.3828125 0.628125 0.0734375 0.1359375
6 0.68359375 0.5171875 0.084375 0.1359375
11 0.76796875 0.61328125 0.084375 0.12109375
11 0.6453125 0.2953125 0.07421875 0.125
7 0.47109375 0.38671875 0.071875 0.1765625
8 0.2984375 0.303125 0.0828125 0.134375
8 0.75546875 0.3953125 0.06875 0.1421875
10 0.37109375 0.75703125 0.0890625 0.16328125