11 0.7875770527578927 0.17913417819097116 0.08475297355046649 0.14508425782192064
11 0.21432156328123653 0.1426102471574026 0.0801718893637168 0.1199022472985769
8 0.7207535738045803 0.16897095193908168 0.07469543408792756 0.1328194762518895
8 0.30989937379046284 0.13014731548854944 0.07722119461127122 0.1360809841443973
6 0.6256685869587598 0.15951338097709886 0.07161593671876343 0.13341871572854586
6 0.3937283422204317 0.1444365996188293 0.06912797355046649 0.14417420520520213
7 0.5516696448371501 0.1379576284168501 0.07228306562972371 0.17160896046687396
10 0.47758740272965794 0.1312911284874373 0.07848756299888784 0.17119173151356137
9 0.7902477554734334 0.26787045449933045 0.0683698393778343 0.10442146046687402
9 0.7086337344267459 0.26938818089239425 0.06952281570031094 0.09748121572854584
9 0.6259577423192537 0.26222115202378626 0.06327281570031093 0.09711719468185845
9 0.5475065186276129 0.24981288630935788 0.0729208314853265 0.1023507262518895
9 0.4567373054593159 0.23355157850155472 0.06418286831702939 0.11274219468185845
9 0.37512328441262854 0.23506930489461855 0.0651916314712091 0.11669394731269431
9 0.3016402817817926 0.23157330759604164 0.06785389988706055 0.1222992052052021
9 0.21290400547343333 0.2342440103115822 0.07364887357870131 0.1148507262518895
1 0.4621080739457546 0.30284761007158584 0.08088452090551304 0.158873742036905
3 0.7176832397590049 0.342817975616605 0.062347352532013824 0.10796368942018653
3 0.6298459796591842 0.7876607677805669 0.08003538147120892 0.11755849729857708
3 0.5404649612433328 0.7879422178652715 0.07971686305535748 0.11208974729857672
3 0.4381212112433328 0.7819813732257654 0.07553759727034208 0.1071747341443972
3 0.34271770598166096 0.7779925522637827 0.07377767619541978 0.13043022362105355
3 0.2399567270283484 0.7657362049934406 0.0735578683170294 0.11328822625188942
3 0.1389934665050047 0.7629913656156063 0.08849262357870127 0.115715276237772
2 0.760338574510452 0.9159817308076896 0.10635495776545092 0.1416708314853267
2 0.21099102189373342 0.8996638839608707 0.10520968671876352 0.13537532885449083
5 0.10524925610871787 0.8982085287980208 0.09505343671876347 0.13478379465362345