11 0.8019536419241566 0.14296562471491725 0.07727921700961674 0.13245849687674202
11 0.23013847789667624 0.11739099131759714 0.07243259263643723 0.12696247579950315
6 0.6385503714701855 0.12126386241827711 0.06670542986259811 0.14489486436318472
6 0.4028856561099216 0.11326150663929939 0.07596676959604132 0.14104315651766242
10 0.5631555663764783 0.10842349483363858 0.07407766066226813 0.156654520979043
8 0.3217720484297896 0.10904670531143949 0.0727963054894186 0.13946247579950316
7 0.47818352131190095 0.18312403386485832 0.07868860431491971 0.18089599687674207
9 0.8041633481132205 0.2280946036376784 0.0727592015702104 0.111342020979043
9 0.7214190442731545 0.22623264266889814 0.07011993487716292 0.10117213544042354
9 0.6425809904330886 0.22434795580241884 0.06543243487716292 0.1011448643631847
9 0.39073734560593804 0.20862854879377712 0.07023359514371971 0.10507838544042354
9 0.30783391739269267 0.21223533782499682 0.06430184389007838 0.11597952400410509
9 0.23214359560593803 0.2095512202403583 0.0668358105039836 0.09568520472226431
8 0.6528759812618885 0.3000564829297819 0.08196671700961655 0.1324857679539809
9 0.46702940947513394 0.2980132356602564 0.07041545157021041 0.11132838544042353
9 0.4550736640939874 0.4941433470965749 0.06710859514371954 0.10506020472226432
2 0.4701878502247916 0.40422687422393794 0.07335023495630519 0.131654520979043
2 0.7742900477048738 0.8789394861512358 0.10852921700961655 0.13264030405833438
3 0.852904444181377 0.7542843989154141 0.08548652210332364 0.11922724385167989
3 0.7503022814075379 0.7369156126146688 0.09093254005001246 0.11847781010845856
3 0.648998194181377 0.7554706907753042 0.0811938271970309 0.10592326795398073
3 0.550492498021443 0.7583871333973201 0.08617684389007838 0.11610678903121965
3 0.25333635319429243 0.7429313468019872 0.07796953879637121 0.1293380420562819
3 0.14798126346084914 0.7396386960398615 0.08305184389007839 0.1160886083130606
5 0.8664548156515626 0.8791844049655383 0.09031041442319179 0.1239420149289188
5 0.11675033234460992 0.8733915273237548 0.0959382887963712 0.1294425811856975
0 0.6560712451184492 0.888219558261747 0.09361727084968266 0.13021019564707786
0 0.3243127797581852 0.8807762595661657 0.08805759263643723 0.12705337939029918
4 0.5616081912783831 0.8864257749860638 0.10202080423577745 0.15056814744247618
1 0.447696455464148 0.8550626663784155 0.08482494404836309 0.1770261083130606
3 0.36639159732179766 0.5352774072050335 0.08546379005001245 0.11844599385167989