5 0.21640625 0.12421875 0.0671875 0.12890625
3 0.7171875 0.29296875 0.07421875 0.0953125
3 0.634375 0.3765625 0.06640625 0.103125
3 0.2953125 0.2953125 0.0625 0.1203125
3 0.20703125 0.30625 0.0671875 0.1078125
1 0.37421875 0.2828125 0.06640625 0.1671875
11 0.8453125 0.4859375 0.0890625 0.12109375
2 0.7390625 0.48828125 0.07421875 0.1203125
8 0.66875 0.59609375 0.0921875 0.134375
9 0.8796875 0.73984375 0.071875 0.109375
9 0.775 0.7375 0.0796875 0.1140625
9 0.659375 0.73671875 0.0734375 0.103125
9 0.365625 0.74453125 0.078125 0.1046875
9 0.271875 0.5265625 0.0734375 0.1109375
9 0.19140625 0.653125 0.0796875 0.11875
7 0.8015625 0.8546875 0.11328125 0.165625
2 0.484375 0.8734375 0.084375 0.1359375