9 0.26115917203575634 0.23352321403563475 0.07878859621281205 0.11497156667727229
9 0.344576180914551 0.13058057471354328 0.0701675751355733 0.11018406934277229
9 0.3491581000234411 0.4173720500477251 0.08353972872636942 0.12596361067790857
9 0.4277002147794093 0.6151742980585428 0.08819086729005096 0.119768154678545
9 0.5229808985226306 0.6217521094048148 0.08745506908544912 0.12757156401177205
9 0.7167354437021703 0.6232253447644501 0.08035109621281222 0.11498974801081766
9 0.7469835634281082 0.12432476810149533 0.07254768657189174 0.11646134134309047
9 0.586763680914551 0.13339868141308725 0.07019030103327228 0.11409031934277229
3 0.3451296510567134 0.3040362560470887 0.07404655405833438 0.10554202267663593
3 0.43414215408177553 0.3136663420591791 0.07492325282867043 0.1219573633434086
3 0.43673640983731216 0.13634077339272452 0.07253405103327229 0.11411759134309048
3 0.6722421177810303 0.2133049047580867 0.06937723477649378 0.10861247867599957
3 0.7663097594679698 0.2940923754375861 0.07024938836728971 0.12424656934277234
3 0.692272295768715 0.39636285276095023 0.06781473477649377 0.10859429734245411
3 0.6210967325369985 0.4095981020846325 0.07409655103327228 0.11413577267663584
3 0.3338729467272325 0.627364668045816 0.08503405103327229 0.11426304201145392
11 0.18671822911915287 0.1365567600254534 0.08740961729005096 0.11975906401177219
10 0.17560294623625322 0.30128233135740795 0.1009908491396783 0.17147610534690844
8 0.5858728257247485 0.28652368141308726 0.07889313534222779 0.1329403166772723
6 0.6820120275201464 0.2798293334261321 0.07894313231716552 0.14153406667727228
6 0.5031870698710159 0.39806916140195137 0.07896585821486468 0.14544031667727228
8 0.6081694856602564 0.48289015141626895 0.09843802088084708 0.13551133334659032
11 0.2276406065645446 0.7573874280314985 0.09927835821486468 0.1456766740133631
7 0.6309383233870574 0.7323907120862232 0.0885226653964569 0.176799404678545
5 0.5242591357350112 0.13345267807126943 0.07497324980360816 0.1305511133434086
5 0.50271995814011 0.20976973006840596 0.0851249546240684 0.129888042011454
4 0.80880126561629 0.3766236121100858 0.09316016842151882 0.16826019867918127
0 0.8055712056060271 0.5289400901097677 0.09855619554888229 0.1558238333465903
0 0.13596268755385035 0.5344306386855446 0.11022949375348405 0.14814769334818118
2 0.09874799210316407 0.7535437180139993 0.12438744252382006 0.16471757535008996
1 0.3112156549655383 0.8958692200429527 0.12991527985783763 0.17493746001749919
2 0.5299383838882994 0.9031021067393148 0.11015677088084708 0.13564769334818116