3 0.7811322218782374 0.11838948404499934 0.08478172249741008 0.11122974715020839
3 0.7140666923087329 0.2011123714878119 0.08365587014004525 0.12056837955902786
3 0.6245268492569929 0.2804563390027425 0.0744071486760923 0.10630585780753474
3 0.45794943300310803 0.1204488254193746 0.06803087014004525 0.12020470364722229
3 0.38096955603863725 0.11443652118281218 0.07268198283649223 0.11953255642076392
3 0.2920589516143578 0.29755945212861085 0.07449919396136276 0.1250376740119445
3 0.1740408899941493 0.5024307497156595 0.07435364474715103 0.12191267401194458
3 0.34461013937497675 0.7442876753431247 0.076423412944116 0.09932915919430556
9 0.7928637803980741 0.2016195581331938 0.06824919396136267 0.12489220364722228
9 0.4579022754356753 0.2890169874634719 0.07918669396136266 0.12514677678548622
9 0.3734780796122858 0.20825925636517328 0.0745526978903042 0.10943085780753484
9 0.19423788172198167 0.32012674278180536 0.06370724317557444 0.12790810087368065
9 0.8106933275453713 0.3885013090831243 0.08158394789030439 0.10959451196784728
9 0.7343598058337495 0.5026560344818396 0.07433437406898662 0.10474335780753492
9 0.6476537485567672 0.8730243922893746 0.08500004631872748 0.11591724715020817
9 0.5495012322173196 0.11519632133531203 0.06814003205070396 0.12254845364722229
0 0.8017421666681697 0.29584168360815905 0.08572779238978612 0.13154224715020835
0 0.4590709772549209 0.19690222264583293 0.082711954300445 0.1338132619678473
5 0.63736498945603 0.3901943617041661 0.08778044396136267 0.12534679853697925
5 0.2554171685301966 0.5145839511786804 0.09037890508623328 0.13087009992375015
2 0.8595373184491433 0.8478022674799993 0.11939431699689215 0.1338866503605903
2 0.5447193012856355 0.7372888736720135 0.10376931699689215 0.13352297444878491
4 0.6448370794073981 0.59838806820118 0.0893087107105858 0.15815929853697916
1 0.11607841687756673 0.8588632408819443 0.12297523531769157 0.1605037017473613
8 0.44684268920836095 0.49295960505465236 0.07615373924663302 0.1438058578075349
8 0.629552605252849 0.10552907418510364 0.08907111621110371 0.1363024823325695
7 0.5459094278358215 0.5944474102411453 0.08981813296032684 0.16909679853697918
10 0.5509309915229446 0.20178778476618006 0.0898716368892682 0.1534899823325695
6 0.1476345936754217 0.616984212196597 0.09114303846084475 0.14727634992375016
6 0.4476537485567672 0.8776794439604856 0.09979029238978612 0.13186955547083343
11 0.2985144669158387 0.20922365074184004 0.07947779238978611 0.13139677678548622
11 0.7509885719638 0.7153190354317702 0.09639346463952717 0.14271613649288195