9 0.196875 0.1421875 0.071875 0.115625
3 0.28203125 0.13828125 0.06875 0.11796875
9 0.36953125 0.1296875 0.06640625 0.1109375
9 0.4359375 0.303125 0.06953125 0.11640625
9 0.43515625 0.40390625 0.0765625 0.115625
3 0.51953125 0.30078125 0.071875 0.12109375
3 0.6875 0.1171875 0.0765625 0.11875
9 0.76640625 0.2109375 0.07109375 0.1140625
3 0.42890625 0.5140625 0.06484375 0.1140625
3 0.6265625 0.74375 0.07578125 0.11328125
3 0.83671875 0.74140625 0.0765625 0.11796875
3 0.51796875 0.90234375 0.084375 0.12109375
3 0.79921875 0.5109375 0.0796875 0.12265625
9 0.15 0.5046875 0.0828125 0.1109375
9 0.325 0.7453125 0.078125 0.115625
9 0.83671875 0.88984375 0.09609375 0.1265625
4 0.24375 0.38046875 0.103125 0.16484375
2 0.60625 0.31171875 0.0734375 0.15234375
5 0.6859375 0.19921875 0.06953125 0.12890625
10 0.6921875 0.2765625 0.08203125 0.16796875
7 0.7875 0.26875 0.084375 0.18125
1 0.78203125 0.36015625 0.0875 0.1765625
6 0.69921875 0.3921875 0.0765625 0.14453125
6 0.3421875 0.4078125 0.0796875 0.13828125
8 0.2359375 0.59921875 0.09765625 0.17421875
0 0.11875 0.7359375 0.103125 0.134375
5 0.3265625 0.615625 0.08203125 0.15
2 0.621875 0.48984375 0.08046875 0.13828125
0 0.7109375 0.6265625 0.08515625 0.1421875
11 0.525 0.625 0.084375 0.134375
11 0.42109375 0.728125 0.0875 0.14765625
8 0.7328125 0.87890625 0.10078125 0.1421875