3 0.7857699265773956 0.18558891204892336 0.071295731382639 0.11137542069139794
9 0.7076462329981597 0.12072008148668009 0.071295731382639 0.11137542069139794
9 0.8044088641727081 0.2904438966095172 0.08544915036059031 0.11569084765100204
9 0.6319364117597568 0.18694212655125747 0.07125936379145834 0.10981292069139795
9 0.6325500883371524 0.39537675217807805 0.07883547444878473 0.09988399122451135
9 0.8585638084175342 0.5800770464512326 0.08490428970326391 0.12582436559769086
9 0.1319597151432979 0.8713484996042886 0.09266223831649319 0.12370793613080408
9 0.3914549224933331 0.28840665281121636 0.06660823138263901 0.11123902837152996
9 0.29754453438493045 0.1303106594751339 0.07363948138263901 0.11144361685133201
3 0.5400229751143749 0.11076372294861832 0.061103113791458344 0.10951740399835055
3 0.6430654417762842 0.6144533611118513 0.07672811379145834 0.10997204506457728
3 0.4516935997363188 0.7191732680131956 0.09417018692972227 0.12140965023742681
3 0.6643176202535409 0.8753764892459543 0.07941735590767376 0.12488399122451135
3 0.5588852378447215 0.8768828164429852 0.08937358415618064 0.11658575791755865
0 0.3453864355080201 0.8588926490502926 0.08971907627239598 0.13142950791755864
0 0.5488115211828122 0.3704880639357028 0.07534810495774309 0.15131009890464328
3 0.20433808862149286 0.21031405971256073 0.07823606240468761 0.10767375917119999
3 0.8524930335319091 0.706730474664478 0.08063436379145834 0.11008570533113407
11 0.6429265035153817 0.2849931816449646 0.08243325313413194 0.12028741943775678
11 0.4729393522048608 0.37659932310690286 0.07729181145475703 0.13419079506457726
7 0.4731069256274651 0.16814196542677093 0.07374989057694456 0.1832731527447093
8 0.3786113900082637 0.2029010618241318 0.08281511284152784 0.1366936694377568
6 0.2961969738801039 0.2888362133151999 0.0799992373665626 0.14988399122451135
10 0.2627811425737149 0.48342729928771944 0.10005781743868072 0.17310854255729496
8 0.7450461690748605 0.593529444181377 0.10870546561506948 0.1421313271970309
6 0.6427589300927774 0.4934505393250966 0.09278952488562506 0.12917668613080407
4 0.4479373925737149 0.4780398026529317 0.07483961189159735 0.163006116851332
1 0.357385127756076 0.4775517208370473 0.0885209053945835 0.18058006175762475
2 0.22481620241295128 0.1019787224863999 0.07727362765916679 0.13340954506457736
2 0.20257426044923585 0.28609530971256075 0.08979181145475704 0.13455450791755882
5 0.16624902184840223 0.6056863956850803 0.08550435495774318 0.15160561559769087
5 0.7424868263693052 0.4686885685545564 0.09687761284152785 0.13710284639736087