9 0.7938665969951751 0.1936811861079891 0.07127675649282175 0.10323847001621064
9 0.8260047613607904 0.3774911058765308 0.0711949358759707 0.09855097001621065
9 0.6613321554338663 0.6189445134439634 0.07589607264544576 0.09955054383752823
9 0.6498161826262645 0.49672491108659844 0.06668471387914784 0.10848889619489306
9 0.25131977596799177 0.8702610343270155 0.07367505357072242 0.10647263192686936
9 0.18112823254353905 0.7460829797361204 0.0735386858759707 0.09866013192686936
9 0.2011956761334428 0.4175384487188737 0.07133130357072251 0.10636347001621065
9 0.3069432954530476 0.2046317262214637 0.06434096387914794 0.10837973428423435
3 0.7194160219140973 0.18385672994551733 0.06586255357072232 0.10610875889134017
3 0.5624855523496112 0.6000918136916323 0.06671198741809832 0.11005139619489306
3 0.5578450965881381 0.37903445099518523 0.06811084618439622 0.10074917080199892
3 0.4717655004037418 0.2853080297789016 0.0502648271096728 0.10694351282028158
3 0.38663652394269216 0.2908367458661708 0.055938128651800326 0.1189169739451521
3 0.21784561363426666 0.2963526534336034 0.0627375535707225 0.1059632096771285
3 0.28444059861673293 0.48324903184581613 0.06594437418757337 0.11079625889134022
0 0.4679467995102374 0.38009399090377205 0.06608074188232518 0.11860875889134012
5 0.8717378214243346 0.5786511914846726 0.09742619926865145 0.1255330010334573
11 0.58199130316039 0.732103793013468 0.08964097280760175 0.12673162799792798
6 0.9101044407406441 0.8505240374318965 0.09811199188232536 0.12010063833701032
11 0.5598285620921392 0.2686962644774206 0.06612165219075053 0.12095250889134013
10 0.6460581627407622 0.37101643569370435 0.08469042004765814 0.15616441687305754
8 0.5878383340062363 0.4847557580672799 0.08019778896022593 0.12238873035529281
2 0.4810116355483639 0.5014595686540311 0.0779358595770768 0.1269670684446341
1 0.4779332743464339 0.5938653924753486 0.07659154788867965 0.13939429383752824
8 0.4777049979648146 0.8495524662966663 0.0827597272718286 0.13499789226595169
6 0.6827589163909149 0.72662858085514 0.07156312865180041 0.11964472001621065
7 0.7661736140380084 0.5780947274643179 0.09269383482031053 0.16746578990858688
4 0.7657315089251584 0.4631782028572121 0.09410633035608384 0.15894481451569273