9 0.8193552668470276 0.26333840225388705 0.07448210085908258 0.11177580290255769
9 0.6373882146084641 0.15404770389050032 0.061777382971258274 0.10743304328391083
3 0.7318552668470277 0.26028283492335913 0.07164702792830405 0.10231895734906135
3 0.5551931902982046 0.14805810951813042 0.06305327792830404 0.10201885698624169
11 0.567594693011738 0.22101445988095011 0.0708591338757694 0.13192461179556503
7 0.4895958457707 0.2058135566155727 0.08396332146044046 0.18852927586071563
2 0.3945898829712583 0.11905511188038309 0.08360479534115868 0.13704862141421198
8 0.39978971732199753 0.21827386188038309 0.08890977103089917 0.13411459437236992
9 0.31567698891872353 0.14593258121034403 0.06728375452255583 0.1232217343909034
9 0.41580422094004216 0.31553080779669906 0.07205646370395283 0.11013145734906135
9 0.5789593181810802 0.3337054328391081 0.07259205223856355 0.10547123920022675
9 0.6703423139972087 0.44061268646730517 0.07896488297125828 0.10803324400955017
9 0.9047150712332979 0.642192577751783 0.09290123021229632 0.12099703547936258
6 0.6916009175698248 0.6230531642347865 0.09207239258219672 0.14982143992586625
8 0.7032045601520214 0.7700645734906137 0.11115658525525038 0.12709326805616747
9 0.18870272613996644 0.8776488287632734 0.08623847241038014 0.12778274881887342
6 0.21126388511896482 0.3855903035355298 0.09235899762515079 0.15529018992586616
11 0.3940907524863908 0.5112872518989166 0.07949050542706697 0.1478224303072194
10 0.3005487924004826 0.4971032116102306 0.09831574852966192 0.17967263103285874
1 0.5913231993433161 0.39106406505309327 0.09202480495209713 0.1786731262235354
5 0.7816726396415206 0.5263815500769689 0.09688604534115867 0.1375124128840241
3 0.7913109905006032 0.6358929593327959 0.08430748021229632 0.12069693511654264
3 0.8107780427391669 0.7395090326537737 0.07937431874690688 0.11584574400955035
3 0.6161815157153738 0.6570710109694092 0.08076972241038013 0.12759177586071574
0 0.6109064382620396 0.52665682467174 0.08948298111680746 0.14505209437236993
3 0.4180892537295863 0.7608879478152325 0.08623847241038014 0.12778274881887378
4 0.4959199253717408 0.6092014514434296 0.10719942559888337 0.17062501324684387
3 0.23038129805469212 0.21469745017748526 0.0675703595655099 0.12869048439090341
2 0.39390928878243797 0.4036657248570745 0.09754114258219673 0.15001241288402428
5 0.21059657903521395 0.610935043916883 0.09622762607385331 0.13982888103285873
3 0.6194614032091879 0.8833334106065894 0.07925148801421233 0.11350199400955034
0 0.40021675825214204 0.8811359604291041 0.09125352103089916 0.13419643992586644