3 0.8046971112399268 0.14529179610913134 0.0748778010332721 0.1141448633434086
3 0.4781356530016209 0.41022371606458796 0.07709883118569749 0.09307838534372674
3 0.3048339875069681 0.2972771787078163 0.06775564744247617 0.09843804734245412
3 0.2991162943939729 0.5229766127068618 0.06939541549465282 0.11173747867599956
3 0.1764554992144331 0.5207681280235443 0.08264030405833438 0.10564202001113579
3 0.17864575487177384 0.762964718690317 0.0803147347764936 0.10873974801081765
3 0.5902958062978295 0.6216708407463145 0.07717155405833438 0.10557838534372692
3 0.6395129936552882 0.21914582475331418 0.07017666549465282 0.11174656934277234
2 0.8916957215960906 0.86578665678704 0.101667560010263 0.15351644601368122
2 0.5786401679305397 0.4981060714114964 0.08062380698520073 0.16186474801081766
5 0.6769918304001306 0.6187736547580867 0.08357609016268785 0.13221361067790854
5 0.38814541549465287 0.1154464707192703 0.07888859016268794 0.13215906667727223
0 0.31431755093507646 0.1817703573758617 0.06961812929210343 0.15001872867599958
0 0.6396806444174141 0.11368616542008692 0.06792381908544912 0.12734429734245412
1 0.24664826190385666 0.09817606003340755 0.08386698165323567 0.18221361067790856
4 0.37799929761542667 0.3856226107176795 0.0837215359079618 0.15721361067790857
11 0.8296527012062228 0.40650201611231296 0.0882272287263696 0.126018154678545
6 0.7508828065924172 0.4290213587682681 0.08356699980360816 0.13065111067790855
6 0.21545384582002863 0.3759192520289532 0.09068915339440445 0.14635792667886313
9 0.7345805748409856 0.3124332954328136 0.0725022347764936 0.10864884134309047
9 0.23102832796424363 0.23314140603118041 0.0748550751355733 0.1102386133434086
9 0.48727482454639803 0.5040737133990879 0.0748459847764936 0.10867611334340861
9 0.38569868900777865 0.5005481767186339 0.08360790641946654 0.13768236067790857
9 0.4793628514773694 0.621161216064588 0.08264484923787414 0.10642327001113579
9 0.36208496876742036 0.7385385253819068 0.06787382211051121 0.11875054734245402
9 0.2746213302037388 0.7437703707033619 0.07491870764913058 0.12117611334340861
9 0.5724048452308534 0.7691089147437692 0.08826359016268785 0.132268154678545
8 0.48760103571157004 0.29159189473263336 0.08287210821486468 0.14548577001113588
8 0.5591937136992547 0.10962482674249652 0.074246541958086 0.1399170226766359
11 0.5842720235131258 0.3919287967456782 0.07425563231716552 0.14147952267663583
10 0.7870349717924825 0.7348900981062678 0.1055556292921036 0.1504368993475449
7 0.7331130027304745 0.19445545476604087 0.08547493344863373 0.190044292011454