3 0.28221442108710937 0.224302755370771 0.06963420157021041 0.11171020667568143
3 0.36734793903379803 0.22451238804899773 0.06719952335696497 0.1085579346753633
3 0.44788253668480016 0.30823395472626997 0.06367971826325772 0.12179373134149962
3 0.6089336969513568 0.3140128820814508 0.07441262978345567 0.11488975067631771
3 0.684591611836767 0.12277081142581392 0.07312291442319178 0.1242465693427723
3 0.782890371007967 0.19967021343885877 0.07243259263643723 0.12736247867599956
3 0.6428937891255757 0.7564458300843142 0.0779695387963713 0.1297698633434088
3 0.6986530779884538 0.418146946093223 0.06999791442319178 0.12421020667568143
9 0.282135516230829 0.32895389270368014 0.06827629005001246 0.11872327534213589
9 0.3560336689755383 0.3993214840467706 0.06749504005001246 0.11871418467536321
9 0.4422138952228619 0.14025611405949728 0.07186429130365361 0.10783122867599956
9 0.5247632854311589 0.3200623400699968 0.07266827335696498 0.10862156934277234
9 0.6187991272761733 0.14309185475013253 0.06954327335696497 0.10858520667568139
9 0.16963448238251574 0.6228573393539081 0.07530754005001242 0.11880509134309047
9 0.8436523070722644 0.758000881444904 0.08024509263643723 0.1274533853437269
9 0.8161444548689156 0.403113386775904 0.0889070387963713 0.12989713267822686
11 0.24625315518548474 0.5183158373647258 0.09163723370266404 0.143205654678545
11 0.33418637885901886 0.7489487667090889 0.09092417986259793 0.14554031401177206
0 0.24592786091233024 0.7487027713637713 0.09134171700961655 0.1330494046785448
2 0.4457269356020787 0.8783282787237248 0.0905377349563052 0.1322590640117724
2 0.5395067131821859 0.6388759747374058 0.09379912727617316 0.13698292667886314
8 0.6371820320659467 0.5064640114178598 0.09583900039571133 0.15340735801240868
8 0.854404287476223 0.6175486041135857 0.10052650039571134 0.15346190201304494
6 0.11949104453585195 0.8589124706794994 0.1110775554894186 0.14030792134786302
5 0.19225466231162075 0.2997925566915898 0.09138718111623922 0.13461190467854492
1 0.18130748746358769 0.11144767202418071 0.11085624663478769 0.18638349001431753
5 0.5381939849563052 0.1374680160725421 0.07288723370266403 0.14298747867599956
0 0.7114449315119507 0.2941191000954501 0.0738730721824659 0.15002781934277234
4 0.8925337394421448 0.8811843901177218 0.10980221199505173 0.17699939934754488
10 0.43005985385270123 0.5009299847230884 0.08071410556856087 0.17041304467695415
6 0.537192740762293 0.39830551873804215 0.0798275554894186 0.13994429467695416
7 0.5229470696751836 0.17712086207031494 0.07971990690134448 0.18992611334340861