5 0.7852331171530427 0.14581802393939686 0.07438741950744614 0.1402761724832901
5 0.218509408622855 0.12263647930042346 0.07316965988879928 0.12776253571381496
2 0.7087251808553735 0.14291912053083017 0.07349704210278443 0.13713753571381498
2 0.29644343566469694 0.12946890624794044 0.07090775544229562 0.13006537540538946
1 0.5472891730508251 0.10961392247999484 0.07836808057737202 0.18719208279171565
4 0.463422604539171 0.11596728814615165 0.05629218393541642 0.15869889001588605
0 0.8036408328548067 0.3126470137931271 0.07812997840045384 0.13565685633066593
0 0.4625743779528159 0.20741444845457715 0.05592759618646852 0.12590002678536125
3 0.7975024494596952 0.24218450932890026 0.05645338584218216 0.09623980032431154
3 0.7176214873013101 0.3134907191508584 0.07243304990733286 0.10666878571381497
3 0.6180604861201839 0.23201680234961114 0.0699256088003402 0.10194037540538944
3 0.36529015018533445 0.21744223903965607 0.05710815027015244 0.11498980032431154
3 0.2876190179713493 0.22546719886161423 0.061140885842182156 0.09632162094116259
3 0.22361108167368018 0.22278648376465032 0.05560021397248338 0.11652502678536125
3 0.4563441922033009 0.40820933522405234 0.062194954353836526 0.10414775771063774
9 0.8383257906672041 0.7744709038090132 0.08194445916315977 0.11073867694751698
9 0.7329661680718658 0.7695049399298652 0.08598711841898705 0.11471311079489296
9 0.6223287684346854 0.7589747686643911 0.06826390507947586 0.12143071509696383
9 0.33105892769051265 0.7499820036501527 0.07313245435383653 0.10433867248329029
9 0.23303065545799403 0.7365450206962812 0.07749257213985139 0.09504549310014099
9 0.13773551362536207 0.7567699715897858 0.06489336841898705 0.11434491801906325
9 0.44845479193314847 0.5222036513766766 0.06146826805616747 0.10569662094116268
8 0.646153192751455 0.6139895511317952 0.09836063284695733 0.1336676623370204
8 0.34182779130017626 0.6430734845754292 0.08356152286549072 0.11232845048646745
6 0.5366640869463397 0.7496622240221223 0.0807093413771451 0.12008640340856669
6 0.319335199290059 0.8842342727248763 0.08443454210278442 0.13732845048646708
11 0.8439259715225778 0.9051169318121903 0.0909474369306416 0.12260743141174402
11 0.10351922633190103 0.8859392743497292 0.09211063284695734 0.13355856818121908
7 0.5328347040993824 0.8817071107915975 0.09535468393541642 0.1593807284896446
10 0.4280380766947207 0.8830047836819247 0.08766866950744615 0.14050799756436802