3 0.578598479771226 0.31899809209493524 0.06867835722409339 0.11551836179556503
3 0.48593879448624283 0.22760671106207644 0.07417894072219049 0.11649058475372306
3 0.6727397520143474 0.4276042549789595 0.06670202174882985 0.10530754809323425
3 0.6983777164625342 0.6547396738534335 0.0735886917107738 0.12115080290255768
3 0.7925415519377977 0.6681697459932848 0.08219968775644108 0.10272818511654283
3 0.4879111072612744 0.5249082969969259 0.07902560821267653 0.12056052586071572
3 0.4096574091618911 0.7679191978152324 0.07873910672980174 0.11352927586071573
3 0.6288769358536368 0.9019569250345597 0.08293185821267653 0.12069693511654264
4 0.7805151013297754 0.5070412730351268 0.09995753212895302 0.1556175721398514
0 0.3939064392764968 0.5153844748570746 0.07912110870696817 0.12290427586071573
0 0.3238538548269975 0.9022272212288774 0.09415585969555132 0.12811013103285873
1 0.19793470608241084 0.5881151028098903 0.10496336710992513 0.16359376324684405
5 0.7348722678688592 0.899417256793058 0.09278436068413462 0.13274306733052796
5 0.3959623933073793 0.29779767077339053 0.0832820266917457 0.12929068511654282
2 0.3982703567298018 0.12468755298737566 0.07853085969555132 0.12756449400955025
2 0.2283982085166877 0.20613098202865068 0.07978961216700924 0.13931052586071563
9 0.31811994171077373 0.1296900223173366 0.06086585722409339 0.11524554328391079
9 0.5586640286689121 0.15525305062512298 0.07060827174882985 0.10544395734906135
9 0.7275042119767289 0.23994305307219368 0.07607702174882984 0.1056349303072194
9 0.8153225469577008 0.2508111204027216 0.07867543973360754 0.11196677586071564
9 0.6077845499606314 0.6523562291182439 0.0714850222431215 0.10781498920022692
9 0.7000277411771135 0.7718180464487718 0.07414710722409339 0.11570933475372307
9 0.516688659161891 0.7716568114248961 0.08108285672980173 0.11361112141421188
9 0.40763996992257534 0.6609697933687289 0.07314302273741298 0.11021330290255768
11 0.1930283246752107 0.7548933750424089 0.09721719269935694 0.12665675843752044
11 0.8961785465005903 0.6460442640494521 0.10378552768032882 0.13468751324684405
8 0.8309103962731287 0.32702888002136843 0.09460152866891214 0.13904763103285872
8 0.3014642712917193 0.5059152164195541 0.08776127965749528 0.1434895943723699
7 0.22178474707143153 0.38845240870767295 0.09899986859279988 0.17040675843752046
6 0.662351397261712 0.325823500169636 0.07175427768032883 0.13356895734906135
6 0.5829596690105419 0.42602934209493526 0.07463919714798131 0.14693205290255767
10 0.5040401260443548 0.6144073066155726 0.08020344764227279 0.14946677586071572