3 0.7828125 0.13359375 0.06640625 0.11796875
3 0.63671875 0.40546875 0.0625 0.1046875
3 0.75703125 0.51796875 0.08203125 0.1078125
3 0.7875 0.7390625 0.084375 0.1078125
3 0.47109375 0.625 0.071875 0.10546875
3 0.290625 0.5015625 0.0671875 0.11875
3 0.26953125 0.77734375 0.0734375 0.11796875
3 0.39453125 0.30625 0.071875 0.1078125
4 0.72890625 0.27578125 0.0875 0.1625
2 0.30625 0.12109375 0.0734375 0.13671875
2 0.4734375 0.19453125 0.071875 0.134375
0 0.3078125 0.30625 0.071875 0.1359375
0 0.18984375 0.634375 0.08203125 0.134375
5 0.65625 0.49453125 0.08671875 0.12890625
5 0.15234375 0.8875 0.0875 0.1453125
1 0.38046875 0.375 0.0828125 0.178125
9 0.81640625 0.2828125 0.07421875 0.11328125
9 0.59609375 0.6296875 0.071875 0.1109375
9 0.47578125 0.403125 0.0671875 0.1140625
9 0.46796875 0.30234375 0.06640625 0.12890625
9 0.5375 0.28828125 0.06953125 0.1296875
9 0.6234375 0.11953125 0.07421875 0.11875
9 0.28203125 0.63359375 0.078125 0.1078125
9 0.49375 0.74140625 0.0734375 0.1078125
8 0.6421875 0.28671875 0.0828125 0.15
8 0.38203125 0.61875 0.08671875 0.140625
11 0.49609375 0.8578125 0.07421875 0.12890625
6 0.9265625 0.8640625 0.1078125 0.13203125
11 0.8640625 0.60625 0.09375 0.12109375
6 0.21484375 0.39765625 0.084375 0.146875
7 0.209375 0.18828125 0.0828125 0.1890625
10 0.7140625 0.85859375 0.10546875 0.16015625