11 0.79447492857237 0.1375 0.07633244926865146 0.12109375
11 0.21806243303659695 0.12890625 0.06229722280760166 0.12265625
9 0.8047072706995765 0.22265625 0.07752675649282174 0.1
9 0.7186743133132504 0.228125 0.0758824358759707 0.0953125
9 0.640590223621676 0.22578125 0.0626966432622968 0.10078125
9 0.3830095487027537 0.2125 0.0658625535707225 0.103125
9 0.31031238839432823 0.21484375 0.06054380803494937 0.11171875
9 0.22584193100800207 0.2203125 0.07133130357072241 0.103125
9 0.46744700406048506 0.2984375 0.07129039326229698 0.10078125
9 0.4585281513832671 0.49609375 0.06828812418757338 0.1078125
6 0.6313982301144977 0.12578125 0.0718222272718286 0.13125
6 0.3964601684261003 0.11328125 0.06632620373287815 0.1296875
8 0.30900107873452587 0.1109375 0.0671347272718286 0.13125
8 0.6524668863657335 0.30625 0.08034779342445261 0.12734375
10 0.5519698287345258 0.1109375 0.07240860835926081 0.16484375
7 0.4696016136375619 0.175 0.07651940990138843 0.1765625
2 0.47496740341186194 0.4046875 0.07652336404130367 0.13203125
2 0.7877836343404339 0.87890625 0.10303131696340309 0.12890625
0 0.753873653411862 0.4046875 0.08207393465815471 0.13671875
0 0.6719540827983062 0.890625 0.07417961404130366 0.13203125
3 0.8603189277648864 0.7515625 0.08237789772652385 0.109375
3 0.766773479307014 0.73984375 0.0729210771096728 0.1046875
3 0.6524518806869858 0.7546875 0.07068642126547413 0.1109375
3 0.5641024468396099 0.75859375 0.07766312418757337 0.1078125
3 0.2589473425375388 0.740625 0.07382505803494936 0.11171875
3 0.16275813515121268 0.74609375 0.06828812418757346 0.1078125
3 0.3781315393705582 0.53671875 0.06835630803494937 0.11171875
5 0.8814109034151573 0.8859375 0.09371086404130366 0.13203125
5 0.13236943141833443 0.87578125 0.09127165665497756 0.1265625
4 0.5774228327983062 0.890625 0.09457393465815471 0.13671875
1 0.46319273742468886 0.85546875 0.08999552881395605 0.14296875