3 0.5171875 0.13359375 0.0671875 0.1078125
3 0.59609375 0.21328125 0.0625 0.109375
3 0.67734375 0.1296875 0.0609375 0.1109375
3 0.24140625 0.43046875 0.0796875 0.10546875
3 0.24765625 0.51875 0.0671875 0.1046875
3 0.4234375 0.74375 0.071875 0.1078125
3 0.42421875 0.87734375 0.0796875 0.1109375
3 0.81484375 0.509375 0.0671875 0.1109375
9 0.3578125 0.1390625 0.06640625 0.109375
9 0.44765625 0.2109375 0.0734375 0.11875
9 0.3609375 0.30546875 0.0640625 0.1203125
9 0.23828125 0.63125 0.0765625 0.11328125
9 0.13046875 0.6296875 0.0828125 0.10078125
9 0.125 0.8859375 0.08671875 0.13203125
9 0.525 0.621875 0.06953125 0.1140625
9 0.6234375 0.7328125 0.078125 0.1140625
8 0.77890625 0.2828125 0.08671875 0.146875
8 0.74375 0.86328125 0.0984375 0.13125
2 0.83828125 0.740625 0.1 0.134375
2 0.25859375 0.31796875 0.0890625 0.13125
4 0.33984375 0.6015625 0.0875 0.1546875
0 0.52265625 0.87890625 0.09375 0.1515625
0 0.6890625 0.20546875 0.06953125 0.1421875
5 0.61640625 0.40390625 0.0796875 0.14453125
5 0.7890625 0.4015625 0.0828125 0.1203125
1 0.70703125 0.359375 0.09765625 0.165625
11 0.44453125 0.49375 0.08203125 0.1421875
11 0.2671875 0.22421875 0.0734375 0.140625
7 0.34453125 0.36015625 0.0734375 0.18125
6 0.52421875 0.39453125 0.08203125 0.1359375
6 0.3578125 0.209375 0.0765625 0.140625
10 0.5203125 0.19453125 0.084375 0.16328125