3 0.7122986770072519 0.30625 0.07099105024766902 0.0984375
3 0.17806276406313587 0.40390625 0.08694353597964541 0.10546875
9 0.45051361455847394 0.20703125 0.060854070925833524 0.115625
9 0.3605778192732036 0.22578125 0.07891271215832782 0.10078125
9 0.2889040264691327 0.2046875 0.06584978597964533 0.10546875
9 0.2151026534336034 0.2125 0.07439003205070396 0.12109375
8 0.30484370368127245 0.1140625 0.07380998924663303 0.1421875
6 0.39290662985995484 0.11875 0.07083053846084475 0.1453125
1 0.45717668341739276 0.28203125 0.08198851633493831 0.18359375
2 0.3368683757261256 0.5 0.08907111621110371 0.134375
5 0.6301388786216098 0.6109375 0.0823844685684687 0.125
9 0.7207082206398925 0.62890625 0.07689644789030403 0.1078125
9 0.8201002909465533 0.759375 0.09254071856846871 0.125
7 0.8241970936754217 0.62109375 0.1188699321745382 0.1703125
8 0.6283347076102139 0.1296875 0.0895441511572919 0.14453125