7 0.19127496067419267 0.11171875 0.09329197862817358 0.18984375
1 0.2628050479100143 0.18671875 0.08621073165323567 0.18125
9 0.29224710821486466 0.14453125 0.05927098175143151 0.11640625
9 0.35865790339440445 0.1453125 0.058471551033272284 0.11328125
9 0.4374459787263694 0.125 0.0671334787263694 0.125
9 0.2737157977136226 0.31640625 0.07253405103327229 0.11328125
9 0.3460680415653025 0.3984375 0.06787836729005096 0.11875
9 0.5174657977136226 0.31640625 0.06081530103327228 0.11328125
6 0.4430970567888089 0.290625 0.06724710821486468 0.14453125
6 0.345087324546398 0.4984375 0.07498688534222761 0.13203125
9 0.1654770925985748 0.51171875 0.08576984923787419 0.10546875
11 0.23716626111828978 0.6140625 0.08824086426498887 0.12734375
11 0.42717766188041556 0.50859375 0.07498688534222779 0.13203125
8 0.4199878514773694 0.615625 0.09844711123992678 0.1359375
3 0.5257954064194665 0.13671875 0.05928461729005097 0.11875
3 0.36304139724608436 0.22734375 0.07019030103327228 0.11328125
5 0.4489379906302261 0.2203125 0.07892040641946654 0.13671875
3 0.5970578489432865 0.3 0.056968138367289714 0.1234375
3 0.6986476200205255 0.3046875 0.08272211729005097 0.11875
3 0.7884822796614458 0.303125 0.06944995764913067 0.1203125
0 0.7116884963857627 0.39765625 0.07272949375348396 0.146875
3 0.7138691408031768 0.50390625 0.06715620462406839 0.12890625
3 0.816894146853301 0.48671875 0.07652211426498887 0.12734375
3 0.523189598648699 0.49453125 0.07022211729005079 0.11875
2 0.5239713695295461 0.62890625 0.0851249546240684 0.12890625
2 0.42707870969223405 0.76015625 0.10070450282867043 0.12109375
0 0.12773269466511938 0.73828125 0.10857609016268785 0.13125
4 0.3081565137505684 0.86484375 0.10797664734428025 0.1625
8 0.6363446253832785 0.74140625 0.08757324375348396 0.146875
9 0.8098588725546083 0.6203125 0.06947722872636959 0.125
10 0.8471281101597722 0.84921875 0.10893970452587283 0.19375
5 0.2625561047970191 0.4125 0.0835806353422277 0.13203125