11 0.2015625 0.134375 0.08046875 0.134375
11 0.7734375 0.13046875 0.07578125 0.1265625
6 0.43203125 0.19921875 0.07578125 0.14921875
6 0.784375 0.2984375 0.06875 0.14921875
9 0.76953125 0.2125 0.0578125 0.11328125
9 0.1859375 0.31328125 0.06953125 0.11171875
9 0.60234375 0.396875 0.07421875 0.1109375
7 0.6 0.18671875 0.07109375 0.1765625
10 0.6203125 0.59453125 0.071875 0.1546875
2 0.4390625 0.39921875 0.07421875 0.1296875
2 0.43515625 0.5296875 0.0765625 0.1265625
3 0.121875 0.74375 0.08046875 0.10703125
3 0.21875 0.734375 0.08203125 0.11796875
3 0.334375 0.75 0.06875 0.10546875
3 0.825 0.73828125 0.078125 0.11640625
1 0.2171875 0.865625 0.10234375 0.14453125
5 0.31640625 0.8890625 0.0796875 0.1234375