3 0.19646697560311144 0.19047912547570106 0.06472155103327229 0.11589159684397003
3 0.280665234481906 0.2909791911793011 0.06779655405833437 0.1074251808363588
3 0.13631683342519263 0.5969320553234767 0.07872496369925477 0.10630834980971962
3 0.5144878061014379 0.7237439757425312 0.07404655405833438 0.1076798488211363
3 0.7231083062978296 0.5855250982524828 0.06941359621281222 0.11686384783255335
3 0.7922299692583996 0.37797258342373513 0.07480053298109546 0.10302418231923358
3 0.6181925055591448 0.28191462000131257 0.08029655405833439 0.107934516805914
3 0.6968437046240685 0.10054260319539861 0.0701584847764936 0.11064568133065045
5 0.17014134582002863 0.36659329790910294 0.08285847267624522 0.14553001730020548
5 0.5427390293668581 0.47565930281483776 0.08044199980360815 0.132934516805914
1 0.36433118647369583 0.165666173384804 0.08772777985783761 0.1769710182887887
2 0.26141176131468147 0.4738381121298282 0.08051472267624522 0.145434516805914
2 0.4370708123479538 0.5799886585560563 0.08363972267624523 0.14556185079830275
0 0.3339963302037388 0.7271912638029834 0.08359427088084717 0.13774935079830275
0 0.7831675448849522 0.16344716840470705 0.06951359016268803 0.13405134783255326
4 0.7110203549934108 0.25390768372774625 0.07906130698520072 0.1641208498097196
11 0.08874746271729612 0.7481244822055029 0.09301472267624522 0.1459438527754692
11 0.22303155912649997 0.7270241205327852 0.101590291958086 0.14316902125453818
9 0.420733260921898 0.7267827455141946 0.0741238221105112 0.1209610988211363
9 0.6379980289740749 0.7312142830431743 0.08970791549465282 0.11456651878308026
9 0.7216589149054776 0.47071318175057986 0.07257495764913066 0.1232411818249421
9 0.794727734481906 0.2700327494313463 0.06319086729005115 0.12129667984777566
9 0.5306925055591449 0.2854799717881985 0.0678238251355733 0.1121126808363588
9 0.3038522287263694 0.11264860273828806 0.05842609923787414 0.10782442885919248
9 0.36871870462406847 0.1139126723962208 0.07722155103327229 0.11640093281352519
9 0.26085724941082483 0.3785256121298282 0.07028574980360824 0.13252068133065045
10 0.32696001414335185 0.592289681787761 0.08055562929210351 0.152465766805914
7 0.43821918012898403 0.3744244080617648 0.09472721360105893 0.1717887697716634
6 0.5168294725780493 0.1860211412558508 0.07034938231716552 0.14345818133065041
6 0.7647715480082102 0.09074183886094256 0.06810562626704134 0.16055018083635883
8 0.6256782735131258 0.35975311851843783 0.07897040339440445 0.1484958498097196
8 0.8322343631848342 0.8069133255150696 0.09860164734428026 0.16647918726214925