3 0.5373806417873235 0.14322153866573253 0.065058608706968 0.12311432237357552
3 0.8273398665412716 0.6725474354797981 0.07818069121648215 0.11982665653397521
3 0.5434503447924416 0.7626457808078497 0.08423969022789901 0.11543025496239885
3 0.2517814510279518 0.6402612427612897 0.07893010771838496 0.11908179383752823
3 0.2218472588228865 0.7601905990475959 0.08117835722409339 0.11684720574818712
3 0.4591681170727441 0.2569886321317572 0.06657468775644108 0.10291098428423436
3 0.44968568771926004 0.31681739639978085 0.07148502224312132 0.10859805810555186
3 0.21887603950614593 0.21840120533390225 0.07433810821267653 0.12120722001621065
9 0.7146832880232712 0.24853839309001197 0.07668185821267652 0.12131638192686944
9 0.6314529994685274 0.4278213246453779 0.07373327174882985 0.10636347001621065
9 0.7346668882901013 0.564910409839235 0.07763952174882985 0.1065454065339754
9 0.7620239312562884 0.7579540884991168 0.07539127224312132 0.10877999462331651
9 0.6477558428152752 0.7768966794839421 0.08986760771838505 0.11959121608726911
9 0.4452675127772192 0.7518109805601807 0.08819236117842592 0.13588830417661057
9 0.463859639772976 0.5452527655063687 0.08312285920125966 0.1262949803552928
9 0.2845461659704302 0.4124466118678775 0.0759324417107738 0.12206124462331651
11 0.6377759367306768 0.33027423655603666 0.08532202916320361 0.14199275496239877
11 0.7310391639932639 0.4426351495001528 0.08200602817462048 0.13715970574818712
6 0.6474043102292116 0.5357986445377539 0.08203786167271758 0.13794095574818713
6 0.7970912228139626 0.16627601074885776 0.07900836216700924 0.1401391565339753
2 0.8260014955141948 0.45566815053361004 0.09734452669174587 0.13085620181924557
2 0.36566883197804134 0.41935589143738217 0.0923851126613009 0.14310149069437514
5 0.17993692041905446 0.3864405758882322 0.08594411167271768 0.1381228922659517
5 0.1649738122063779 0.5039362909420442 0.08222886266130085 0.1426284557481871
0 0.2241034841083071 0.8777055847795723 0.07798703163466154 0.15334763192686934
0 0.3174183102663926 0.12436656906380664 0.06807086216700924 0.13962973428423425
4 0.27619781368925267 0.50207203804656 0.08731295209089707 0.17171664226595168
8 0.4640744984799442 0.4247219416850512 0.08722011018984296 0.13116441687305755
8 0.3501950933095669 0.7606893668302763 0.09024960969555132 0.12896621608726927
7 0.1309330987467743 0.7246468972283504 0.10481878707186905 0.180329662944116
10 0.4612638107606841 0.12871808291754552 0.08037720258518881 0.1737329065339753
1 0.2122002751716899 0.2861880188161376 0.08436170703381292 0.19497220574818702