1 0.530518368418987 0.14395002318341313 0.07825895317271012 0.18699874203690509
10 0.36978425426116923 0.229706970707869 0.09584575725639413 0.17710780254613132
3 0.36972726759283114 0.6522799207219864 0.08372521397248338 0.1202662683452644
3 0.5508730854715133 0.5482202942301007 0.0734052728654909 0.11498723414439738
3 0.6379514448200077 0.4519360994070678 0.07842015507947586 0.12463524992941277
3 0.8064707771266599 0.36585292819097115 0.08571429990733286 0.11024652623777209
3 0.7942758227728235 0.262227399251776 0.09118304990733268 0.11056504465362363
3 0.6948363287632733 0.18314757302812137 0.08016370435383653 0.1075842578219206
3 0.622428104623989 0.2529980704678726 0.05532739546082901 0.11081567363517104
9 0.28812008121034405 0.32474718394675317 0.08153523139567849 0.10220651308359248
9 0.455220790373504 0.44363223379146144 0.06755457694917481 0.10373121572854593
9 0.26606655425332004 0.6532593208208084 0.09617065027015244 0.11943181043863901
9 0.5634772675928312 0.6635645731692957 0.08180804990733286 0.11001901308359248
9 0.6757813493513294 0.7761394388554892 0.08857640507947587 0.12522678413027996
9 0.8616692309323423 0.6739153281486189 0.08701390507947622 0.12513577886860788
2 0.4717213319281342 0.782186499576477 0.09614336841898705 0.11865056043863902
9 0.8183829892850449 0.43905520976100226 0.0699256088003402 0.10464897362105355
4 0.6560268661415524 0.6346498888696066 0.08341767912609299 0.15611276308359248
8 0.7566543487183572 0.658442975616605 0.09388146397248338 0.12085780254613124
8 0.6808012099657681 0.919889438855489 0.09427333357259685 0.15440604991529555
0 0.454144385294028 0.32350174431480516 0.06056053248413758 0.12671368942018651
0 0.831713857704032 0.5528824913310334 0.07844743693064124 0.12541649992941295
5 0.36547631032858785 0.9101001259977757 0.09614336841898705 0.11865056043863902
11 0.9068726366447905 0.9190227017979072 0.0993502139724832 0.1211763209619825
11 0.27768606741534596 0.4278343865917066 0.07414188284695733 0.13608098414439737
9 0.552686067415346 0.44385131264595196 0.0614682680561673 0.10805469468185844
6 0.7254142392850448 0.4336403966915272 0.08160964246560418 0.14899050782192055
6 0.7670239082443369 0.7767757466632924 0.08860368693064125 0.12600803413027997
7 0.7393527429132419 0.5202149335232302 0.08988593393541641 0.1627267841302798
3 0.71584577712666 0.36057462301400395 0.05146578547936258 0.0895399131118273
5 0.20406005054030496 0.23954616033981707 0.08399803248413758 0.1280787683452643
2 0.36426346287617495 0.5404701654603146 0.08117313284695733 0.13649050782192057