5 0.22265625 0.11953125 0.0796875 0.12890625
5 0.790625 0.13984375 0.0671875 0.140625
3 0.221875 0.203125 0.05859375 0.09375
3 0.38671875 0.2125 0.0625 0.0984375
3 0.28515625 0.29453125 0.06953125 0.09375
3 0.71328125 0.22265625 0.05625 0.1078125
3 0.78359375 0.225 0.0578125 0.103125
1 0.46875 0.10078125 0.0625 0.16328125
4 0.5484375 0.10546875 0.06875 0.15234375
10 0.54140625 0.2046875 0.06875 0.1546875
2 0.19609375 0.2875 0.0796875 0.13203125
2 0.6203125 0.396875 0.071875 0.1265625
8 0.33046875 0.6 0.09375 0.12890625
8 0.62109375 0.6171875 0.0875 0.11875
9 0.12109375 0.7359375 0.084375 0.1109375
9 0.23359375 0.7390625 0.078125 0.103125
9 0.3375 0.728125 0.07421875 0.1
9 0.63359375 0.74609375 0.07421875 0.103125
9 0.728125 0.7390625 0.071875 0.103125
9 0.8265625 0.76484375 0.0671875 0.12109375
6 0.428125 0.73828125 0.0734375 0.1296875
7 0.20546875 0.85546875 0.1078125 0.14921875
11 0.31875 0.86875 0.09375 0.11796875
11 0.85546875 0.88984375 0.1109375 0.13125