11 0.8103719824919867 0.34527430603412806 0.09356400544229544 0.13305440260503393
8 0.7262375738691318 0.2224125407326471 0.09212055653075488 0.15872649069437514
3 0.7353050059056317 0.43333292410725865 0.07793900544229562 0.1323266565339754
3 0.8260490238769812 0.6582302243549276 0.08657739546082902 0.1116695541766104
3 0.7306943730586745 0.5653641741072587 0.08210815027015243 0.11770123035529281
3 0.6472245863133675 0.8940477921803891 0.08210815027015243 0.11770123035529281
3 0.5568674926587878 0.5236196681114026 0.08679565027015243 0.1179195541766104
0 0.6439533196079626 0.42751310959156597 0.08739585099579195 0.13510705417661056
2 0.6458530923886354 0.6420122572342011 0.08443454210278442 0.13964900496239868
3 0.619689962706539 0.15876095553879005 0.06774554990733286 0.10845250889134017
4 0.623439956083117 0.20823441666366055 0.08218256134007813 0.16450345574818703
9 0.8491368050951744 0.7813787799792802 0.07607640507947586 0.12366013192686935
9 0.7540599180718658 0.7926009162493758 0.09161955952597971 0.12204412799792799
9 0.6276611422959681 0.5355246627347191 0.0739509098887993 0.12980097001621066
9 0.5568625142583342 0.6582129919327201 0.08262650544229562 0.1325449803552928
8 0.4637895821370163 0.7689085893276862 0.09295637023308564 0.16032537799792798
6 0.4846403509109739 0.21663761393479217 0.07430557395394981 0.13995722001621064
9 0.4621254554501448 0.32357681864952187 0.07270586841898705 0.11648333271265772
9 0.47243298367311315 0.4093516528099217 0.08038195916315978 0.11294095574818712
7 0.46290916153326184 0.5028105543814982 0.10013395317271012 0.18717897642635145
11 0.29505700653860395 0.2899722983856422 0.08344496097725837 0.1559824803552928
3 0.3873958178786821 0.13307378908001727 0.06771826805616729 0.10767125889134013
5 0.36270331960796265 0.41441368031251163 0.08489833357259666 0.15293025496239868
0 0.35655003412860015 0.5009868810982999 0.07912948320977709 0.14408179383752823
9 0.27486352450995327 0.5097026015287953 0.08391618693064133 0.12480525496239885
2 0.2612052738769811 0.6319222038861602 0.09364585099579185 0.13539815260503385
9 0.23012391026731746 0.7376798982618077 0.09469991950744613 0.14324703990858687
6 0.24093004564616352 0.11451422601206669 0.08802333357259676 0.15307580417661043
10 0.2116120786784553 0.1921833076912671 0.08429069836338669 0.18020123035529284
1 0.2086656387525891 0.2765583076912671 0.08914188947037927 0.18510705417661039
3 0.1670783063611187 0.5038999036384911 0.07731152286549073 0.1143579065339754
5 0.16538434238863536 0.6196340655491499 0.09739833357259675 0.15351245181924558