5 0.7742773164531703 0.1512823463561045 0.0648124546240684 0.13114336179556507
3 0.2748444221339522 0.3049702753125615 0.07248405405833439 0.1071974303072194
3 0.3633478650505558 0.40417415634542025 0.0725113251355732 0.1118849303072194
3 0.7029694221339522 0.319920729751216 0.07401928298109546 0.10256449400955026
3 0.7857455606976338 0.32906260597475134 0.06703348477649378 0.11013145734906135
1 0.6264750998270493 0.30552835833700404 0.07907494252382001 0.16600943511654281
11 0.25725642545360194 0.5075223564380875 0.08357609016268785 0.1341418762235353
8 0.3238803231906656 0.6067435956383143 0.08835449375348406 0.14993056733052795
9 0.721932003810629 0.552661307881517 0.07475508118569749 0.09477927586071573
9 0.8110939768796577 0.6729862207655414 0.08267666549465283 0.11380209437236992
9 0.6316513956939602 0.7589261768486584 0.08026019262201593 0.10122024881887377
9 0.34024514569396025 0.7487500463639536 0.0693772347764936 0.11021330290255768
9 0.2300570794371816 0.7503720553496284 0.08501132513557322 0.11232143992586625
9 0.12380253425764179 0.7474429735911302 0.08342609923787422 0.1083606262235353
7 0.19890655250621023 0.8664955631541768 0.11020222267624522 0.14600695916315978
2 0.5191236037358743 0.8940873721320021 0.08742325282867043 0.12412203547936258