3 0.7504560341176185 0.35028760006611315 0.08143839867609248 0.10869997060135787
3 0.6627612890800172 0.42518470149102267 0.06737589867609231 0.10796298620519007
3 0.32432802770747776 0.3037955438708206 0.06595894789030421 0.11100609905006031
3 0.23873513006484265 0.28995769391624915 0.06334337014004517 0.1217798247398008
5 0.2549122859796454 0.1185706948207603 0.07279114474715102 0.12383364767057933
11 0.8649317187733564 0.5659302894598065 0.09339474317557439 0.131148180687266
2 0.7628961838271683 0.5504513743763726 0.08976032092583335 0.12004690637700666
2 0.574251060791639 0.5327714721832375 0.08318498924663302 0.14619997060135786
8 0.6899189102535198 0.6401479601974499 0.0965754011572919 0.1492397614199607
9 0.29410979652361535 0.5251039778374471 0.08449062406898662 0.10730124491161738
9 0.8890392686067405 0.8158041367008444 0.08712547249741007 0.11367407564431176
9 0.7807901209641055 0.8007789229968918 0.08694353597964533 0.10976782564431176
9 0.6716141741072587 0.7825877657153738 0.08187504631872748 0.11807497060135788
9 0.3794437907326471 0.7509095612836753 0.07853172249741007 0.11322369629109837
9 0.18825586455396467 0.7455658847802805 0.08143839867609244 0.10869997060135787
7 0.8082687657112565 0.918845112080801 0.11854244644256191 0.1623097758383981
11 0.48061680065744455 0.9151977905914602 0.10425946856846871 0.13015889077317447
1 0.40276124276128966 0.2977745952048731 0.09839476633493831 0.1883022614199607