3 0.2592367226375228 0.29918134680198727 0.074812971505869 0.101185770979043
3 0.34001200983808105 0.3822796722321481 0.06153172150586901 0.10110850292686617
3 0.6852226905253472 0.29279797395279145 0.060873302238563555 0.10344770774732641
3 0.7698842955683013 0.28683834456249213 0.05688184305716657 0.11670168667008758
5 0.7648703262101388 0.11426390779420866 0.06711998021229633 0.1183232740041051
11 0.13140389247065504 0.5029881237329586 0.08689689167768551 0.12312440349260037
2 0.23234891678091452 0.4992767955723233 0.0855424315917773 0.1121823583130606
2 0.42145236035847944 0.49739561212368955 0.07603795680654776 0.13946247579950324
8 0.29910596958530505 0.5965148890546608 0.09166295680654794 0.13955337939029935
9 0.7015968837642278 0.5168530974893584 0.07867827792830404 0.10042724687674198
9 0.08947758480502448 0.7515937953759316 0.08130863297125823 0.10590963241536144
9 0.20061980269284882 0.7470421298812787 0.08114485866099877 0.10278463241536144
9 0.311062657735803 0.7409325095661656 0.07690773801421233 0.11135111133812252
9 0.6033729884684976 0.7368888624182771 0.07427738297125827 0.10586872579950324
9 0.7916985040723299 0.7498514289696434 0.07637547150586883 0.10119486133812253
7 0.16947826605811747 0.8643750756265526 0.11073718340079956 0.1607516685197151
11 0.49218210368821697 0.8913950761175318 0.09853375452255583 0.12163008118569749
1 0.604709674921515 0.2792081726249316 0.0899267164174864 0.18093690349260028