10 0.6375289140276805 0.1817261050025071 0.0684607406906352 0.17888145734906136
7 0.2837975760661788 0.4777876609851077 0.07538290268936265 0.16975199400955035
11 0.8472697300684059 0.47452369629483415 0.07811700401813546 0.13626737141421189
4 0.3734060634149962 0.5887673118034142 0.07139483668840807 0.16258433475372308
9 0.7637770720878141 0.6204661680718658 0.06992269601368122 0.10318205290255769
9 0.569271999403224 0.49517353530972646 0.05738633334659031 0.09962054328391083
9 0.3648134080999045 0.7234969758685649 0.06754258334659032 0.09997520734906136
9 0.1729429867520415 0.6231224975529293 0.07314769334818116 0.1118849303072194
9 0.19860441605663376 0.4104216009109739 0.05984826201463567 0.10985863883740717
3 0.4598680853755435 0.2950048989193901 0.059730083346590315 0.09970238883740716
3 0.3790549847230883 0.40255699329176 0.05982099001431749 0.10751488883740716
3 0.3068339920432708 0.308164641747814 0.06773348734881743 0.11638145734906136
3 0.23690220536281684 0.2090029446503716 0.05198121801399935 0.10489832032575279
3 0.6651941214194506 0.6114036813187097 0.06991360534690845 0.10240080290255768
2 0.4684089334022696 0.49166164411006663 0.07574598201781732 0.13384177586071572
2 0.577495221435359 0.7317013123515684 0.08100564668204484 0.11606399881887378
5 0.6829287034531764 0.8593228261465665 0.07953405334977201 0.12382193511654264
0 0.5633481687221338 0.389087226416719 0.061501668682362974 0.11772570253973794
5 0.8025362960295895 0.1900321344066018 0.0701317813494537 0.12115080290255764
1 0.3881010786919079 0.17246026552427862 0.05739597135581711 0.16756201143274535
11 0.15628438745222178 0.870679543832065 0.099128938017181 0.12997273139567866
6 0.21597263470717998 0.2910168364830036 0.06793348201781732 0.13356895734906135
8 0.364969044119949 0.8712077895708958 0.08596586668522646 0.13966518992586643