3 0.4683461290145294 0.21361550976255733 0.08052406094499087 0.12074429205628183
3 0.5509295776804769 0.29201724483363856 0.07065773801421234 0.11131474990180416
3 0.37069212177844013 0.40787456987101595 0.08196705223856356 0.1035704275949012
3 0.5415225209193575 0.5162223592950191 0.07427738297125827 0.10586872579950324
3 0.6272962466090981 0.5188473895456402 0.079868963703953 0.10824429205628192
3 0.7330604884684976 0.7361343626146688 0.08212750452255584 0.12153463241536144
3 0.5434956201965605 0.8809433894474443 0.0818408994796016 0.11606588241536145
3 0.4421046178217113 0.7292359645830175 0.08821373021229632 0.11844599385167989
5 0.292622432723431 0.2880529492613153 0.08895071460846404 0.1325084938516799
5 0.7542250802824687 0.8687832361512356 0.0988203595655099 0.12709883118569748
2 0.38230348767552813 0.11180354576871498 0.07669637607385331 0.137123270979043
2 0.3081223592268256 0.09661488300453665 0.083355811849502 0.14497213241536144
8 0.7104318097017954 0.12473377518245547 0.09182673111680746 0.14267837939029934
8 0.5495187273872212 0.6020871364223822 0.09523833615976152 0.14816531010845857
0 0.424087200929255 0.879295051917035 0.08672979534115868 0.1348386083130606
0 0.4668234933297377 0.3916950579671593 0.08915875452255584 0.12157553903121973
4 0.6345200056542095 0.27669170580241886 0.0905475141334943 0.1629772438516799
1 0.2626472484181203 0.47254612392935036 0.08305924072774591 0.18402099687674198
6 0.8061936097926525 0.2944372211241211 0.0938838760738534 0.13722326492891881
6 0.4651967955683013 0.28861096458301755 0.07562852103089916 0.13164997579950324
9 0.7134129675491401 0.2168758233870574 0.07505531094499088 0.12071247579950324
9 0.546533084012055 0.12256326288581532 0.07255110866099876 0.10273463544042354
9 0.219703911126705 0.2189671268562166 0.07234306874690696 0.11366759026088377
9 0.46179075531552527 0.5026280127876195 0.0722611815917773 0.11210509026088378
9 0.3477581535519315 0.6368444523845733 0.09113069029820453 0.12939712939029951
9 0.6497677108788777 0.6116570582617469 0.0748096494796016 0.11602497579950324
9 0.8280365530315331 0.5184605284039093 0.08800901232447203 0.11453974385167989
9 0.796392563885667 0.2281082391762978 0.0755908994796016 0.116029520979043
11 0.14495405811991577 0.6020977894240032 0.09663706184950205 0.1450494004675381
11 0.7306425746282592 0.5885371999486864 0.08878694029820444 0.12938349385167988
7 0.18935359057077567 0.38081314188333126 0.10074138568479167 0.17865678600615756
10 0.09916576605811747 0.8647841417851353 0.1137802962456698 0.15920734923787414