11 0.7953125 0.14140625 0.0765625 0.1234375
11 0.22421875 0.11875 0.0640625 0.13203125
6 0.63515625 0.1234375 0.06875 0.13671875
6 0.403125 0.115625 0.0609375 0.1359375
10 0.55546875 0.10859375 0.0671875 0.1546875
7 0.4703125 0.17265625 0.06640625 0.1765625
9 0.8109375 0.30625 0.0734375 0.11328125
9 0.725 0.22578125 0.06640625 0.10078125
9 0.63984375 0.2296875 0.06875 0.103125
9 0.47578125 0.29296875 0.0578125 0.1109375
9 0.3890625 0.2109375 0.0625 0.11875
9 0.31328125 0.2140625 0.05859375 0.115625
9 0.23046875 0.21875 0.0578125 0.10546875
8 0.3140625 0.1078125 0.07421875 0.1296875
8 0.5734375 0.49375 0.07421875 0.12109375
9 0.4703125 0.5 0.06640625 0.1109375
0 0.85 0.51171875 0.07421875 0.11875
0 0.6921875 0.8875 0.0765625 0.1265625
3 0.3890625 0.5359375 0.0609375 0.1109375
3 0.88203125 0.740625 0.071875 0.10546875
3 0.7796875 0.740625 0.06953125 0.1203125
3 0.6671875 0.7515625 0.0796875 0.0953125
3 0.5828125 0.75859375 0.06953125 0.103125
3 0.2765625 0.7484375 0.071875 0.11328125
3 0.17578125 0.73984375 0.0671875 0.1
5 0.896875 0.87890625 0.0828125 0.1234375
5 0.15 0.8796875 0.0875 0.134375
2 0.80234375 0.88203125 0.1046875 0.1390625
4 0.59609375 0.8859375 0.08671875 0.146875
1 0.4765625 0.86640625 0.078125 0.1609375
2 0.484375 0.40390625 0.07421875 0.125