3 0.3616624285723701 0.15657970714523217 0.07174040665497756 0.13020647840327398
3 0.5173163648553779 0.24371561623577223 0.06842449188232518 0.11910520409301446
3 0.5052236935899038 0.35412084972742885 0.062024487418098316 0.11018390547249553
3 0.6859027236216759 0.2619344289897855 0.055225062499176046 0.12309666327441153
3 0.6843151298729115 0.44248506614491523 0.05826824188232518 0.11857293758467105
3 0.42996677476006157 0.5441040405914602 0.06284664772652385 0.11256859905006031
3 0.49523149026406266 0.6577814382620396 0.07660518465815472 0.14060838986866314
3 0.1871788514626973 0.2522186765033946 0.0729210771096728 0.10841336555840372
11 0.35028677759943544 0.31550432779201854 0.07348018465815472 0.14044461555840373
11 0.41016714895093037 0.9168454997728575 0.08424040665497756 0.13086157564431175
9 0.10927857914485824 0.7728343916776854 0.0787171095770769 0.12744997060135788
9 0.24317984091268574 0.5382247755534549 0.0739341521907507 0.1217355591359686
9 0.24348557833078405 0.43111163839832517 0.06066653896022585 0.12182076831736577
9 0.4215696680223585 0.4427905240831169 0.07152221834337488 0.11770647840327406
9 0.6163793819015064 0.3474348377416413 0.06295574188232518 0.11881859905006031
9 0.8035679159937636 0.554300070667471 0.07394778896022594 0.1225168091359686
9 0.813391155036715 0.6635079743309441 0.07413870373287815 0.13345430913596862
9 0.6103734748427871 0.781110474896771 0.08033415665497756 0.13065685775648764
5 0.17117597605730786 0.317846998529662 0.07164494926865136 0.12473772840327398
5 0.7642459119332786 0.25352878674627305 0.08193756696340308 0.1330824949116174
0 0.6817255125819017 0.14285688036926641 0.0713955332781829 0.1551655348257091
0 0.41878340746905174 0.2440254754625979 0.06355575973923262 0.1531935990500603
2 0.39484393222911335 0.7643412974888653 0.09244837296975747 0.15392726141996071
2 0.5252018137235828 0.9119267056748942 0.09839836404130367 0.13706731004047973
4 0.824585979307014 0.7837352651495471 0.10041087743398443 0.1629304471956093
1 0.2830006769541076 0.9000154466297825 0.10015177881395614 0.14808669719560968
7 0.6056952520318901 0.42194351481086273 0.07839950973923263 0.1539715270237929
10 0.2096740454596382 0.7554189196059896 0.10261825973923262 0.15524077792830404
6 0.3384259314150392 0.4126283112836752 0.06727109496658024 0.14246081693788462
6 0.5996753027632389 0.5428325469230384 0.0758239346581547 0.14056744629109835
8 0.14135428815274223 0.5031736668924562 0.09609552434972923 0.139288229307785
8 0.7135785211099088 0.9163253578680293 0.09472393912238175 0.15014384215265544