9 0.19930361612134195 0.16108356716790112 0.06832818874502422 0.10655152837152992
9 0.2584424886684745 0.3485213826864496 0.07092660672980182 0.11286972453146404
9 0.3564926695048333 0.4184821931904331 0.07833985870696818 0.12244931301126591
9 0.4540693009492145 0.6491759152146146 0.07853085969555132 0.12713681301126592
9 0.7087090855124446 0.42560934923384774 0.06695668973360736 0.11119356426490726
9 0.8101124180219585 0.424658266164322 0.07814885771838505 0.11776181301126591
9 0.6883634575281045 0.21354961843417763 0.06306502718603717 0.1305884219450392
9 0.523948130455798 0.23841792313217341 0.06289127224312133 0.10717365399835055
11 0.5575921848650536 0.8917475116119755 0.08741111117842593 0.13441811559769085
11 0.26623644813656433 0.1567885237526764 0.07872186068413445 0.13182431301126601
8 0.16688634144394365 0.4379355721824661 0.10635211216700924 0.13965118487716294
8 0.3414486482502951 0.3173826944440744 0.09531911167271767 0.13698918613080419
10 0.6014855400376187 0.2071201105166188 0.08340670209089715 0.17019649122451136
7 0.5521500207974277 0.5092305283050229 0.0942487015966055 0.16817098997087018
6 0.6309050790866539 0.3929128580093364 0.08828786167271759 0.13678459765100204
6 0.8896088474126238 0.8819001163226066 0.09954369665368965 0.14491534639736087
3 0.1942287969577008 0.2280437466347877 0.07202619171077371 0.12070495658477523
3 0.4334411941822317 0.14292591521461462 0.06899669220506546 0.12295777837152992
3 0.7521447732317046 0.13191082501895293 0.0626511917107738 0.12043217194503919
3 0.7971574787826429 0.31737696357789724 0.07883460722409338 0.11544079506457736
3 0.44441979794628395 0.2400055036944167 0.08136935821267652 0.12019649122451134
3 0.7424314639910762 0.6403992749398106 0.08494002718603717 0.13122491943775677
3 0.6780254071847247 0.7641573721951014 0.07912110870696817 0.12247204506457728
5 0.561491823192336 0.7576452962517115 0.08728377718603716 0.1312931155976907
5 0.4476362757403436 0.529599201107992 0.08946835969555131 0.12745506175762475
4 0.34860982121516965 0.742087177751027 0.10174286661563361 0.1605858105039836
1 0.24075485334412278 0.8911120479675713 0.11704953163466154 0.1532279515702104
2 0.17137615916189108 0.7587792695960414 0.1084093606841345 0.1326881310370968
2 0.5296662312541007 0.32129861929210746 0.08796952669174588 0.12897209765100212
0 0.5220116042583438 0.1142901013454188 0.08033078163466172 0.15215954506457735
0 0.44158791110187645 0.38116170110799197 0.08039444863085592 0.15372204506457737
3 0.6210724812541008 0.32395826952953427 0.06826452174882984 0.10498902837152997