11 0.20323671561506956 0.12858094414339177 0.06682643692972227 0.12210737336031982
11 0.7786724734988543 0.0835617774780782 0.07878157627239588 0.13287777702379294
6 0.3676258707253126 0.10041059927720293 0.06940657627239588 0.13238645409301447
6 0.6027275693385418 0.08574283243017529 0.06973388459302096 0.14644895409301445
8 0.6862304003605904 0.07745561963073355 0.07176851006798621 0.1332905348257091
8 0.4397444453821879 0.47678166949444806 0.07989013459302097 0.14698122060135788
9 0.275731271085903 0.21864602216255294 0.05805084897381949 0.11384449400710617
9 0.19624509925816 0.2986854042293 0.06878832722232646 0.10582395409301446
9 0.3631403521079516 0.2101540914752868 0.06008547444878483 0.1006860747398008
9 0.5303473423243059 0.2694428030315331 0.06891561379145834 0.11129270409301446
9 0.5422336657469101 0.47766806083344926 0.06911563554295164 0.11988645409301454
9 0.7135248246568754 0.3427563930364819 0.07445709897381966 0.1147043091359686
9 0.7761124775829169 0.17521368894346745 0.06884287860909737 0.10816770409301446
9 0.6167011099917363 0.18200367876670215 0.06261106240468753 0.10862140547249544
10 0.4463320989738195 0.08768154794315046 0.06844414152687506 0.1580858169378847
7 0.5213879567813543 0.1533641016520521 0.06273965539458341 0.18119576831736567
2 0.527242485751042 0.37129190807448725 0.08245143692972227 0.12292624491161738
2 0.3418362350854519 0.605500891000317 0.09019120174736113 0.120210680687266
0 0.16521722406753514 0.5115063087972843 0.08374183320625014 0.14484218848918218
0 0.33014089456409795 0.8759738432843092 0.08337815729444457 0.12921718848918218
3 0.6265911351617018 0.5060995980340076 0.07656445963114589 0.10467088986866316
3 0.14392802478871589 0.7394608904344901 0.07670992999586819 0.11092088986866315
3 0.23980356924163257 0.7250498303940104 0.06915200313413203 0.12144895409301455
3 0.35433884792697984 0.7393845680695386 0.0744570989738195 0.11470430913596844
3 0.4405101244281255 0.6104982502271425 0.074366179995868 0.1107980591359686
3 0.7465263479269797 0.7188308921319708 0.08561280452090295 0.1246525192218769
3 0.8430376720151742 0.6981288885139261 0.07672811379145869 0.11170213986866315
5 0.12585278485670212 0.8702538670287417 0.09446112765916678 0.13604039857509065
5 0.8720920052214243 0.8374027504542851 0.09520601006798621 0.13451884215265544
4 0.42845110799496605 0.8653462025111349 0.08792084014010423 0.15676565637700648
1 0.541858991353716 0.8312434401866629 0.08029017809600703 0.16416872060135787