3 0.3765625 0.13203125 0.06640625 0.115625
3 0.52265625 0.12734375 0.06953125 0.1109375
3 0.43046875 0.30625 0.0671875 0.11796875
3 0.5328125 0.38671875 0.06953125 0.115625
3 0.8140625 0.5015625 0.06640625 0.11328125
3 0.1625 0.41171875 0.06640625 0.0921875
3 0.13359375 0.53203125 0.084375 0.11171875
3 0.30546875 0.86640625 0.0765625 0.1078125
2 0.30859375 0.621875 0.10234375 0.12890625
2 0.6234375 0.884375 0.103125 0.13828125
9 0.36015625 0.38046875 0.06640625 0.11171875
9 0.52734375 0.63203125 0.07421875 0.115625
9 0.60625 0.60703125 0.0734375 0.11796875
9 0.8046875 0.73828125 0.08046875 0.12109375
9 0.51875 0.50625 0.07109375 0.1046875
9 0.2171875 0.7515625 0.0796875 0.109375
9 0.11796875 0.7328125 0.08203125 0.1203125
11 0.71171875 0.49296875 0.08671875 0.134375
11 0.17890625 0.30703125 0.07421875 0.12890625
9 0.5296875 0.29921875 0.0640625 0.11328125
6 0.19921875 0.115625 0.0765625 0.14453125
6 0.75703125 0.10546875 0.071875 0.14921875
8 0.28828125 0.11015625 0.071875 0.13359375
8 0.84609375 0.88984375 0.10546875 0.15
7 0.43984375 0.59765625 0.0765625 0.1609375
4 0.24453125 0.275 0.08984375 0.15625
0 0.25390625 0.3890625 0.08515625 0.13828125
0 0.4015625 0.8703125 0.071875 0.125
5 0.6171875 0.7375 0.08046875 0.13828125
5 0.6109375 0.2140625 0.08671875 0.1296875
1 0.61640625 0.08515625 0.06953125 0.1703125
10 0.7828125 0.18203125 0.0796875 0.1671875