9 0.8175024362128511 0.30244379143666766 0.07256945916316013 0.11137542069139794
9 0.8166715677938641 0.4156341132234223 0.09092015507947586 0.12283575791755882
9 0.5530951958314979 0.2976499575092121 0.07781995435383635 0.10528454506457736
9 0.5451437642583342 0.6147465292959667 0.08563245435383653 0.10551186559769085
9 0.3327751951137078 0.7512620054767833 0.08805804990733276 0.10792381175762493
9 0.3148362823993196 0.1921968940357277 0.07780259618646843 0.127136813011266
9 0.2393278509109739 0.18658940320692774 0.07384178248413757 0.1254606527447093
9 0.5646477986413885 0.12327208313603273 0.07141618693064125 0.12304870658477532
11 0.6514756760460501 0.11762382521847392 0.08653275544229562 0.13129311559769077
11 0.6313441259690814 0.8729107187919833 0.08860368693064125 0.12354881175762458
6 0.4592980334956279 0.5922697872135256 0.07678573320977708 0.1427163489046432
6 0.11855892769051261 0.7395445701374019 0.10569198320977699 0.14355743487716294
7 0.6677132234214941 0.501916257192643 0.09997026206571746 0.18085284639736088
8 0.6422668232361597 0.2919335034317193 0.09279267912609299 0.15410848997087018
8 0.7465450954686783 0.30060615828799964 0.09426340988879929 0.12917668613080419
10 0.4124875871159758 0.07947114662531125 0.08215527948891274 0.1589422932506225
3 0.8187623797669143 0.1322676837565357 0.0819990228654909 0.11321070533113406
3 0.24313738639033639 0.09984792115361638 0.07755705952597962 0.120105563011266
3 0.7333853857573642 0.20811478140753784 0.08364336841898705 0.11559991943775678
3 0.5612747727806727 0.1975135651893441 0.0722693588003402 0.10278167069139794
3 0.398665645376011 0.2053668322781029 0.06141370435383653 0.10480717194503919
3 0.31137148730131026 0.29141564403572773 0.0769568588003402 0.10291806301126609
3 0.27491808821228414 0.4860294620615587 0.0778745180561673 0.10684704506457728
3 0.20546367224821704 0.8657911698999751 0.09092015507947586 0.12283575791755866
4 0.7378669775978454 0.6161629621280656 0.11030756134007831 0.16398359514371955
2 0.6494815454765275 0.7334617738856904 0.1156845421027846 0.1391654515702104
2 0.7491219030109233 0.8749469287419707 0.12605904691210804 0.14571096826325772
1 0.43788184656498663 0.7138636423863751 0.0983259165122213 0.17846363229073817
0 0.3882935966498046 0.39063674254465963 0.08492561542376213 0.15231866943775668
0 0.38462793802694967 0.272114063077773 0.07708583357259666 0.15131009890464328
5 0.14849694275145509 0.5974108944314391 0.09402779691210786 0.14477895407749272
5 0.47891365136646086 0.27639473462710085 0.07907491950744613 0.14122204506457736