3 0.43296384925815995 0.3036393366088663 0.07000598831649327 0.12187554734245412
3 0.35167944129812534 0.4038307879535476 0.08234233415618064 0.11498974801081766
3 0.4406347981557296 0.4989154739417755 0.07227700313413195 0.11877781934277216
3 0.24460017201517426 0.7387608659691377 0.07182240824437507 0.09924656934277216
3 0.4282874538346535 0.8749421719446389 0.08070709897381949 0.11184656667727211
3 0.6417115613578478 0.7442990572485948 0.07162303970326392 0.12423747867599957
3 0.6203567061157642 0.3975785985837311 0.07938098831649328 0.12198463534372683
3 0.5245317937873265 0.2087984565961396 0.07462075313413194 0.11880509134309047
9 0.19526252108590297 0.23060346797422845 0.07921733415618064 0.11495338534372683
9 0.28341648451677104 0.22410747262891081 0.07594686379145843 0.10866702267663593
9 0.440500326272396 0.12381547660727546 0.06984233415618064 0.11484429734245412
9 0.7666647424005557 0.20363659989659566 0.07125936379145834 0.10861247867599957
9 0.1529354296146185 0.5272699299809099 0.07680084897381953 0.11180111334340861
9 0.35362576063666706 0.5210273786203203 0.08497702488562506 0.1275170200111358
9 0.5340990831093408 0.7541473192632305 0.08094348831649327 0.12200281667727228
9 0.6380936392457643 0.6224331479153675 0.08717530452090294 0.1212942920114541
11 0.1331723627446187 0.7525608313176371 0.09862195079743068 0.14329656134627217
11 0.8396918536265631 0.5880474152212324 0.08276056145475721 0.13295849801081766
8 0.273966789703264 0.12028303862986534 0.08619468597979178 0.1462761106779086
8 0.6428876291777781 0.49265474124764025 0.07758275218420145 0.1453948633434088
6 0.3524405478713891 0.3022319252864567 0.07727362765916679 0.1321136133434086
6 0.5281692061157642 0.3986512972629123 0.08597648043270852 0.13690111067790856
10 0.5420901550133339 0.5938547092616396 0.08644925911805572 0.15721361067790873
7 0.7962645894745142 0.3673991078930958 0.091354964665139 0.1666431546785449
0 0.7434221445640979 0.883778633235232 0.09233558320625015 0.14166133601209055
5 0.3234544834699313 0.8699103212921837 0.09289862765916679 0.13229542667886313
5 0.6956995853904516 0.27713828190645884 0.07229518692972228 0.11955906934277234
2 0.6034724517473612 0.10863427725177648 0.07500261284152784 0.13521134134309049
2 0.6827962758355557 0.09208202924095879 0.07529355357097227 0.14771134134309044
4 0.26049074363482666 0.38066655529918336 0.102292464665139 0.166770424013363
1 0.7226653949453476 0.4620309025700499 0.08614078780340292 0.17751702001113578
0 0.5213035699072226 0.5065728852641851 0.07983558320625014 0.14151588534372692