3 0.1921875 0.203125 0.071875 0.11328125
3 0.43828125 0.3265625 0.0640625 0.1203125
3 0.13671875 0.6015625 0.07578125 0.12109375
3 0.2421875 0.634375 0.06640625 0.1
3 0.44453125 0.75078125 0.0765625 0.11640625
3 0.778125 0.403125 0.07109375 0.1046875
3 0.68203125 0.1234375 0.0609375 0.1078125
3 0.6890625 0.21484375 0.06484375 0.1078125
2 0.275 0.22109375 0.078125 0.1390625
2 0.26015625 0.49453125 0.0921875 0.12890625
5 0.16484375 0.3703125 0.0796875 0.134375
5 0.615625 0.490625 0.0671875 0.1390625
9 0.51953125 0.21171875 0.06875 0.115625
9 0.45390625 0.1421875 0.0609375 0.115625
9 0.2984375 0.121875 0.0734375 0.1046875
9 0.63203125 0.88984375 0.0765625 0.13125
9 0.73984375 0.77421875 0.08046875 0.1203125
9 0.71484375 0.48203125 0.06953125 0.1078125
9 0.78515625 0.30078125 0.06640625 0.12109375
9 0.25078125 0.3921875 0.078125 0.115625
11 0.125 0.7453125 0.09140625 0.1390625
11 0.43671875 0.615625 0.07578125 0.140625
10 0.3390625 0.603125 0.08671875 0.1671875
8 0.5171875 0.62265625 0.08203125 0.125
8 0.625 0.3015625 0.071875 0.12734375
6 0.6171875 0.20078125 0.07109375 0.146875
6 0.71484375 0.6109375 0.078125 0.1546875
7 0.52578125 0.27265625 0.07578125 0.19453125
4 0.54140625 0.103125 0.06875 0.16796875
0 0.321875 0.74765625 0.0765625 0.125
0 0.77421875 0.18671875 0.08203125 0.13828125
1 0.44765625 0.1890625 0.0734375 0.17578125