11 0.2046875 0.14140625 0.08203125 0.12890625
11 0.77734375 0.1265625 0.07421875 0.13203125
6 0.36796875 0.12265625 0.0671875 0.134375
6 0.7859375 0.29609375 0.071875 0.13125
7 0.59453125 0.184375 0.06875 0.18125
2 0.51796875 0.30625 0.06953125 0.1421875
2 0.325 0.6265625 0.0828125 0.12890625
9 0.19140625 0.31484375 0.0609375 0.1109375
9 0.6 0.40390625 0.06640625 0.115625
9 0.7734375 0.22109375 0.0609375 0.10546875
3 0.12421875 0.7484375 0.07578125 0.11796875
3 0.21484375 0.73203125 0.07421875 0.11796875
3 0.334375 0.7515625 0.0734375 0.1234375
3 0.8265625 0.7484375 0.071875 0.1265625
10 0.61875 0.6046875 0.0796875 0.15625
1 0.215625 0.86328125 0.0953125 0.16953125
5 0.31875 0.8890625 0.08984375 0.134375