3 0.2731015138537389 0.14220009377692516 0.07449919396136276 0.12383747579950315
3 0.3641674696019259 0.21825353366846661 0.06581339867609248 0.10504202400410509
3 0.16760295450533272 0.528074482144215 0.08550946856846861 0.1254636083130606
3 0.5478341100058508 0.5039814345287883 0.07747864474715094 0.12073065651766246
3 0.7709955899468588 0.7316513956939603 0.08997864474715112 0.12080337939029935
3 0.792624263439454 0.2899997059988106 0.08183865901517465 0.11372667759490121
3 0.7645976550862332 0.12449288066684558 0.07484379631872748 0.114467020979043
3 0.6737907185684685 0.12111387149346342 0.07413532092583353 0.11602497579950319
5 0.2715133968140656 0.3094421359314029 0.08289389081820957 0.13638292759490128
5 0.6343644613297583 0.3987621485226306 0.08767128205070396 0.12157099385167988
4 0.3459805115774273 0.49890409085005893 0.09683011228216235 0.15052269564707804
1 0.4474808914373821 0.37953140125310514 0.08620298138875011 0.1738920179539809
2 0.3580247090534467 0.757497840850059 0.11116444003242129 0.13967155405833437
2 0.3478043006574446 0.890405789620395 0.11058224317557448 0.12717155405833439
0 0.43153044396136275 0.12096037715080417 0.072555704300445 0.1324175902608838
0 0.5190540227450791 0.2048490429400446 0.07559081306795061 0.14727497579950324
9 0.19518202915521982 0.2309585876286051 0.07377144789030417 0.10821247579950315
9 0.2769949553339023 0.22579384377692518 0.07402615901517465 0.11368122579950315
9 0.35405406906380665 0.31990239207972293 0.08194782092583344 0.1160704275949013
9 0.1583608109965268 0.9001040182485684 0.08521837014004516 0.1192136083130606
9 0.6608029526433059 0.7315110160090732 0.07853172249741007 0.10980224687674216
9 0.7200108629013349 0.3920121787732517 0.07896837014004525 0.11917724687674199
9 0.6172796610820892 0.30039737139526757 0.07377144789030421 0.10821247579950324
9 0.6803917830841613 0.212506485954844 0.08351032092583352 0.1160795179539809
11 0.6047004243166556 0.19809907319066564 0.08416529238978612 0.1301420179539809
11 0.8414086356464139 0.599174718099059 0.0959568169968918 0.13177269564707803
6 0.7380588496667685 0.4942786607210749 0.09070639081820957 0.13642837939029934
6 0.4721129418899389 0.8748348108940256 0.09566571856846853 0.12552269564707785
10 0.6823954704259861 0.8595451124182771 0.10824064722835054 0.16074257816063522
7 0.6481487872179905 0.5940473774453918 0.10834980913900907 0.1630863281606354
8 0.45805248014589595 0.6232859464326449 0.09561221463952715 0.1411431504675381
8 0.4428061999572188 0.2959421964326449 0.09070639081820957 0.13642837939029934