3 0.2046875 0.1328125 0.06875 0.13125
3 0.2265625 0.271875 0.078125 0.12109375
3 0.44453125 0.2125 0.0625 0.11328125
3 0.60859375 0.21484375 0.05859375 0.10703125
3 0.6984375 0.39921875 0.06953125 0.134375
3 0.71171875 0.63671875 0.0765625 0.10546875
3 0.24921875 0.51171875 0.07109375 0.1140625
3 0.77109375 0.134375 0.0609375 0.134375
5 0.16953125 0.30625 0.07421875 0.13671875
5 0.61640625 0.3140625 0.06484375 0.13203125
1 0.4359375 0.390625 0.084375 0.1609375
0 0.70078125 0.29296875 0.06484375 0.14765625
0 0.43828125 0.3171875 0.06875 0.1296875
2 0.5203125 0.50234375 0.084375 0.1390625
2 0.44375 0.6140625 0.08046875 0.1421875
4 0.62421875 0.86875 0.08515625 0.15625
9 0.146875 0.50703125 0.0875 0.1203125
9 0.31640625 0.7484375 0.07578125 0.12265625
9 0.109375 0.859375 0.0796875 0.11328125
9 0.25390625 0.42578125 0.0609375 0.11640625
9 0.35859375 0.13671875 0.06875 0.115625
9 0.59765625 0.4046875 0.07109375 0.1265625
9 0.61796875 0.52734375 0.08203125 0.1078125
9 0.82265625 0.59140625 0.078125 0.134375
11 0.521875 0.13203125 0.0828125 0.134375
11 0.8515625 0.8609375 0.0921875 0.1359375
6 0.1328125 0.62734375 0.0875 0.14453125
6 0.34921875 0.31640625 0.078125 0.13359375
8 0.18671875 0.215625 0.07578125 0.1234375
8 0.7875 0.21796875 0.08046875 0.1578125
10 0.53046875 0.74140625 0.08515625 0.1609375
7 0.646875 0.60390625 0.071875 0.17421875