3 0.20541877108590295 0.23164893403780895 0.06615363649288204 0.09021645472226432
3 0.28790396276527797 0.21710464500658916 0.06339231240468761 0.1058232740041051
3 0.38334374933440996 0.2220188831027325 0.06633547444878482 0.09802895472226432
3 0.46508601823611134 0.30983652478967205 0.05312695963114589 0.10107668667008748
3 0.5388703167730906 0.3914496182720096 0.0627383489738195 0.11128747882456533
3 0.6337976910137849 0.20649738047045388 0.05875936379145834 0.10813975292686626
3 0.7065084924005557 0.20841842877325165 0.05541615824437507 0.09874657220870695
3 0.7792192937873266 0.21033947707604944 0.05561617999586819 0.10734032220870696
9 0.14877917894902842 0.7523614098373121 0.07358492999586815 0.10744486133812252
9 0.25884450997107705 0.7478142895221991 0.08646613649288196 0.09033462939029935
9 0.3642587085843062 0.7448569402843248 0.07118662860909727 0.10508747579950324
9 0.6625325544239937 0.7360894317001179 0.06270198138263901 0.10972497882456515
9 0.46418140092927124 0.5059620910464506 0.05641561379145834 0.1081261173882467
9 0.5469393495425005 0.503136552015231 0.06270198138263901 0.10972497882456515
9 0.7575722974901395 0.7238161697962612 0.07463893692972227 0.11916815651766247
9 0.8503598627446187 0.7490610886105638 0.07685540036059066 0.11371304205628192
5 0.2132838628415279 0.13315234670379142 0.07244065729444457 0.125404520979043
5 0.7811798776591667 0.1267230011783504 0.05463556145475703 0.1323312318496274
2 0.29284407627239595 0.12721998839073093 0.067716789703264 0.12381474990180412
2 0.705216789703264 0.11935138359371182 0.06144860590767376 0.12299713846548568
0 0.3724588410900348 0.12363138007767041 0.06442878875333342 0.1503545240041051
0 0.6237304003605904 0.10966783226585194 0.058832752184201455 0.14485395774732646
1 0.45385365824437507 0.09581038622599047 0.06473791327836817 0.1636357740041051
4 0.5391735624046875 0.10234621165615129 0.062375979482778024 0.16284088846548567
11 0.14247724040378545 0.8844472019917898 0.09278952488562511 0.12708519564707785
11 0.8862272404037854 0.8801201910698918 0.08484973831649327 0.12157099385167988
8 0.2377351890170146 0.881548940087933 0.10071112765916679 0.13181814744247616
8 0.7767976890170146 0.878412766205465 0.10594348831649328 0.12169371369925486
6 0.35830226215527855 0.8917864824388027 0.08713893692972237 0.11924087939029918
6 0.6648243658787507 0.8681252268796577 0.08948268692972228 0.11925451492891881
10 0.4537413955140285 0.8631024253554062 0.08617650218420145 0.14501303903121965
7 0.5595556376302439 0.8773325761175318 0.09099128875333343 0.15050906010845858