3 0.6222792824841376 0.1270327370159888 0.07095239546082902 0.10820338544042359
3 0.6399975505403049 0.23180205024770534 0.0614682680561673 0.10502384328594587
3 0.755238148540872 0.40040712538327855 0.0736780913771451 0.119154520979043
3 0.6862327213136955 0.6163679477883773 0.07351440027015244 0.114467020979043
3 0.5893998721320022 0.5275412762436003 0.07356896397248339 0.116029520979043
3 0.5004812489885098 0.7324509691602038 0.06818205952597971 0.11834145472226432
3 0.3140452411839614 0.7618288760706496 0.09191965988879928 0.12707156010845858
3 0.39565976269868974 0.30302202351312574 0.0644568588003402 0.10113577400410509
9 0.8075570727728236 0.2210605138487643 0.07763890507947586 0.12073974687674198
9 0.6529216803920374 0.40059295686356367 0.077966287293461 0.130114746876742
9 0.5769767392850448 0.3954645744482022 0.07044396397248338 0.11601134026088378
9 0.49798864373154855 0.3926617613146815 0.07844743693064124 0.12152554205628183
9 0.495275327582147 0.22549244203284075 0.07742065027015244 0.11448974687674199
9 0.47201638765628073 0.1409992673648057 0.07280507213985139 0.094154520979043
6 0.8594296299365503 0.49864970354391397 0.09459079210278461 0.13646019564707804
6 0.4175472086998237 0.6390186108471433 0.08942214246560418 0.14502212939029935
11 0.7736558210435429 0.502837233794535 0.08287204210278461 0.1363920179539809
11 0.3971751997141491 0.7490339602814091 0.08399803248413766 0.12390110831306042
9 0.6246876192215953 0.8893918364502547 0.08598711841898705 0.11375849385168024
9 0.9210169821982866 0.875494004675382 0.1071627139724832 0.11622496369925486
8 0.3026711984482047 0.5032214905320302 0.08794148801910043 0.14735678903121965
8 0.7425248390148924 0.28238837840834075 0.08207343393541641 0.1582579275949012
2 0.3168105324841376 0.12525557181592356 0.07700398801910043 0.14729315651766242
2 0.23335073565684775 0.30754537616884553 0.089285733209777 0.14111587939029935
7 0.21635669781523253 0.3800879966803503 0.09536460761921388 0.18098690046753826
4 0.6043329352861788 0.7314929780389983 0.09769843393541641 0.15834883118569748
5 0.7043874989885097 0.733637261020094 0.09402779691210802 0.14270565046753808
5 0.39911470034712127 0.8716765747427898 0.09337303248413757 0.12395565046753809
0 0.2155209172300115 0.6245647045258726 0.08254465988879929 0.12701701795398074
1 0.40307050253188875 0.4928703186926656 0.09476440689357446 0.1637994004675381
10 0.8096925578815171 0.7295633602579681 0.10545637023308566 0.15683178298109546
0 0.31162455779669906 0.4017317134046672 0.083035733209777 0.1410795179539809