9 0.7092444459524141 0.13904394562179395 0.07505863297125828 0.10668242248329012
9 0.642425438150498 0.13318545779665855 0.0698764880142125 0.11205571509696392
9 0.5597733904344901 0.11667584213050178 0.07550901232447185 0.11527617248329011
9 0.7272906818189199 0.30108029545963816 0.079868963703953 0.10910799310014116
9 0.6361090818643484 0.38775022687138205 0.08393898801421251 0.11230117694751698
9 0.2908109492317744 0.27435552313520856 0.08274498021229633 0.11930515340856669
9 0.2602691988930902 0.4996828056026127 0.0794971494796016 0.11690685633066593
9 0.8256894810052657 0.49371603450258955 0.085337713703953 0.10920345048646726
3 0.6317944753510563 0.21688830195245995 0.06617827792830404 0.10106366801906326
3 0.47914086612423057 0.12120542938644427 0.06831398801421233 0.11202844155801359
3 0.3983821890550091 0.11324865341186194 0.06440773801421233 0.11196025771063774
3 0.37934118272343104 0.28295718141503917 0.06971271370395282 0.10893071509696392
3 0.4489156190649067 0.4745349809285718 0.08410276232447185 0.11542617694751697
3 0.1993670776804769 0.29156238839432824 0.08027839947960165 0.11692049310014116
3 0.2514530416115724 0.6083311026805133 0.07349281094499087 0.12148526217486477
3 0.133592754976841 0.7274686607154626 0.09141729534115868 0.1358477711033183
0 0.23769035052039836 0.11137032792374697 0.08574050542706697 0.14667617694751697
0 0.5236744431273389 0.865058795052601 0.09376104534115867 0.135888681411744
2 0.26476634837269175 0.384085079141563 0.08203897331489127 0.15051424310014117
2 0.7363636301461831 0.6045501688364328 0.10655097241038014 0.12674550649282174
1 0.30604420284981904 0.17730324513203133 0.09214763568479167 0.17957049756436802
4 0.8578004596356823 0.8490796444867034 0.13170810266810484 0.15996710957707663
5 0.6409459888071819 0.5039655620987297 0.08895071460846396 0.13346311079489298
5 0.5515271212126132 0.1995565259778776 0.08385045680654776 0.14039890340856664
6 0.46071401345612567 0.27919520738962145 0.08006371551297527 0.15750458279171564
7 0.35117748190977693 0.47780207711296807 0.10320796641748639 0.1821051623370204
8 0.4581500989385187 0.5813071323085437 0.09207239258219672 0.14834777110331848
8 0.3435000214851844 0.7136577564961171 0.0970055540475859 0.15311709172016935
10 0.2082951045927282 0.8658805499205698 0.11813028154634875 0.19875687418757337
11 0.5494811058359236 0.6109343567409983 0.09963923111680728 0.14379663879807011
11 0.5545492226375227 0.2908264082831259 0.0810530054270668 0.14659435633066592
6 0.6345034797620703 0.7460439679429283 0.09618668249628844 0.13749209172016935