3 0.18012397650153705 0.22811532515196692 0.07216023139567848 0.09965667069139794
3 0.27504958530187723 0.12467442491454009 0.06812749582364877 0.11827027837152992
3 0.14778266933781015 0.5061183046979958 0.07973711841898705 0.11548625917119999
3 0.1805678543695349 0.7517885058724947 0.07610368693064133 0.12318509890464338
3 0.2909969228811892 0.7407707863555958 0.07106152286549072 0.1128924565847754
3 0.7970882101746503 0.5964893081297151 0.07321429990733286 0.1074919027447093
3 0.6812053268643568 0.2049503289793976 0.06844495435383653 0.10501176042484132
3 0.7621229993670278 0.1003561057015749 0.06497521397248338 0.11739810015828453
0 0.4320237823993196 0.1887870860390266 0.06579366950744614 0.14083560015828453
0 0.6011830101668011 0.17215821252377705 0.06754714246560418 0.14634981426490726
5 0.26558032686435673 0.2170437813410308 0.07085319173996477 0.12927597453146394
5 0.3854686307784047 0.8738213155850556 0.09178325063297219 0.12520223997087002
1 0.3913516200634496 0.4818611361181689 0.0823462524470707 0.16785274122451135
4 0.6169270281381504 0.39178875092443677 0.074823929126093 0.1535856527447093
2 0.516778205998299 0.4883575255350431 0.08758682395394982 0.1391283476510022
2 0.66696672287334 0.29979982772575636 0.07673116950744614 0.1411538489046434
6 0.17532485989664853 0.29849602131190095 0.06945438284695733 0.13391801042484133
6 0.42973954138499426 0.2988978719324039 0.07357888765628076 0.14028167069139794
9 0.24410708703115783 0.40731944035394624 0.06844495435383653 0.10501176042484132
9 0.23380201489130642 0.5012740288337484 0.06453870435383653 0.10489810015828453
9 0.3900296783234848 0.6091139579049235 0.07232392250267106 0.10434417069139794
9 0.5918277913001763 0.6188513560972864 0.08337054990733286 0.10778741943775678
9 0.6875718225183695 0.7378166532734347 0.0806820595259797 0.12019649122451134
9 0.8120906728811892 0.7256085067969316 0.0891939639724832 0.11810279381093611
9 0.7721229596264961 0.3950775723154801 0.07747521397248339 0.11776181301126601
11 0.518700381581013 0.09807350633471316 0.06473960099579194 0.13300036810497323
9 0.510193422417853 0.20758489865458118 0.06359376324684404 0.10018786810497318
8 0.6932861422959682 0.4847825814866801 0.08973960099579195 0.1337277938109361
8 0.49583327813815037 0.3953122191876946 0.08273563284695733 0.13430445533113405
7 0.3388789284083028 0.2859325221698308 0.08922373502387551 0.18600334765100204
11 0.41321175109630837 0.3922530668386967 0.06516618693064125 0.12286685015828454
10 0.07031734593201443 0.8470902971761485 0.11365081614940158 0.17032452335696496