3 0.376296822137809 0.6199634737402644 0.062186818746907055 0.11590113585581072
3 0.6536671483479479 0.48800488255055113 0.07176985866099876 0.1054366708019991
3 0.7307884910664301 0.3755540783739407 0.06934422150586901 0.10376500889134022
3 0.8116489874483854 0.2746764749831186 0.058611439393693135 0.10716183664159917
3 0.7808925531430747 0.09128393217904765 0.05865238297125828 0.10794308664159916
3 0.5542282338303408 0.18955457403071457 0.06687431874690689 0.1161194596771284
3 0.6288940411572872 0.20957166749673925 0.06177406094499105 0.12289599855225797
3 0.5349193911118586 0.29931271774440826 0.07024830223856356 0.10614514619489306
9 0.8058459605361342 0.8513502909465533 0.08184422150586883 0.10434720574818712
9 0.9051465976912638 0.8482916033953314 0.083775213703953 0.11145123035529281
9 0.30229059757972226 0.22400031038186347 0.0750176893936934 0.10792597001621065
9 0.2751437579134578 0.6325063232021451 0.08019651232447185 0.11751929383752824
9 0.5699682570089466 0.5944967851555851 0.07575467378986112 0.12198847001621065
9 0.7108467260284248 0.18930836332012882 0.05404677012638803 0.10928726282028159
9 0.8284071195151326 0.35534427812627173 0.058775213703953 0.11028683664159918
5 0.16394838760535566 0.8718492671635077 0.09795722241038014 0.12925731451569256
5 0.2007734424459111 0.39397467018282645 0.0728343916776855 0.12574917080199893
7 0.2804819538658718 0.4803252390417452 0.0952350141334942 0.16653899069437514
10 0.3797837545225558 0.10370061890170008 0.07821128844375372 0.16886347001621066
11 0.3890336810259504 0.29514325620525306 0.06880531094499087 0.12322348428423435
2 0.3864619589542545 0.39550712924078224 0.09133873021229633 0.12193496608726928
6 0.4720708310713789 0.205911628207325 0.07176321460846395 0.13505139619489306
6 0.4786671483479479 0.4961556385464072 0.07373847241038015 0.12812930810555195
11 0.47095422489677097 0.603024222706807 0.08430748021229632 0.12160748035529281
9 0.46322917684207887 0.3958474234925953 0.06605544719560949 0.1004944596771284
8 0.5780894527342181 0.8690066335840086 0.08850033525525039 0.12725816687305738
2 0.3576574440277908 0.8620439658823814 0.09113401232447185 0.1180287160872691
4 0.672572035841762 0.7142398968185748 0.08713923111680746 0.14589900496239885
8 0.8812886165744566 0.7068682367699429 0.09836998021229633 0.12226245181924575
0 0.8391133254171693 0.4699697043049541 0.08837750452255584 0.12491441687305738
1 0.6088161572815178 0.08106366852906925 0.07479968340079957 0.1621273370581385
0 0.6400406603337354 0.3774312555860805 0.08672979534115868 0.13808650496239866