11 0.19848616689245618 0.14667262824805852 0.08915875452255576 0.12253924756436803
11 0.7695046737898611 0.10542687622275893 0.07645071460846395 0.13324492248329012
6 0.4339190558566083 0.19260887094445786 0.07949050542706697 0.14656708279171565
6 0.7918344544316988 0.27785130114168105 0.07480300542706679 0.1464852621748646
9 0.20017589891377474 0.31320160917333506 0.07415455223856364 0.10432503571381498
9 0.6130687245580868 0.38810082873782115 0.07628694029820444 0.13011992248329013
9 0.767594693011738 0.18834847037856028 0.07740238297125827 0.10672333279171564
7 0.5981895957707 0.178794012585197 0.07615082146044046 0.18709662540538946
10 0.6518833203287867 0.5766587682672398 0.09671230495209712 0.17730856818121907
2 0.4628341084338562 0.5205293194023304 0.08331819029820445 0.1302426534085667
2 0.3690608542499846 0.6261674391256769 0.1013721494796016 0.1172886858759707
3 0.1710471573930594 0.7570840227281714 0.08541960085908262 0.11076595048646745
3 0.2688295601520214 0.7428657897743001 0.08541960085908258 0.11076595048646727
3 0.386013738125754 0.7556776611224997 0.08278592378986112 0.12008640340856651
1 0.2765712183380503 0.8756646530048249 0.11817786917644835 0.16987789772652384
3 0.8775085193334184 0.7189478595836675 0.08890977103089917 0.1326818607948928
5 0.3805150898893478 0.8894895994341023 0.10149498021229633 0.1196324358759707