2 0.39692935196731655 0.7046558668806775 0.03865995257436623 0.060769904626382674
11 0.4618108993223632 0.7198365819776414 0.04063968152767874 0.0545608149348082
9 0.531433154584035 0.7226127544609315 0.030164913111827295 0.04891478693163087
3 0.5952226387990195 0.7190434695578956 0.03375264469597585 0.043514220779006865
3 0.7912253835373477 0.7209037986961632 0.04092040258848364 0.045980701704283256
5 0.512926807313693 0.6192695661493289 0.034662697312694314 0.059139220779006865
0 0.5919695652062007 0.622990629866321 0.034890210466873836 0.06304547077900687
3 0.6503280967762318 0.6333747508074836 0.0340711631118273 0.04898297077900686
2 0.720739307313693 0.6228969468297241 0.046381447312694314 0.05934377232113448
10 0.30902128633759274 0.5353234399331604 0.07136603676111583 0.08631537540538936
9 0.5828760152909054 0.5338599460189452 0.03043792889684287 0.05360228693163087
0 0.32974403903901583 0.462322316556366 0.04246749203690499 0.07254320170428344
8 0.3901278021931955 0.46727859780595404 0.04683647362105363 0.06715627232113448
11 0.5064507522073128 0.45448036322722957 0.0365892183593818 0.06541649431795715
9 0.5737292574689847 0.4572156254020941 0.030483431527678916 0.05438353693163087
9 0.633513781146508 0.46528326988220703 0.02965667889684287 0.05358865016215582
3 0.6892555469315236 0.4709389805149441 0.03590667889684287 0.05369774431795715
3 0.7583772732540004 0.46512140299823435 0.03907718152767892 0.05453354139585791
9 0.446515039109603 0.39021726582501726 0.029702181527678916 0.054369900162155815
9 0.6870490338479313 0.39285489082336966 0.03452618942018652 0.05679547077900686
3 0.3239050207643387 0.30847061363426664 0.034662697312694314 0.059139220779006865
3 0.4444450339185183 0.3144769261334428 0.029838689420186526 0.056713650162155814
9 0.5577262839185183 0.3164542577073425 0.029838689420186526 0.056713650162155814
4 0.684114478670964 0.30227080113179516 0.05692410516284987 0.10635514001588611
6 0.7326429839326357 0.3046787808392557 0.04682876834526439 0.08042388555165916
9 0.32766778661994145 0.23907573132901833 0.036225197312694316 0.059166494317957154
1 0.5499222182182073 0.22266334739891694 0.044416399887060365 0.1194045649348082
6 0.6631047576807463 0.23634579220334145 0.040897286761115835 0.08578354139585782
8 0.7274857760965977 0.24293275730030536 0.04710948940606911 0.0718437723211343
5 0.4882342893213645 0.1685155896882792 0.03401024992941295 0.07473694724005649
7 0.6594799577654509 0.14731056574229176 0.05011266304124007 0.12340627232113435
3 0.7129990708913956 0.18180434252765298 0.03475370257436623 0.060701720779006776