2 0.31964644165700096 0.7191866996611816 0.038308905472495526 0.06220386838761662
11 0.3829719572608331 0.7369804153897274 0.0403251068519765 0.05609037628012441
9 0.45242132010570335 0.7425926495341246 0.029882251809022264 0.05003009207925739
3 0.5167294815710927 0.7416363652626705 0.033501896766068205 0.04478885523343692
3 0.7129051187262224 0.7514950256024876 0.04065597749876275 0.04754212891096028
5 0.445325872344267 0.63873960744075 0.03432076831736577 0.06041385523343692
0 0.5241092916115724 0.6456791231551783 0.03452548620519007 0.06432010523343692
3 0.5814304686807938 0.6584213178370367 0.033788501809022264 0.05025760523343692
2 0.653138372344267 0.6508433072431058 0.04603951831736577 0.06109639469597585
10 0.25032431083344925 0.5466676865775891 0.07086909995457144 0.08902397362105355
9 0.5248706094539684 0.5563891100009986 0.03012791327441171 0.054717592079257214
0 0.27917300712454757 0.4746862707643388 0.04204805913596861 0.07410462891096045
8 0.3391245392367232 0.4820962233387049 0.04644895409301446 0.06890889469597586
11 0.45708996721045575 0.4740778679640936 0.03621081693788462 0.06675486049510884
9 0.5241955800553261 0.4795535942159831 0.0301688568519765 0.05549884207925739
9 0.5832020878572421 0.4900430441595134 0.029346663274411534 0.05467208944842135
3 0.6384251763918529 0.497961230948864 0.035596663274411536 0.055036110495108835
3 0.7083249185899368 0.4949797150932612 0.0387626068519765 0.055999371018452496
9 0.4041563969932108 0.4075204285439071 0.0293876068519765 0.055453339448421346
9 0.6448632841483406 0.4199727388413718 0.034197937584671045 0.05807010523343692
3 0.29036389190482814 0.3209620312876824 0.03432076831736568 0.06041385523343701
3 0.4104716740170038 0.3318756864364148 0.029510437584671045 0.057797089448421435
9 0.5237529240170037 0.33847356790762384 0.02951043758467122 0.057797089448421435
4 0.6519564891458661 0.32948424673387955 0.05630863297125828 0.10842642100433508
6 0.7003121019907363 0.33386790984570686 0.04636374491161739 0.0821446420651399
9 0.30182037030810205 0.2518858075960416 0.03588326831736577 0.060504860495108836
1 0.5263224033247889 0.2445870600151161 0.04372342378986112 0.12093412628012441
6 0.6382082496613157 0.2628581888554892 0.040400349954571445 0.0872493710184525
8 0.7019841446183616 0.27205815458403504 0.04669461555840364 0.07359639469597586
5 0.4705128165992004 0.18804936270242173 0.033577139868663154 0.0759478499717651
7 0.6444383175037116 0.17388669411716107 0.04939689167768542 0.12515889469597585
3 0.6942402436684219 0.21048361775233207 0.034402655472495526 0.06197635523343701