2 0.615290852701107 0.7096741980475401 0.03760742935348418 0.0607699046263825
11 0.5506553497353575 0.7226184829505762 0.039696511368706486 0.05456081493480802
9 0.4810604327391631 0.722967310467286 0.029317426882026078 0.04891478693163087
3 0.4171889337277463 0.7171615953703221 0.03300084239534584 0.043514220779006865
3 0.22115885072394068 0.7121762662320543 0.04012759288963732 0.045980701704283436
5 0.49776245448799294 0.6200604987788887 0.03363751235728962 0.059139220779006865
0 0.41876070399370136 0.6210269350618965 0.03379667984777566 0.06304547077900687
3 0.360566202016535 0.629392814120734 0.03322367688202617 0.04898297077900686
2 0.28994995448799293 0.6164331180984935 0.04535626235728971 0.0593437723211343
10 0.7002600547920041 0.543069124995057 0.06987610129259422 0.08631537540538936
9 0.4262959727767816 0.5320326189092723 0.02950842787060921 0.05360228693163087
0 0.6782524036131404 0.46919524837185167 0.041209931824942106 0.07254320170428344
8 0.6179369861226546 0.47205146712226354 0.045674597338261694 0.0671562723211343
11 0.5013543225865013 0.4551622017009881 0.035454680342067314 0.06541649431795715
9 0.4341031555903069 0.4555519395261234 0.029540261368706487 0.05438353693163087
9 0.3744416541074321 0.4615467950460105 0.0287271778706093 0.05358865016215582
3 0.3187819031188489 0.46526608441327344 0.0349771778706093 0.05369774431795715
3 0.24953715460172368 0.4570211619299833 0.03813401136870649 0.05453354139585791
9 0.5601828359323741 0.39286279910320027 0.02875901136870649 0.054369900162155815
9 0.31962150292856845 0.3871001741048479 0.03354201186299814 0.05679547077900686
3 0.681398602738288 0.315234451293951 0.03363751235728962 0.059139220779006865
3 0.5609269352478021 0.31704063879477473 0.028854511862997968 0.056713650162155814
9 0.4476456852478021 0.3150633072208751 0.028854511862997968 0.056713650162155814
4 0.3209704387078432 0.2964342637964224 0.05507877224312141 0.10635514001588611
6 0.2724692717116488 0.2971512840889619 0.045434516805913996 0.08042388555165925
9 0.6764192840689385 0.24556683359919926 0.035200012357289624 0.059166494317957154
1 0.4538094550194655 0.22135421752930062 0.0423386917107738 0.1194045649348082
6 0.3408319525480076 0.23110927272487616 0.03940735129259441 0.08578354139585782
8 0.2765466180613273 0.2354598076279122 0.04586559832684482 0.0718437723211343
5 0.5145678828900749 0.16925197523993837 0.032711682319233756 0.07473694724005644
7 0.342898471331088 0.1420194991859258 0.047966609201259745 0.12340627232113435
3 0.2899671309129085 0.17471322240056458 0.03370117935348409 0.06070172077900682