9 0.32421875 0.7140625 0.0375 0.04296875
3 0.509375 0.728125 0.02734375 0.04296875
10 0.58359375 0.72265625 0.0515625 0.0796875
0 0.6421875 0.7359375 0.03828125 0.053125
9 0.26171875 0.63828125 0.03828125 0.040625
8 0.321875 0.6234375 0.046875 0.05859375
0 0.3890625 0.63671875 0.0375 0.05625
3 0.58359375 0.640625 0.02734375 0.0453125
3 0.5765625 0.55390625 0.02734375 0.05078125
5 0.64609375 0.553125 0.0375 0.05859375
8 0.71015625 0.56640625 0.040625 0.06484375
9 0.2796875 0.4703125 0.0359375 0.05078125
3 0.3421875 0.459375 0.03125 0.053125
11 0.5828125 0.46796875 0.03125 0.06640625
3 0.70234375 0.47578125 0.03515625 0.053125
9 0.2875 0.38515625 0.03125 0.05390625
9 0.34765625 0.3890625 0.03125 0.05625
11 0.4671875 0.39140625 0.03125 0.06640625
3 0.51796875 0.3875 0.0265625 0.05390625
1 0.5875 0.384375 0.0453125 0.09140625
5 0.28828125 0.31171875 0.03828125 0.07109375
6 0.64921875 0.32421875 0.03828125 0.08203125
4 0.71171875 0.30625 0.0578125 0.103125
7 0.46640625 0.234375 0.03828125 0.11328125
6 0.64765625 0.24140625 0.0359375 0.084375
9 0.29765625 0.18359375 0.02734375 0.06015625
3 0.3609375 0.1765625 0.0296875 0.06015625
9 0.42109375 0.18828125 0.025 0.05859375
3 0.534375 0.18125 0.025 0.06015625
2 0.5875 0.18828125 0.03515625 0.06875
2 0.64921875 0.18359375 0.03828125 0.07421875
9 0.696875 0.18828125 0.0328125 0.05859375