4 0.41884252368616937 0.7142385377567972 0.05316811559769086 0.0838045703257528
9 0.3563425236861694 0.7164210858500314 0.032659387305303156 0.04952877404661713
0 0.6107141234487425 0.6160391068166057 0.03463106426490725 0.0636458377489479
6 0.5489271772888085 0.6158506230586744 0.03708847453146404 0.06763393330244423
9 0.48828519398185594 0.6281348574495779 0.028594012932123648 0.04392361479078986
3 0.3525068183550354 0.6383506495523623 0.036633833465237055 0.05200893330244423
6 0.7397902065182682 0.5098659739696483 0.04880722453146404 0.0680431610699257
8 0.6113840616911178 0.531554979411944 0.03786972453146405 0.06766121515360979
1 0.40876752705138164 0.5292459788637898 0.047790293810936114 0.08673859736759475
9 0.3444920783841652 0.5510416225105204 0.03748327962517113 0.05437996515360979
9 0.2811653642775426 0.55168895245492 0.039068511678482486 0.055215778855940555
3 0.4708750704666064 0.4598213670682247 0.028889529625171308 0.054079864790789856
5 0.6558063484424249 0.364992472788522 0.040281670691397944 0.07008681070710594
3 0.5293120446023589 0.3717558826773213 0.02826740399835046 0.05952133293962447
3 0.47636890102884966 0.37986104855657044 0.028199207838416562 0.05717758293962447
11 0.3568376510288497 0.38403517178488084 0.03800611685133202 0.0723487151536097
3 0.5345247303374517 0.3090103460168324 0.02826740399835046 0.05952133293962456
9 0.4116638918576497 0.3062623466498046 0.02904865399835046 0.05954861479078995
7 0.34873198284473417 0.29360114474303883 0.05883309389007838 0.11756201143274544
10 0.28319791105797953 0.2990178202409348 0.06579614773014439 0.11546379809323426
9 0.701024257059629 0.22577371616510003 0.03306856426490725 0.06359127404661713
9 0.5325697737526764 0.24182284601683243 0.028131011678482486 0.05483383293962456
2 0.4675214352728744 0.23705598966356298 0.03325042069139794 0.06984127404661714
8 0.40989079169936504 0.24532484664980464 0.03802884890464338 0.0731299651536097
2 0.28957829169936505 0.24952625172928053 0.04427884890464338 0.07334821996293313
0 0.6950721222616083 0.15559762542092717 0.04089543613080408 0.09118056070710594
3 0.6290068530612783 0.16963533276998852 0.029094118104973178 0.06111111479078994
9 0.5835806927947218 0.16731143013758337 0.028381064264907253 0.06342758293962455
5 0.5226431927947217 0.1694394145284867 0.02957149122451135 0.07751736479078994
11 0.46777383636823106 0.16509914411006668 0.029503295064577273 0.07517361479078999
3 0.4181602812745238 0.18012643258465405 0.026818564264907252 0.0633730192372937
3 0.35260347743445786 0.18476185808255002 0.02916231426490725 0.06345486479078999