2 0.609579363575522 0.639475197247004 0.04342634783255335 0.06922271467218159
9 0.4698483601154808 0.6574995859325485 0.03143834239534584 0.04331419533736351
6 0.34379519608503595 0.6464722739497295 0.04098709733826169 0.06685169267186346
9 0.5313853793928527 0.565420626591367 0.03166117688202626 0.04878294533736351
9 0.4700340439175891 0.5762859485996394 0.02950842787060921 0.05344317333704538
11 0.34737779391758916 0.5777131832829568 0.038484179847775656 0.06291817067154515
6 0.6707608971873499 0.4794638505729134 0.045084348326844825 0.07158464600572696
4 0.41167239867022454 0.4754507019414572 0.046262187756440906 0.10049089600572696
9 0.35271389273872555 0.5042484112826388 0.03331917737631773 0.051144876670908876
9 0.2938482287082807 0.4924393019573657 0.03800667737631773 0.05119942067154533
9 0.6673122450199032 0.4107865759070952 0.03735276136870667 0.05431533000477238
3 0.47415249403131987 0.4177194705999576 0.028950012357289622 0.05890283267027261
2 0.4140917445256115 0.41607570194145727 0.038738847832553346 0.06916817067154515
9 0.3632149940313199 0.41901034528168424 0.029731262357289623 0.05891192333704538
3 0.7225846768448451 0.3383025012333228 0.03832501235728962 0.05901192067154524
3 0.6647403433467479 0.33975646057450426 0.03354201186299797 0.05661362667090888
9 0.539772176844845 0.34042971725813986 0.028950012357289622 0.05890283267027261
0 0.4224082633086918 0.3269586579408209 0.034592517300205475 0.08239487667090888
3 0.3684237588600675 0.348670573281366 0.029635761862998145 0.056568173337045294
3 0.7196453606469534 0.2571252265675046 0.03760742935348418 0.06056533000477256
8 0.49054810965837026 0.26447629193191224 0.03293451680591399 0.08003294533736342
10 0.43077386163553666 0.25580127327341184 0.04482702174882984 0.1035977146721816
3 0.3153571086697871 0.27120010128900207 0.03213867935348409 0.06050169533736351
5 0.6008117890118544 0.20306552991727655 0.034274182319233584 0.07458237667090888
1 0.5391712934604787 0.1826990332590943 0.045622859201259656 0.1231289646721816
3 0.48137603950614594 0.20211265193350308 0.027451179353484 0.06044715133672707
3 0.31615028752897956 0.2134057826225475 0.02979492935348409 0.060474423337045294
5 0.6464545528520188 0.1369405432447768 0.03436968281352524 0.07692612667090888
11 0.5379563033463104 0.1358603959261852 0.03046343281352506 0.07688067333704529
0 0.4882109713310879 0.13019219859963943 0.031163769771663397 0.09406817333704529
8 0.4354215523577272 0.14173877327341183 0.03436968281352524 0.07692612667090888
7 0.38256580779493465 0.1165847792807297 0.04753552768032891 0.131740896005727