0 0.6631884056338997 0.6516326184684014 0.0425738402608836 0.06665168969514959
4 0.4733446556338996 0.6527370970965748 0.04271019564707803 0.09008918969514959
8 0.39371169778837733 0.6625757054096354 0.03787724990180408 0.06506191861791066
3 0.3304031767111385 0.6582563649523598 0.03545168667008758 0.05098578307929138
6 0.25543044778837737 0.6633802021881815 0.05113122882456533 0.06045168667008767
3 0.7299759298343964 0.5824917330279777 0.037809072208706954 0.053343168617910844
5 0.5338549087571576 0.5789450730924698 0.03551986436318479 0.06270453307929139
9 0.39556002321853817 0.5774058198710159 0.03312157220870695 0.05331589754067192
3 0.3338412732185382 0.5777648890546608 0.03624657220870695 0.053334078258831144
9 0.7271822070599553 0.5051616185665971 0.037809072208706954 0.053343168617910844
3 0.6529270956236368 0.499343410622879 0.031563617388246715 0.05408805718159222
3 0.3403225564942213 0.4831927324388026 0.03313975292686626 0.056440897540672094
3 0.2755288034691592 0.4921637323406067 0.0362511173882468 0.05411532825883114
11 0.6586680355151783 0.4118070491865605 0.03869486133812252 0.0713164637974506
10 0.5991884963857628 0.39418373283158603 0.04278746369925486 0.10337043969514977
5 0.4078867855151783 0.41326605181883924 0.03557440651766246 0.07207953307929138
9 0.2875561047970191 0.4108410094679698 0.031577252926866264 0.05643180718159222
6 0.5940873850476401 0.32311725390882484 0.03174542456983911 0.0853380571815924
3 0.5293799904338343 0.34693200381062905 0.027671002926866174 0.056409081283893325
3 0.4145044241770557 0.3421313952029809 0.026903388465485633 0.058748286104353474
9 0.35825442417705566 0.34245864812984717 0.027657367388246888 0.054065331283893237
11 0.28710158684303816 0.33271600946796975 0.04104315651766246 0.07211134933607007
1 0.5991334333504379 0.25042918765204625 0.04602609318774995 0.1229198704133089
8 0.47967945140261464 0.264405850121637 0.030132927594901205 0.07673521682251269
2 0.36011183996629614 0.2588512625912277 0.03793179205628183 0.07443691861791084
9 0.29454138212077385 0.2686080576725717 0.03550622882456533 0.06036078307929138
9 0.7082539032962085 0.20604286251647297 0.033162478824565154 0.06034714754067201
9 0.6402442466803503 0.19940704313643637 0.030037478824565332 0.060328966822512695
2 0.5863289063212707 0.19815816052468316 0.03635111133812252 0.07130282825883123
0 0.5284345930895542 0.18443200381062902 0.02787553600615773 0.09156533128389333
9 0.3019720870394299 0.2029376058771736 0.033176114363184704 0.06269089754067192
7 0.3693908703151131 0.1080109252572102 0.04765222570130732 0.1338664607723885