9 0.7828125993513293 0.7250672203785603 0.044469251814098595 0.04371877232113448
9 0.7024976167745246 0.7084894208650276 0.036929570325752795 0.05139490462638267
1 0.5675050578815171 0.715536081984232 0.05310020734906153 0.06729264001588611
6 0.5002084304768554 0.7135838441590966 0.03720238883740699 0.0592074046263825
2 0.4274976167745246 0.7132895637202875 0.03803820253973811 0.06078354139585791
9 0.36715039381636655 0.7088708449698755 0.03283234736759484 0.045857970779006864
5 0.7703721083370041 0.6150609748427872 0.05282738883740716 0.059480140015886106
3 0.44238351759283123 0.6246946680223585 0.03154266587924894 0.053643197240056395
9 0.35962558129516203 0.6277026655867266 0.033023320325752795 0.051326720779006865
3 0.7005109869227921 0.5396712370176517 0.03771082032575279 0.05140854139585791
9 0.5627381684111378 0.5342588084452817 0.029226197730414506 0.05438353693163087
0 0.5049802321134687 0.5368304293864442 0.035131457349061354 0.06697899431795715
5 0.359957908792491 0.5252907317393507 0.04046379809323426 0.06316820170428343
3 0.7483730788480913 0.4551910970017657 0.037901793283910835 0.05687729139585791
4 0.6320933144201211 0.43845933888409083 0.05413691769334754 0.0969801400158861
2 0.5694395469969258 0.45753266721157965 0.04032738883740698 0.05926195170428343
9 0.6218254478152325 0.36828320657884256 0.029308043283910835 0.05672728693163096
7 0.5517485607919239 0.3538718790621327 0.046225213972483206 0.11636138555165924
11 0.5001687026245559 0.3766605426169691 0.03365080290255769 0.06929547077900686
6 0.4302827885594054 0.3677179651002592 0.034114594372369925 0.08257672077900687
0 0.37486860226173624 0.3702486757329963 0.03872024881887359 0.08031479139585782
3 0.7404911130615094 0.2966382573101912 0.037901793283910835 0.05687729139585782
3 0.6139831767638404 0.30040991396516875 0.03178820253973811 0.06067444724005648
11 0.5505927993591786 0.29838949229265754 0.03375993030721922 0.07242047077900678
9 0.7330754279449666 0.21859507792704225 0.037983638837406984 0.05922104139585782
8 0.6755630283077864 0.22819794886820483 0.04310764845605384 0.07180286201270887
3 0.6123363420101172 0.23086502719569363 0.02944445253973793 0.06063353693163087
10 0.5606275090704926 0.20518891721157964 0.04641618693064124 0.12183013555165925
8 0.48754467313564326 0.21662702354224567 0.034032748818873595 0.08023297077900686
9 0.7327009165122214 0.1630990543880919 0.03485863883740699 0.059166494317957154
3 0.673053098000567 0.15632294886820483 0.03343254809323426 0.06304547077900677
3 0.6119519068935745 0.1526991168872681 0.02952629809323426 0.06297728693163096