9 0.3004343964605175 0.7340288542211628 0.03541987041330898 0.046745007414373776
10 0.4941753061014379 0.7245716466930583 0.04726134026088378 0.0683162598858317
9 0.5604679266129426 0.7023345493547966 0.029951120413308985 0.04652217292769336
9 0.29133158635205886 0.6468790227002319 0.03618748487468952 0.04443309091247087
2 0.4194565863520589 0.6416583290122919 0.04249657220870695 0.05484400889724857
3 0.7599861375817228 0.6113726738419145 0.04090680113146803 0.05009284190105419
2 0.3587140081914235 0.5433282583657759 0.042551114363184706 0.06421900889724856
0 0.5618390081914235 0.535051548860505 0.03551986436318479 0.06393250741437377
3 0.6219725322937245 0.5286941195070209 0.03154543667008767 0.052054589923887916
11 0.6907225322937245 0.5258927716744678 0.04331872882456515 0.06190709239534584
3 0.7414765112164856 0.51913609429815 0.038576686670087665 0.05234109140676253
3 0.29732653541698245 0.46846752121735713 0.03624657220870695 0.05458934091247088
3 0.35432142398066396 0.4598936758562619 0.0354698673882468 0.055338757414373774
0 0.49179869808296495 0.4503847301911554 0.031663611338122524 0.07236708992388792
11 0.5434066498783631 0.45609621931674055 0.033176114363184794 0.06383700692008212
9 0.29919304156530246 0.3863407707230656 0.03626475292686617 0.05771434091247105
1 0.366298728333586 0.3695405898867068 0.04595791549465282 0.11278384288963732
9 0.41946918012898404 0.3751884120160975 0.026903388465485633 0.05967608893530461
7 0.48497146028140925 0.35142064817593305 0.03890848477649378 0.10937234140676262
9 0.3003282946885605 0.3128396037268712 0.03546986738824689 0.055338757414373774
8 0.4143680687908614 0.30428566300468063 0.036314749901804076 0.06630809091247106
3 0.48707431576579935 0.30991889768164144 0.027684638465485634 0.05970792243340188
3 0.5417345446885605 0.30300305281483775 0.026903388465485633 0.05967608893530461
9 0.6619379603796051 0.2793506941078696 0.033153388465485635 0.05993075692008221
5 0.7204953489432866 0.2707131817505799 0.043382361338122524 0.07284459239534576
3 0.3109021803253758 0.24989393475351046 0.033153388465485635 0.05993075692008221
6 0.4217215056573407 0.2250610780237087 0.03330792456983929 0.08649325692008221
6 0.48495275868240284 0.21388881467783585 0.03019656010845857 0.08870967292769345
9 0.7209266201187214 0.21052509825248275 0.03548350292686635 0.05768250741437377
4 0.41814198770335986 0.14706341201609746 0.04130223175143151 0.11806159190105418
5 0.5908709605759969 0.1525282089366172 0.031681792056281924 0.07549208992388783
8 0.708008463601059 0.13915943422203786 0.043382361338122524 0.07284459239534576