9 0.2943366171805364 0.6930016080184729 0.03975883346523714 0.051003963797450605
8 0.5704444761143096 0.6789856015755652 0.03984976167848249 0.0541289637974506
0 0.7628676568348374 0.661358260921898 0.05248615399835046 0.05888918667008767
3 0.42957177203681673 0.589118604797019 0.028889529625171127 0.05328408128389324
9 0.4924809489964209 0.6035447191602039 0.028889529625171308 0.05328408128389341
2 0.6235801848106559 0.5722816045024315 0.033318616851332014 0.0712755571815924
11 0.6928757540901281 0.5914315803019348 0.040168010424841326 0.06506646379745078
3 0.42732129875899405 0.5117748547970191 0.028889529625171127 0.05328408128389324
9 0.6124775487589941 0.5128520623479538 0.028980457838416563 0.056409081283893416
6 0.302460039587794 0.4352800116092691 0.042784545064577365 0.07445509933607006
7 0.3651729882550105 0.4161169211519936 0.05454039898378564 0.10264373184962743
6 0.42946280878812393 0.4243021258742579 0.03340954506457727 0.0744005571815924
3 0.4851816113745486 0.4332185836215844 0.028889529625171127 0.05328408128389341
10 0.5503065062016992 0.41641287870292826 0.04576479255729495 0.09634373487468935
9 0.67036059342786 0.43507704117251905 0.03438101167848249 0.05409714754067192
4 0.7305933997752084 0.41121281517662417 0.060790398983785646 0.10268009328594588
5 0.475255030416594 0.36051688182618624 0.033318616851332014 0.0712755571815924
5 0.5448772086298393 0.36404640280522926 0.03177884890464337 0.0720477168225127
3 0.7165930842566599 0.35957759230398717 0.03444920783841639 0.05644089754067192
0 0.30901025329870524 0.2845623941228264 0.04075904381093611 0.08537896379745061
9 0.5332971994586393 0.28821061065075154 0.026636707838416384 0.056395445745273866
9 0.6489903956185733 0.29122704722264325 0.028199207838416562 0.056404536104353475
8 0.7072658968722145 0.28063043568812895 0.03972774122451135 0.07678066861791084
11 0.2996747057268455 0.23217319232742833 0.04034986685133202 0.0713164637974506
9 0.4757598326073073 0.21679415290342513 0.026818564264907252 0.06264544574527386
3 0.5338678493003547 0.22728674618937098 0.02670490399835046 0.058739195745273955
9 0.6999331185006847 0.21653611943135026 0.029094118104973178 0.060315331283893325
1 0.2983729670096166 0.13374478268650797 0.059105878529814505 0.1253227077473264
3 0.4142396594086269 0.16956917407885985 0.026750368104973176 0.060301695745273866
3 0.47439590940862686 0.16991915290342513 0.026750368104973176 0.060301695745273866
2 0.5892480195960413 0.14402933947531685 0.033568669437756785 0.07986930718159235
3 0.6981145542357774 0.15403611943135026 0.03300036810497318 0.06033805718159235