8 0.6747367333801149 0.6609375 0.05434666327441171 0.053125
3 0.536581636139077 0.6734375 0.031939396766068204 0.04296875
9 0.3367454104493365 0.6703125 0.037694751809022264 0.0484375
10 0.19311824118203108 0.66796875 0.07617407564431197 0.08203125
9 0.6003375989385187 0.58984375 0.033911332541716986 0.05078125
11 0.470114510403908 0.58515625 0.03596515547249553 0.06015625
9 0.3475844131628699 0.59765625 0.033911332541716986 0.05078125
3 0.2875100503179997 0.59609375 0.037694751809022264 0.0484375
11 0.6087476424706549 0.50390625 0.040652655472495525 0.06015625
3 0.5434944566950063 0.51171875 0.030127913274411534 0.053125
6 0.4818952154014335 0.49453125 0.03653836555840364 0.07109375
9 0.6637870245374021 0.42265625 0.034197937584671045 0.05625
8 0.6075613579836302 0.34765625 0.040652655472495525 0.06015625
9 0.540783293759279 0.33984375 0.0293876068519765 0.05390625
0 0.4216205359573628 0.3328125 0.03386374491161739 0.0796875
5 0.3088372529406761 0.353125 0.041225865558403726 0.07109375
1 0.6629659102221938 0.24453125 0.05309842378986111 0.11875
9 0.6091891350074231 0.271875 0.02963326831736559 0.05859375
3 0.5496094171195989 0.27578125 0.02951043758467122 0.05625
2 0.25536477216255293 0.2703125 0.05076463986866324 0.07421875
3 0.6613934441433917 0.2 0.034320768317365594 0.05859375
3 0.6080227826780025 0.2046875 0.03041451831736559 0.05859375
4 0.4866357835825136 0.18046875 0.0435596494796016 0.115625
3 0.374265258367743 0.2078125 0.030496405472495436 0.06015625
9 0.31139676616965917 0.21484375 0.03596515547249553 0.06015625
6 0.6597733904344901 0.1265625 0.042413229307785016 0.09375
9 0.5429986482364063 0.13359375 0.028398316937884617 0.06484375
5 0.4918489060383223 0.140625 0.033577139868663154 0.07421875
3 0.436134494572933 0.1453125 0.028152655472495524 0.06015625
0 0.3838283661242306 0.1296875 0.03604039857509047 0.09140625
2 0.32359022896910083 0.13125 0.040113744911617386 0.0796875
7 0.26149634271848227 0.10859375 0.06469102103089916 0.13125