9 0.5974348492410659 0.7075530352482767 0.03175667737631773 0.05112669533736351
3 0.45743193175057983 0.713086514600594 0.03322367688202625 0.04880112667090888
3 0.25508818175057996 0.715440997294729 0.039473676882026076 0.048873852005090514
3 0.7191108724727705 0.5960331852323683 0.042694177376317734 0.051253964672181594
3 0.6678521200013126 0.6083428285725953 0.03956917737631756 0.05121760200509051
8 0.5892005379860901 0.6030109859166402 0.03883434832684483 0.07151192067154533
11 0.4688243709898957 0.6059734485996394 0.035454680342067314 0.06522555800445425
9 0.4036304525108266 0.6153217239417754 0.03322367688202608 0.04880112667090888
4 0.3277855355146322 0.6177660186187295 0.05678585228117754 0.09046191534054522
3 0.26842778156029945 0.6371978186266837 0.03800667737631773 0.05119942067154533
8 0.7284805552862956 0.5193979598981865 0.051334348326844824 0.07165737133990877
9 0.6647045567691704 0.5131121445735497 0.038229511862997965 0.05666817067154532
10 0.5917936387843928 0.5202075765834129 0.05512785178688588 0.08809998400699967
0 0.5253555552862956 0.5217615332590944 0.03414684832684482 0.07145737667090887
2 0.33803196882244896 0.5387779526177751 0.03805309832684482 0.07150283000477238
2 0.7209174060845984 0.43671272923300464 0.05316876235728962 0.059184643340227085
9 0.5902576550960152 0.4429183705840492 0.029540261368706668 0.05422442333704538
1 0.47322932258650124 0.4403757205999576 0.045018022737412976 0.10828521467218159
3 0.3473379846397798 0.4637052272835932 0.03354201186299814 0.05661362667090888
7 0.7302380093543592 0.3421178445655956 0.06858285672980173 0.11168293467536321
5 0.5268437539171517 0.3702535772597306 0.03414684832684482 0.07145737667090887
9 0.40355083395520774 0.3873058119430481 0.028950012357289622 0.05890283267027261
11 0.34787383692095725 0.37389783995068404 0.04030134783255326 0.06918635200509068
6 0.2796504189361797 0.3809387279599109 0.04631126730020556 0.08253123667249973
5 0.40708435224399653 0.3005870619430481 0.0341786818249421 0.07223862667090888
9 0.29335743327063574 0.31284270862509284 0.02979492935348409 0.060474423337045204
3 0.6480714495822582 0.23140815857736774 0.032138679353484 0.06050169533736342
9 0.4697236150955778 0.23894958060154847 0.028854511862997968 0.05655908267027261
0 0.42166811707274404 0.23013820194145723 0.03100460228117754 0.09016192333704529
6 0.35239153505752163 0.22469727128422953 0.03950285178688588 0.08791817067154524
3 0.3043214495822581 0.23540805195736558 0.03370117935348409 0.06051987667090888
9 0.30795312695857585 0.18460862062382016 0.035200012357289624 0.05897555800445433