9 0.3692786607210749 0.71484375 0.02998293667008749 0.05078125
3 0.5090996848233759 0.71875 0.03153180113146821 0.0484375
3 0.7114434348233758 0.71875 0.03778180113146821 0.0484375
3 0.2527320310361879 0.6046875 0.04092043667008758 0.05078125
3 0.3034451033430908 0.61640625 0.03779543667008758 0.05078125
8 0.3823877147794093 0.61015625 0.03635111133812252 0.07109375
11 0.5026911244203296 0.61171875 0.03318974990180408 0.06484375
9 0.5674848774453918 0.6203125 0.03153180113146821 0.0484375
4 0.6432570370863122 0.621875 0.05364769564707803 0.08984375
3 0.7017417027773567 0.640625 0.036232936670087666 0.05078125
8 0.24692745863108922 0.528125 0.04885111133812261 0.07109375
9 0.31103086524694745 0.52109375 0.03626475292686617 0.05625
10 0.383650753810629 0.52734375 0.05207156010845857 0.0875
0 0.45005245863108917 0.528125 0.031663611338122524 0.07109375
2 0.6366848502198328 0.54296875 0.035569861338122524 0.07109375
2 0.2583467476623089 0.4453125 0.051122138465485634 0.05859375
9 0.38878822658507006 0.45 0.027657367388246888 0.05390625
1 0.5059984524827692 0.44609375 0.041252234776493604 0.1078125
3 0.6308711874556545 0.46796875 0.03157725292686635 0.05625
7 0.2534279643866258 0.35078125 0.06470791549465282 0.1109375
5 0.45562172346181207 0.3765625 0.031663611338122524 0.07109375
9 0.578187069871016 0.3921875 0.026903388465485633 0.05859375
11 0.6345188831027325 0.378125 0.03789997579950324 0.06875
6 0.7024512716664141 0.384375 0.04344599385167989 0.08203125
5 0.5786915847999348 0.30546875 0.031668156517662284 0.071875
9 0.6919092022863774 0.31640625 0.027693728824565333 0.06015625
3 0.34079667506081845 0.2390625 0.030037478824565332 0.06015625
9 0.5188898588040398 0.24453125 0.02688975292686635 0.05625
0 0.5673819009585175 0.23515625 0.02786644564707803 0.08984375
6 0.636949512394836 0.22890625 0.03644656010845857 0.0875
3 0.6845466750608186 0.2390625 0.03159997882456515 0.06015625
9 0.683279611730906 0.18828125 0.033153388465485635 0.05859375