9 0.618244539902959 0.7221344647517233 0.030278393340226906 0.05112669533736351
3 0.47835533656909546 0.724413485399406 0.03181362133990895 0.04880112667090888
3 0.2760115865690954 0.722059002705271 0.038063621339908774 0.048873852005090514
3 0.7367138239179128 0.6133418147676317 0.041215893340226906 0.051253964672181594
3 0.6857962139163221 0.6244696714274047 0.0380908933402269 0.05121760200509051
8 0.6069626892505038 0.6173015140833599 0.0367647506763177 0.07151192067154533
11 0.4866320079169584 0.6174640514003606 0.03356702534213589 0.06522555800445425
9 0.42168826058245845 0.6253032760582247 0.03181362133990877 0.04880112667090888
4 0.34588882924891295 0.6259839813812705 0.05417042667886305 0.09046191534054522
3 0.28707690324636764 0.6440521813733163 0.03652839334022691 0.05119942067154533
8 0.7438547092616397 0.5368520401018135 0.049264750676317706 0.07165737133990877
9 0.6798740252625942 0.5290753554264503 0.036592028007635946 0.05666817067154532
10 0.6071450499284123 0.5344799234165871 0.05258065467854482 0.08809998400699967
0 0.5407297092616397 0.5344884667409057 0.032077250676317705 0.07145737667090887
2 0.35383823659295793 0.5471595473822249 0.035983500676317705 0.07150283000477238
2 0.7338808199395481 0.45391227076699536 0.05146305000795408 0.059184643340227085
9 0.6033575259389119 0.4570816294159508 0.027971006007317813 0.05422442333704538
1 0.4862154792727756 0.45181177940004236 0.04187951201463562 0.10828521467218159
3 0.36096094060313927 0.4722322727164068 0.03190452800763603 0.05661362667090888
7 0.7404495406190477 0.35944465543440446 0.06535337468172653 0.11168293467536321
5 0.5378057986155478 0.38287142274026936 0.032077250676317705 0.07145737667090887
9 0.4149677352800934 0.3970691880569519 0.02724430000795408 0.05890283267027261
11 0.3588813672820024 0.3823521600493159 0.03829997867599957 0.06918635200509068
6 0.29083989194782056 0.3878112720400891 0.04392327001113579 0.08253123667249973
5 0.41597679929186554 0.3103504380569519 0.03208634134309048 0.07223862667090888
9 0.30256827995704744 0.31996979137490716 0.028043731341499623 0.060474423337045204
3 0.655030755967547 0.24671684142263225 0.03038748134149962 0.06050169533736342
9 0.4768421213001378 0.25011291939845154 0.027217028007635945 0.05655908267027261
0 0.42851370930141053 0.24017429805854276 0.028389176678863138 0.09016192333704529
6 0.3590551846355924 0.23311522871577045 0.03695565467854482 0.08791817067154524
3 0.31128075596754695 0.2427169480426344 0.03194998134149962 0.06051987667090888
9 0.3134341493077739 0.19195387937617986 0.03349430000795417 0.05897555800445433