2 0.471599210097041 0.7121484585328933 0.033512481341499624 0.06034714754067192
9 0.5356798914305865 0.713338253810629 0.03018748667249973 0.0431414668225127
3 0.6036577320973592 0.7137240731906657 0.03177725867281787 0.0454943071815924
9 0.27158957208781415 0.6453387293155446 0.03878123667249973 0.043191463797450605
3 0.3450543440881323 0.6472552324388026 0.03571987133990877 0.04864203307929138
3 0.40984355008749596 0.6421904825369984 0.03181362133990877 0.048619307181592394
11 0.6026577587523597 0.6277865731906657 0.03815452800763595 0.05646816861791084
9 0.7314367394175416 0.6160991185665972 0.03571987133990877 0.04864203307929138
3 0.3471248267424965 0.5566120517206434 0.033403393340226906 0.0509721475406721
5 0.4087890327418601 0.5515654825369984 0.03585623134149962 0.06036078307929138
9 0.4790378980744512 0.5456876663784156 0.027961915340545217 0.05328408128389341
3 0.6610964200747693 0.5469723895456402 0.03571987133990877 0.04864203307929138
0 0.4702890593968608 0.4652643681738137 0.032077250676317705 0.0712755571815924
4 0.524803836728179 0.4501024556060271 0.03937213001272681 0.0939727137974506
3 0.5844424660645879 0.4724132719610017 0.02796191534054504 0.05328408128389341
1 0.6574436140594972 0.43448602508425954 0.046448833346590314 0.09791987041330899
3 0.2914095340547248 0.4014569191088902 0.03581077800763595 0.05645453307929138
10 0.34821351738540673 0.3815938710024841 0.049637468013999354 0.1034068011314682
9 0.5303629460534521 0.39069109416970865 0.027998278007635945 0.056409081283893235
8 0.2779731953771344 0.3210608919815271 0.04923747867599957 0.0690318011314682
9 0.3397464893777707 0.32538932279788224 0.03349430000795417 0.05878464754067192
6 0.5286362667090889 0.3094456393492484 0.03220452001113579 0.0822130571815924
6 0.575311272040089 0.2919854285768599 0.02833463267822669 0.08531533128389324
11 0.7026822940404072 0.29358831431187105 0.0391085006763177 0.0713164637974506
5 0.2889010573679075 0.25302396428842994 0.03911759134309047 0.0720977137974506
3 0.3451056040340439 0.2487904613615637 0.03036930000795417 0.0587664668225127
7 0.454116977363135 0.21690413622599047 0.04437780334977202 0.12134373487468952
9 0.512937994032453 0.23609449776050484 0.025699981341499624 0.060301695745273956
2 0.694224356699544 0.23816501610726917 0.042960206675681435 0.06665168969514967
0 0.347276084022908 0.16674103064340445 0.03695565467854482 0.08770907825883123
9 0.4669164220241807 0.17542061817381374 0.027289753341817758 0.06265453610435348
8 0.5660079026893626 0.163905880372258 0.02827099801081765 0.07984658128389333