9 0.2727865892345955 0.7191602108079174 0.03880850867281786 0.04642637061225567
10 0.41112238323523176 0.7104491373718101 0.051644863343408606 0.07569633346523723
3 0.4704428392345955 0.7134090013201482 0.030214758672817865 0.04617631802583091
9 0.5308081745703681 0.693689883215175 0.03018748667249973 0.04383256802583091
0 0.5988041965706863 0.6893684445770883 0.03661930000795408 0.059639424452321774
3 0.74328090257005 0.6898505147144904 0.04118862133990877 0.04961956677218957
5 0.27309621924732214 0.6254329428612287 0.04757498134149962 0.06152017319868044
11 0.3459251919160039 0.6084751119032741 0.038981231341499625 0.061270120612255674
9 0.4098786039147312 0.6159860835317441 0.03187725600731781 0.054815532132453625
0 0.609170079248913 0.6039394099373523 0.03671020667568144 0.06745192445232177
3 0.741818947247004 0.6141374608744244 0.0380908933402269 0.05187238855894431
3 0.41234107992523067 0.5385968694251215 0.03031475600731781 0.05477006802583091
9 0.5413473272597307 0.5262523306287502 0.027934643340227085 0.05157687186589684
9 0.30075923726927567 0.4629640351019545 0.03193180000795426 0.05950303213245363
4 0.3495240012730937 0.43342964779665144 0.051944855346908445 0.10147758346523723
7 0.4697365039385938 0.43852266158670494 0.04337837734722676 0.10357128087881247
3 0.6007319652689576 0.45657867663039975 0.03031475600731781 0.05477006802583091
8 0.47759500461491144 0.3672243231069029 0.032077250676317705 0.07200303213245363
6 0.6049023919478206 0.3666439984171544 0.036892020011135784 0.0830769244523216
6 0.30651089262413833 0.30425662483539784 0.03929940467854491 0.08861387061225567
2 0.5962910079567292 0.3012917830568904 0.0383272506763177 0.07218488855894431
3 0.6587910079567292 0.2994732187919832 0.03190452800763595 0.05715928213245362
5 0.7213091892902747 0.29609215452707593 0.04302384134309047 0.07310253087881238
3 0.3104176899665924 0.23697819662215247 0.03038748134149962 0.06102006802583091
2 0.36584098663272885 0.23927047083704728 0.03220452001113587 0.08294053213245363
3 0.4205284866327288 0.2376792271052534 0.025727253341817757 0.06322742570596293
9 0.4831012119669106 0.22961066284034617 0.025699981341499624 0.06088367570596294
11 0.5947017832988652 0.2365162292168245 0.032113613343408606 0.07512803213245363
1 0.7201290446371832 0.19616035068701 0.05767723468331738 0.12429295783841647
9 0.3705472153087284 0.17040681057049056 0.024918731341499623 0.06086094365265158
8 0.4227636959739103 0.17982126299863072 0.03364884134309047 0.0728297462390763
9 0.48842505864100116 0.17478677052047814 0.025699981341499624 0.06088367570596289