9 0.2643208863054508 0.7191602108079174 0.03933591014423614 0.04642637061225567
10 0.4027112390789925 0.7104491373718101 0.05250871058107638 0.07569633346523723
3 0.46197713630545073 0.7134090013201482 0.03074216014423605 0.04617631802583091
9 0.5225516136040271 0.693689883215175 0.03068760875746541 0.04383256802583091
0 0.590574914990798 0.6893684445770883 0.03730128466927098 0.059639424452321774
3 0.7349970622172564 0.6898505147144904 0.04175239532659738 0.04961956677218957
5 0.2657216917762842 0.6254329428612287 0.04827515226045147 0.06152017319868044
11 0.3387234338924995 0.6084751119032741 0.03968140226045147 0.061270120612255674
9 0.40256772834541615 0.6159860835317441 0.03250468189572917 0.054815532132453625
0 0.6019319487101384 0.6039394099373523 0.037483122625173594 0.06745192445232177
3 0.7344171403895133 0.6141374608744244 0.03868194671336802 0.05187238855894431
3 0.40593042410885366 0.5385968694251215 0.030942181895729347 0.05477006802583091
9 0.5350366958603467 0.5262523306287502 0.02852569671336802 0.05157687186589684
9 0.2952669874634718 0.4629640351019545 0.032613784669270895 0.05950303213245363
4 0.34435910410472187 0.43342964779665144 0.05310877583555564 0.10147758346523723
7 0.4644715823532287 0.43852266158670494 0.04456957722232637 0.10357128087881247
3 0.595212436076701 0.45657867663039975 0.030942181895729347 0.05477006802583091
8 0.4731575577519441 0.3672243231069029 0.03290472539871523 0.07200303213245363
6 0.600428572569583 0.3666439984171544 0.03784679853697916 0.0830769244523216
6 0.3028645479682983 0.30425662483539784 0.04031783510611113 0.08861387061225567
2 0.5925810113991664 0.3012917830568904 0.03915472539871523 0.07218488855894431
3 0.6550810113991664 0.2994732187919832 0.03255923328249999 0.05715928213245362
5 0.7176173789903469 0.29609215452707593 0.04386040919430556 0.07310253087881238
3 0.30755335438906234 0.23697819662215247 0.03108765226045147 0.06102006802583091
2 0.3629311854111109 0.23927047083704728 0.033159298536979256 0.08294053213245363
3 0.4176186854111109 0.2376792271052534 0.02645470364722229 0.06322742570596293
9 0.48026415577583315 0.22961066284034617 0.02640015226045147 0.06088367570596294
11 0.5917465164331596 0.2365162292168245 0.032977460581076555 0.07512803213245363
1 0.7176011548259027 0.19616035068701 0.05910485590767358 0.12429295783841647
9 0.3684376094230554 0.17040681057049056 0.025618902260451472 0.06086094365265158
8 0.4205267862847915 0.17982126299863072 0.03448540919430556 0.0728297462390763
9 0.48622452146715267 0.17478677052047814 0.026400152260451292 0.06088367570596289