6 0.2831988260849647 0.676089020228774 0.046676284669270894 0.06044009288963732
3 0.3600886344055897 0.6589068374152489 0.03633819671336811 0.05221375741437377
11 0.41635681820118 0.6558335755522509 0.038863784669270804 0.06012175790866543
0 0.5522943182011799 0.6502945468833387 0.036520034669270986 0.06002625741437377
6 0.6265676195879509 0.644926614564105 0.03964503466927098 0.06015359140676253
10 0.21715821162791618 0.5624841180613271 0.06864285685760425 0.09879959733826169
11 0.2915399625778467 0.5859906022439965 0.04442345364722229 0.06425084239534584
9 0.3597269181249301 0.5738460879095404 0.032377395326597204 0.04971083992388792
9 0.42758656535138845 0.5757640735750844 0.028580248100139018 0.054239172433401706
4 0.6913769616279162 0.5431611847163295 0.06072125408406244 0.09379376235728962
0 0.3025885249825343 0.48017168376492736 0.04229790919430556 0.07353034190105419
5 0.5548413560045828 0.47379571387953306 0.03279562262517359 0.06767958992388792
2 0.6252447749825343 0.4670244490507855 0.04386040919430556 0.07359400889724857
9 0.6773157680486801 0.4766103546782734 0.037173998100139015 0.05458934091247088
3 0.23936313279006907 0.4132826141069946 0.038863784669270804 0.06012175790866543
3 0.48489383833715244 0.39391189570447505 0.028598431895729172 0.05502042243340188
9 0.6795160073151039 0.38207910467827333 0.03255923328249999 0.05752333992388783
7 0.2987037248300345 0.3117400187458993 0.06117584897381949 0.11332501235728971
3 0.4278638947579164 0.32911190806176477 0.027926284669270985 0.05967608893530461
1 0.49497931278593726 0.29593731072350316 0.041045186929722276 0.12030984140676262
3 0.5535724095755553 0.3271117148681163 0.02865298328249999 0.05736417243340188
3 0.6812071003049998 0.30942285467827335 0.03417628466927081 0.05993075692008221
9 0.2560811201566317 0.26508519463934227 0.03646548328250008 0.05768250741437377
9 0.3192350835874998 0.26797543129346935 0.03270470364722229 0.06377333992388783
9 0.4273748919081248 0.24951990855605635 0.02645470364722229 0.06351867193911023
5 0.6149112594993053 0.24031736901272938 0.03766496058107656 0.07568309091247105
3 0.6773567081125345 0.24011443916495373 0.032650152260451294 0.06142958992388783
3 0.43360801453329845 0.1829226575674732 0.026509255033993106 0.06586242193911027
8 0.49719838905833313 0.1670628942216003 0.033159298536979166 0.08330458992388783
2 0.31545873299815963 0.12841818277634415 0.043842225398715316 0.07281275889724856
9 0.38340929920256933 0.1264299184418881 0.028798453647222288 0.06361417243340184
8 0.6719996737276042 0.10140210764402288 0.04391496058107656 0.07593775889724856