6 0.3488979830279778 0.7327263198027769 0.038622138465485636 0.05926195170428343
3 0.4192013926688981 0.7355161290555421 0.029969301131468028 0.0489556972400564
9 0.5622019589256768 0.7325429078694983 0.027607370413308983 0.04578978693163087
6 0.3596087449318344 0.637591097805954 0.038667590260883775 0.06707445170428343
3 0.4900593142136752 0.6429934383083074 0.029969301131468208 0.0489556972400564
1 0.7713684015476927 0.6377464253193686 0.07471417456983928 0.08645174310014117
10 0.3031229164766115 0.5428456136342665 0.056050532981095545 0.10096821063273716
4 0.42268143755385035 0.5402445393639677 0.04351417154477701 0.0945000223211343
5 0.5632337146812134 0.5551991578694982 0.0316363402608836 0.06695172077900687
8 0.6195109857584523 0.5514935052717105 0.03869486133812252 0.07176195170428326
3 0.7537678110904172 0.5741515296214397 0.03859486738824671 0.05457445170428343
8 0.37066948566025637 0.48229962580913116 0.03635565651766246 0.07250229139585791
9 0.4339643711988758 0.48106045413661996 0.02765282220870695 0.05360228693163087
3 0.5590143681738138 0.47464858725264725 0.02765736738824671 0.05438353693163087
3 0.6855314163784156 0.4846702439076248 0.03548350292686635 0.056863654626382674
11 0.7465280037124332 0.47557766192668804 0.04727497579950324 0.06956820616851012
3 0.37900013612779465 0.39337349350388295 0.031577252926866174 0.056795470779006776
2 0.43209331987101596 0.3997695438281945 0.03786361436318479 0.0631545649348082
9 0.5594507054096354 0.39964858725264724 0.02765736738824671 0.05438353693163087
2 0.6219370698710159 0.40308327881066075 0.03323065651766246 0.07244774431795716
11 0.6734904795119363 0.4055458055960221 0.03869486133812252 0.07176195170428343
9 0.3144654583365016 0.33911664163744387 0.033139752926866176 0.056822744317957155
3 0.37155125049097937 0.3307371258091313 0.030014752926866173 0.05676819724005648
0 0.4418910215682182 0.32727693506189653 0.03172724385167989 0.08257672077900687
9 0.4965467053114395 0.3337002589251584 0.02687611738824671 0.054369900162155815
9 0.6130029522863774 0.3271383875769588 0.027693728824565333 0.06063353693163096
7 0.677951241415793 0.3103014894433979 0.052235186571891745 0.11652502678536117
3 0.7348824974659172 0.32848447361508526 0.03627838846548563 0.05922104139585782
9 0.3837154280858806 0.2543791773512588 0.025363614363184704 0.06293637662320543
5 0.7329114521881814 0.2643810633066598 0.04105679205628192 0.07492786201270878
9 0.44267279244906527 0.19290193506189654 0.026926114363184796 0.06296365016215577
0 0.6114636990649236 0.18881622726853325 0.03332156010845857 0.08807274431795711