2 0.33421498524032245 0.6831654613615636 0.04749316534054513 0.05339771077238851
9 0.27192407057609513 0.6655603257247484 0.041215893340226906 0.051017599336070064
3 0.6086888212524129 0.5925121485226306 0.03343066534054504 0.05331589754067192
9 0.5359507552514582 0.5999661002198329 0.03030566534054522 0.0532977168225127
8 0.47133427192077637 0.580812100121637 0.035983500676317705 0.07129828307929138
9 0.3407655245862764 0.590164895104785 0.03187725600731781 0.05408805718159222
9 0.2713251812540037 0.582756916083828 0.03577441534054513 0.05332953307929138
3 0.5377683412635486 0.5108990550402931 0.027998278007635945 0.056409081283893416
11 0.4707808359325486 0.4941024404807166 0.033585206675681434 0.06659714754067192
5 0.3403120859325486 0.4948614854638647 0.0391085006763177 0.07131646379745078
4 0.2779393552673667 0.48428759982704933 0.06369087734722659 0.1027073643631848
3 0.7246149079408208 0.4316923023098186 0.03661930000795408 0.05880282825883114
3 0.6723711552753209 0.42340307933898574 0.03581077800763595 0.05645453307929138
9 0.6083541086091845 0.41986953406125005 0.02802555000795408 0.058752831283893234
10 0.541312059277548 0.40776041950167363 0.0434783746817267 0.11118293969514959
3 0.4785938832750027 0.42687403386485834 0.027998278007635945 0.056409081283893235
3 0.7325734059516386 0.35196389569396025 0.03661930000795408 0.05880282825883114
5 0.6693285186187294 0.3492070552366847 0.0391175913430903 0.0720977137974506
9 0.599815449952275 0.3480490762157277 0.027971006007317813 0.05406533128389333
3 0.29899783728518403 0.35292397033855416 0.033512481341499624 0.06034714754067192
3 0.6637694092934564 0.2898684166730033 0.03193180000795426 0.0587755571815924
8 0.4905319039624563 0.2736899465308408 0.03214088534372674 0.07674430718159239
0 0.42351712663113794 0.2592370819712643 0.032295426678863134 0.0900255571815924
6 0.36101712663113805 0.25960069633444904 0.032295426678863134 0.0900255571815924
6 0.7256977919716832 0.20435764266889814 0.044014176678863134 0.09009373487468952
9 0.6013426819700923 0.21679907621572775 0.028043731341499623 0.060315331283893325
1 0.4861176713080921 0.18309676278761944 0.03885450934913557 0.11662441861791084
0 0.71945742998091 0.13642979928475643 0.03937213001272664 0.0939727137974506
2 0.60305117998091 0.13710703103618793 0.03686474801081765 0.07989657825883123
7 0.5539415179821827 0.1280183773471959 0.039781210017499194 0.12912896379745065
11 0.37958640798059184 0.14075070238457327 0.03217724801081765 0.07986930718159235
9 0.32325459197963735 0.1481092053114395 0.02809827534213589 0.06500283128389332