2 0.32624031126732583 0.6811745379535475 0.04811149810013893 0.05367044000636341
9 0.2641585385659022 0.6639330412953653 0.04180694671336811 0.051253964672181594
3 0.6017507639646176 0.5889303045830948 0.03404899810013902 0.053506808004454245
9 0.528930859804305 0.5968069865929579 0.030923998100139016 0.05347044533736352
8 0.46454170469406203 0.5780302619350939 0.03681097539871523 0.07150283000477238
9 0.3338729329425689 0.5881421532861386 0.03250468189572917 0.05426987667090888
9 0.2645235208984717 0.5811387226289109 0.03639274810013902 0.053534080004772555
3 0.5317850625015967 0.5077353959261852 0.02865298328249999 0.05656817333704538
11 0.46499760600458284 0.4913296932686393 0.03435812262517359 0.06678805800445424
5 0.33452885600458293 0.492847834619684 0.039935975398715406 0.07153919267186346
4 0.2722834291428468 0.4826375879615018 0.06488207722232646 0.10307100334181776
3 0.7195409420606247 0.42744681723427735 0.03730128466927098 0.05901192067154533
3 0.6673972138121178 0.41946214190804965 0.03646548328249999 0.05665908000477238
9 0.6034256327900691 0.4163013265834129 0.028707534669270986 0.0589119233370452
10 0.5365290735195135 0.40458312392586704 0.04476959897381967 0.11142839600572696
3 0.47359266242534687 0.42406037726768486 0.02865298328249999 0.05656817333704538
3 0.728426939210833 0.34767750123332275 0.03730128466927098 0.05901192067154524
5 0.6652184243931941 0.3452888452419133 0.03995415919430556 0.07232044267186337
9 0.5957235419843747 0.3445354145846856 0.028598431895729172 0.05422442333704529
3 0.29486955680201354 0.3511603212921837 0.03421265226045147 0.06053805800445433
3 0.6603503928580553 0.28598657057609506 0.032613784669270986 0.058957376670908876
8 0.4873129363610415 0.27081719859963943 0.0330320119678472 0.07692612667090888
0 0.42047092847725676 0.2567552459420936 0.03334113649288213 0.09020737667090888
6 0.35797092847725676 0.25748249928391137 0.03334113649288195 0.09020737667090888
6 0.7232699265773956 0.2001212485678227 0.04505988649288213 0.09034373667249973
9 0.5987784196435415 0.21328541458468558 0.02874390226045147 0.060474423337045294
1 0.4839535066495137 0.18025583326704847 0.04020938554295146 0.1168426020050907
0 0.7178206667937499 0.13223431456877724 0.04046330547083343 0.09419544267186337
2 0.6014144167937499 0.13358882391791288 0.03779224715020853 0.08010567067154524
7 0.5524138723408332 0.12478653592459436 0.041281576272395884 0.12935169267186336
11 0.37792236540697904 0.13853250461491146 0.03310474715020835 0.08005112667090888
9 0.3215087112466665 0.1462182826225475 0.028853005033993108 0.06516192333704529