9 0.26210929870604904 0.69375 0.03916764001588611 0.05078125
10 0.3938093120987297 0.66796875 0.04830686079489279 0.08203125
3 0.5341752134787014 0.6828125 0.030532979707460585 0.0484375
8 0.6018400004103324 0.65546875 0.03944037540538936 0.06640625
5 0.6690411371798076 0.6546875 0.044018781249588204 0.06015625
7 0.338868441968346 0.59296875 0.060161978489644594 0.08984375
0 0.4680883376662749 0.575 0.034012535713814886 0.06875
1 0.5948417524389272 0.5640625 0.04226141233702041 0.09375
2 0.6579593612052252 0.5734375 0.04410060186643907 0.06484375
3 0.7280263993546722 0.5875 0.03916764001588611 0.05078125
11 0.40271848214638784 0.515625 0.03628810186643907 0.06484375
9 0.46372416599376365 0.51171875 0.02832559740221221 0.05625
8 0.5991122410748415 0.4984375 0.03941310186643907 0.06484375
9 0.6492076984611677 0.49296875 0.028271050324311632 0.053125
11 0.2893747767886565 0.4296875 0.04178412540538945 0.06640625
9 0.650435007713933 0.42265625 0.03379434740221221 0.05625
3 0.2857509448077198 0.36875 0.03219093709378669 0.05390625
3 0.3499225389635211 0.3625 0.03066934740221221 0.05625
6 0.4093248125024715 0.3609375 0.03424436079489279 0.08203125
5 0.5267850478919749 0.3453125 0.03249094602224041 0.07109375
9 0.5861191375835494 0.34765625 0.02754434740221221 0.05625
3 0.4643629143689106 0.29609375 0.026022757710637733 0.05859375
3 0.34748510592692416 0.23359375 0.030710257710637734 0.05859375
9 0.4086135206995765 0.22265625 0.0276125312495882 0.06015625
9 0.4608072662353496 0.23125 0.025940937093786687 0.05390625
4 0.5143959163975055 0.2046875 0.03795574188232518 0.115625
9 0.5789260206995765 0.22265625 0.0276125312495882 0.06015625
0 0.6322964825501296 0.20859375 0.032818228489644594 0.08984375
6 0.29795843871863986 0.16171875 0.03980856818121907 0.0875
2 0.5761788961049661 0.15625 0.02877561079489297 0.08203125
3 0.626260716721817 0.1515625 0.027653441558013726 0.0625
3 0.6785908299523419 0.15234375 0.030737531249588022 0.06015625