3 0.5584282940889261 0.7084365355030776 0.03264517100433508 0.05233710594746519
2 0.28263163353734766 0.7204640654675467 0.05842642100433508 0.053688244007106076
5 0.759445491542795 0.629401889980205 0.04895271046687384 0.06487472749876275
9 0.6842179783886152 0.6215650565339768 0.035952181527678914 0.055625880257724705
11 0.6246532625894823 0.6285686510614813 0.039714218359381805 0.06672715456798421
9 0.5582925152203182 0.625869696968467 0.0325086631118273 0.04999335594746519
3 0.3563127862670056 0.621515310379164 0.03889517100433508 0.05266465456798421
8 0.281676807313693 0.623834726932936 0.05888144731269431 0.061500744007106076
9 0.673235704781679 0.5399875079134577 0.03296368942018653 0.05780585594746519
2 0.6126167231975306 0.5422626588633974 0.044765739406069115 0.07322281603337366
6 0.5555854731975305 0.5392737777011616 0.03929698940606911 0.07293621099041943
3 0.3597570337067569 0.5469247461548128 0.03829593152767874 0.05574871099041943
3 0.7236991653897273 0.45695700192056393 0.03843243942018652 0.058092460990419426
5 0.4850384837914614 0.4646998236081471 0.03681673151356133 0.07046963025772471
7 0.41207142065139923 0.44218301447217845 0.05756884727034208 0.10582727611928178
9 0.28269473379146143 0.4540954370188442 0.04142093152767874 0.05591248530067894
0 0.6601379233528224 0.3819702900256334 0.042277776237772 0.08399654172311397
3 0.5309054496611816 0.382986156149864 0.03075644731269449 0.06002677521477064
3 0.47621794966118164 0.3801201057203226 0.02997519731269449 0.059985831637205764
1 0.34483914704446306 0.3576575282669884 0.06316639988706055 0.12169793758467104
9 0.29624972860037674 0.3792558893028363 0.03921368942018653 0.058133404567984305
4 0.6463568734375269 0.2924574106724197 0.057242623578701315 0.11359883254171699
3 0.5917981760542455 0.30517541666531356 0.03006620257436623 0.061548331637205765
9 0.4696424549934406 0.30734102498762805 0.030202710466874016 0.06389208163720576
6 0.34432393657758914 0.2953213025772479 0.045857802546131324 0.09197281603337348
11 0.46862671558737146 0.23641104929788756 0.034010249929412775 0.07577460594746528
3 0.4008854787415511 0.23675520804974334 0.030202710466874016 0.06389208163720576
8 0.3437177208490433 0.2314225768875074 0.039934026237772 0.08387371099041943
0 0.28769523400322294 0.23238088930283635 0.045857802546131324 0.09197281603337357
10 0.6958423919945528 0.15251848541222057 0.06288567882625565 0.13025074400710618
9 0.5704097524896616 0.1786571822691458 0.028640210466874018 0.063810194482076
9 0.29218604195220044 0.17575907507848507 0.034890210466874017 0.06413774310259504