3 0.402764510921898 0.7483862400540884 0.0330443041565303 0.040225558004454244
4 0.45342304107432324 0.7278833833943154 0.047288611338122524 0.0716391900063634
3 0.6659775832288009 0.7397310447564959 0.035392599336070064 0.04103408000477256
9 0.7307167940993853 0.7225168200986318 0.035406234874689524 0.043377830004772557
9 0.33186113758172286 0.6460055800445434 0.03153180113146821 0.04880112667090888
5 0.6490440924021831 0.6489151407542687 0.04095225292686635 0.056722714672181596
3 0.2744208214231401 0.5750294613701347 0.03778180113146821 0.04887385200509069
3 0.32750491480728183 0.5686163767106798 0.03309430113146812 0.04881930800445424
9 0.39465150819142353 0.5623669240531338 0.027625551131468206 0.04875567333704538
9 0.524329917832344 0.5623134747374058 0.02763918667008767 0.05109942333704538
9 0.6446015112164856 0.5566821874204051 0.02763918667008767 0.05109942333704538
0 0.7218816287029283 0.5466446634309046 0.04333236436318479 0.06299998667249973
9 0.2669350534691592 0.4968226453691802 0.0377636204133089 0.04574885200509069
9 0.3941924450579028 0.48346067405313387 0.0276573673882468 0.05422442333704538
10 0.7042532462875668 0.47066341876190465 0.05675906010845857 0.08815452800763594
8 0.26641235782208117 0.4069788953691802 0.048801114363184704 0.06306362133990877
9 0.34213452048806364 0.3977044400461342 0.030014752926866173 0.05659544533736342
11 0.581996451206223 0.40362027474536 0.03551986436318479 0.06290908000477255
3 0.279220909149941 0.3258834367043164 0.0354698673882468 0.05431533000477255
3 0.3987157977136226 0.321024308720543 0.030014752926866173 0.05659544533736342
7 0.5197095537637468 0.30524586207031495 0.041252234776493604 0.10828521467218159
2 0.5728936410977643 0.3160202774108601 0.036323840260883776 0.06682442067154523
11 0.622852734481906 0.30957083008431435 0.035569861338122524 0.07150283000477256
2 0.6838356862773042 0.31809240209258666 0.03791815651766228 0.07231135200509069
6 0.3334129845801019 0.24136353337840705 0.0387766745698392 0.08560169267186338
3 0.5678834333504378 0.26049698341022376 0.02688975292686635 0.05655908267027261
1 0.6262771954506863 0.22680378341817792 0.04364598175143151 0.11690623667249973
6 0.6834038942210222 0.24387365209258666 0.03797724385167989 0.08246760200509069
3 0.3963942527304745 0.19053737738699755 0.026912478824565333 0.06046533267027256
0 0.45334823467829777 0.1779197460614063 0.030210195647078032 0.09018919533736343
8 0.511156189498758 0.1778112054025877 0.030151108313060605 0.08003294533736342
5 0.6798425569852006 0.16883728942549575 0.03638292759490121 0.07698067067154524