9 0.7288053569099879 0.7500645867374576 0.04444351282028158 0.04991071996293321
3 0.5847086004998472 0.7692907579741843 0.037157551695410976 0.0441964333024444
9 0.3757702481424824 0.7526042218618496 0.03715755169541106 0.0441964333024444
11 0.3188652766785297 0.7647024285779388 0.04466183664159917 0.054598219962933216
0 0.24628180128563554 0.760602716419554 0.05094822394515201 0.05559772477225664
5 0.6556825341221277 0.6567386834720803 0.04569779776646961 0.060094251814098595
8 0.5793918618723868 0.6650298439090337 0.03903042080199892 0.06766121515360961
3 0.44979425310488114 0.6753720884667382 0.031943512820281586 0.04947421034428636
3 0.31222147849777526 0.6721329826616229 0.037521424730940375 0.05200893330244423
4 0.24812259119422234 0.6706771208660578 0.07100816687305755 0.08437748920022674
8 0.5933516621200557 0.5669197261230189 0.04528042080199892 0.06787946996293304
11 0.38764531762057375 0.5816468811176768 0.040410984284234355 0.06380952885594056
9 0.2512176660489972 0.5706225571637269 0.038448223945152016 0.05516121515360979
7 0.647046050457066 0.4725447327464408 0.06228813833701032 0.09811260698624161
1 0.5186663393321955 0.4735392591553106 0.04986091294411601 0.09923859736759474
9 0.32240776943981936 0.48703129636395365 0.0354323858558109 0.057395837748947895
3 0.711784946651959 0.4098562489885097 0.0385573858558109 0.05750496515360979
3 0.5880927355270886 0.41101446650437207 0.030072797766469605 0.05954861479079003
2 0.5139103728306414 0.4076414406436564 0.03616013192686936 0.0730208377489479
9 0.4538804013666888 0.4196305199550839 0.0291823858558109 0.05717758293962447
5 0.40062912283064145 0.4036855722246694 0.03616013192686936 0.0730208377489479
3 0.6982361770072519 0.33113104826287026 0.0355415477664696 0.059739587748947984
3 0.5752524412752755 0.3338790476298981 0.030072797766469605 0.05954861479079003
2 0.33224730397172264 0.32617564191744997 0.04121150496239867 0.08099702885594055
10 0.27376271588238144 0.32178575308004287 0.06715757485477489 0.10218254809323427
0 0.5268385200589919 0.2476761636018144 0.03532537799792799 0.08859127404661712
9 0.4588868866843804 0.26173617440158764 0.029473484284234176 0.06342758293962447
3 0.4095225874701686 0.26314241777816566 0.030145572373575645 0.06111111479078994
9 0.6399421416467791 0.18824165461613976 0.029473484284234353 0.06342758293962455
9 0.46208896939703814 0.19298617440158758 0.029582646194893057 0.06577133293962456
6 0.40002561703967326 0.18142862630835338 0.03952272642635144 0.09497768330244423
6 0.2904322932183557 0.18229666714519346 0.04186647642635144 0.09505952885594056