9 0.7307702713018461 0.7123194941428631 0.039865174730940464 0.05230925790866543
9 0.6582039125343405 0.7242345623179209 0.034922963606069855 0.046649506920082115
10 0.5908173593911874 0.708965047983465 0.05251287799792799 0.08947367688202608
3 0.32869834905210515 0.7068945761209043 0.03506851282028158 0.04977450692008212
4 0.2586576768023642 0.714998894790254 0.07011775496239867 0.08239334733826169
5 0.4596080548002922 0.6355209363107474 0.03572348428423435 0.06383700692008212
9 0.7195524431373024 0.5498367401885303 0.03528683664159917 0.054462006920082115
11 0.5874848058337495 0.5452381290101043 0.03895764619489306 0.06630809091247106
11 0.5365580066195378 0.5462939516337866 0.03590542080199892 0.06774325692008212
9 0.4734030351555851 0.5578097717860109 0.029454213606069857 0.046426672433401886
3 0.40694328122664364 0.539447090949652 0.029854473945152015 0.0550204224334017
9 0.3387198201017731 0.542146326615196 0.02970892473094029 0.05189542243340188
5 0.5308945115819366 0.46622444965662024 0.034342920801998925 0.06767958992388792
2 0.4716286734925953 0.4614613538012334 0.038249170801998925 0.06783875741437377
2 0.4176132615819365 0.4616085924325269 0.03612374462331651 0.07243075692008212
6 0.34897242349259533 0.45646349459997354 0.03886775496239867 0.08112000741437378
6 0.7114960022763116 0.3867000702265864 0.04689857878371626 0.08612584239534585
1 0.6003230618296055 0.3704291299986874 0.05605740901517464 0.11535042737631773
0 0.5251582419372294 0.3877174476794539 0.03481595574818712 0.07783583992388783
9 0.4071894919372294 0.3829105894667773 0.029291547766469604 0.05967608893530461
9 0.7061942262214637 0.3324754852456145 0.038666547766469606 0.06005809091247096
9 0.5373714516143578 0.32716194965662015 0.0291823858558109 0.05733233893530461
3 0.47096520161435784 0.3244561023183586 0.027619885855810898 0.05726867193911023
3 0.3663868635250166 0.31784666357333435 0.0299636358558109 0.05736417243340188
8 0.6551818438803094 0.25134089037881074 0.041483332712657625 0.07030984140676252
3 0.534614632755439 0.2519072816718427 0.027801822373575646 0.06117492193911023
0 0.4854322700589919 0.2491205212917193 0.03141912799792799 0.08861417243340189
3 0.36911591129148624 0.25925291357333435 0.030145572373575468 0.06127042243340188
8 0.699426303557438 0.19209056577796213 0.04553513192686935 0.07359400889724857
3 0.540759778950332 0.18719086566423143 0.02702057237357547 0.06114308844101304
3 0.4776411947899323 0.19792543581645577 0.027129734284234173 0.06348683844101304
7 0.3138355599675787 0.15211423421985026 0.05756640508623327 0.13100726087441492