9 0.7862897742162531 0.6945594870077659 0.03927332032575279 0.05143581493480802
9 0.7149331293883963 0.7081486542160503 0.03439484736759475 0.04588524431795697
10 0.6465278697697494 0.6944622552717105 0.05149306733052796 0.08834547970746058
3 0.38510922013256915 0.6984876874975285 0.03450397477225646 0.049010244317957155
4 0.3159599160488852 0.7082115150142384 0.0691889988188736 0.08084662540538937
5 0.5097793487183572 0.6241479809219812 0.03499504809323426 0.06307274431795715
9 0.7618924310250096 0.5325134545403618 0.03466766587924912 0.05369774431795715
11 0.629888462876175 0.5309900904990581 0.03820189364673041 0.06547104139585791
11 0.5792163402808367 0.5332287004831721 0.035131457349061535 0.06697899431795715
9 0.5172074136018144 0.5462002589251584 0.02892609736759475 0.04578978693163087
3 0.4494742765785059 0.5294024967502938 0.029226197730414682 0.05438353693163087
9 0.38169649953666385 0.533684847805954 0.02911707032575279 0.05125853693163087
5 0.567058591461963 0.4533775592494701 0.03356895734906136 0.06695172077900687
2 0.5076017459084667 0.4499974147693571 0.03747520734906136 0.06701990462638267
2 0.4537773414619631 0.4514002276755703 0.03529514845605384 0.07166649431795716
6 0.3849454959084668 0.44785644196175534 0.03793899881887368 0.0803011546263825
6 0.7405928059826006 0.36974071915085843 0.045915189925866254 0.08512502232113431
1 0.6284648282151191 0.3560719111159091 0.054737118418987055 0.11416764001588602
0 0.5549554063454203 0.375088918015768 0.03392362141421188 0.07710797077900686
9 0.4369866563454202 0.3730297658250173 0.028608638837406986 0.05905740016215581
9 0.730897858252186 0.31569810145610677 0.037983638837406984 0.05922104139585782
9 0.562202421954517 0.31431505924947 0.028526793283910834 0.056713650162155814
3 0.4957961719545169 0.3131559338440806 0.026964293283910833 0.056686376623205435
3 0.3910268264010206 0.3089848567344078 0.029308043283910835 0.05672728693163096
8 0.6734548912844778 0.23583727759284484 0.040682052902557685 0.06941820170428334
3 0.5533333642426358 0.23920596509366865 0.027100702539737932 0.060592626623205435
0 0.5040873323914704 0.23756559861673293 0.030399317330527965 0.08797728693163095
3 0.38898068756361354 0.2503911067344078 0.02944445253973793 0.06063353693163096
8 0.7127331568935744 0.17562252637502884 0.0446974303072194 0.07261138555165916
3 0.5541939705959054 0.17441676217156932 0.02631945253973793 0.060578989853730295
3 0.49215776206571754 0.18660707061355572 0.02640129809323426 0.06292273985373029
7 0.32516866950744616 0.1446535754848197 0.05606400544229562 0.12980627678536122