3 0.7221181468115915 0.7106552493763182 0.03779266587924912 0.05479881596343468
2 0.5803944382814037 0.7173140101296852 0.03946429328391084 0.05799659057054072
9 0.5142510831092606 0.6994137266312392 0.02911707032575279 0.05205480562435252
9 0.3245437423650877 0.6944778618678775 0.0397817518140986 0.04475172787409356
3 0.24097727421625317 0.6913656703877142 0.04396082032575279 0.05274616439185813
5 0.7146478979927178 0.6307494255550007 0.04749504809323426 0.06461046360606985
10 0.5865402561600858 0.6029432950758734 0.05397322658635506 0.09377142473094047
11 0.4526563294810635 0.6107471788647696 0.03747520734906136 0.06804367865988184
3 0.3805184346532066 0.6222069096343472 0.033105165879249124 0.05458049214211709
9 0.3236136702252364 0.6008370237785364 0.03466766587924912 0.05465326674922295
9 0.26127736133222895 0.6026135394943021 0.03997272477225646 0.05022047787409356
9 0.579506516959859 0.5355374712545558 0.03154266587924894 0.05450771753501123
5 0.3890452080668516 0.5313464691876412 0.03825645734906136 0.06808006596343467
7 0.24835572068072329 0.5006143918516669 0.06989832694917482 0.10309292080199892
9 0.6338368636944816 0.46084999441391955 0.03321429328391083 0.057705492142117086
9 0.5662500596107976 0.46862179900481477 0.029226197730414506 0.05517980562435252
3 0.5092188096107976 0.4659655258454509 0.029226197730414506 0.05517980562435252
0 0.3212822999921508 0.44473257299274804 0.04505209437236992 0.08399616439185813
8 0.6333433011732771 0.37970915632457836 0.04017362141421188 0.07830909057054054
3 0.5735417152384278 0.38706358395100277 0.029389888837406987 0.05986730562435252
6 0.504491614875608 0.3752677512383451 0.03263393992586625 0.08575771753501131
0 0.4513938967267734 0.37357466459674593 0.03255209437236992 0.08341396753501132
9 0.324404810791924 0.37779978411761855 0.0370386977304145 0.055543678659881836
2 0.6163170030800429 0.31651779755707266 0.0400099303072194 0.07362159057054055
4 0.5659350571637269 0.3032515101296852 0.04458086841898705 0.11517338978475226
6 0.5082862482707194 0.3052463496667685 0.03430556733052796 0.08895549214211718
3 0.3908085715916972 0.3138143668302763 0.029389888837407164 0.05986730562435252
3 0.3243204760382009 0.30837769602827736 0.03329613883740708 0.060049242142117085
11 0.674962827582147 0.2537310072342011 0.03852927586071573 0.07589256596343467
3 0.49856152948891275 0.183116638541898 0.02631945253973793 0.06128425641014079
8 0.4494246250424091 0.1831679884180635 0.037748025860715725 0.07585617865988178
1 0.2639856328469573 0.14411183477957232 0.06295884618646852 0.1277290477664697