9 0.3286159739696483 0.7056713093631112 0.0365476244094368 0.04168621099041943
3 0.39230645173712975 0.6906361295803564 0.03283234736759484 0.04695024310259512
3 0.45138135137431 0.6961181676854256 0.031188001814098597 0.04452460594746519
9 0.5839483147138212 0.6961890094993968 0.03294147477225664 0.050075243102594945
2 0.6597295647138213 0.6922174824756038 0.05012897477225664 0.050976001809022266
3 0.33097213685367255 0.6158685029406762 0.03450397477225655 0.050157130257724704
10 0.5289012053653268 0.5976972778167624 0.05122024881887359 0.08222600180902226
9 0.595443864621154 0.5903108237237481 0.034667665879248945 0.0548446302577247
9 0.6467608279606651 0.5946397976044662 0.036656751814098595 0.044811210990419424
7 0.4639161008261558 0.49348781264247155 0.04411707694917481 0.10212906603337349
4 0.5298312775051782 0.5040701085494571 0.04610616288402412 0.09209564676606821
2 0.6513516134400276 0.5078391604493364 0.04437004809323426 0.06471095318850324
5 0.47514626670540494 0.439871489711693 0.03356895734906136 0.06804399310259512
6 0.5910713670682247 0.4252180902320914 0.0384474303072194 0.07375840456798421
8 0.661865016705405 0.4300859746736877 0.04545139845605384 0.07334564676606821
6 0.4054091747801058 0.36008549242522647 0.03236112141421188 0.07811835594746527
3 0.468253915161459 0.36926906264247156 0.028444947730414682 0.055298331637205766
3 0.5361408196079627 0.3680507213943273 0.029226197730414506 0.055339275214770646
0 0.6602603658870982 0.34205038613907696 0.04095487141421188 0.07856873530067894
0 0.7227058021847675 0.3403373999338869 0.04575149881887377 0.0819393967660682
8 0.35613835027800167 0.2971627685445083 0.03540427586071564 0.07593838025772479
9 0.5985168232361596 0.2790015094993968 0.028444947730414682 0.055298331637205766
5 0.7174850780454831 0.2665280857095357 0.04467014845605384 0.07330470318850324
1 0.3573412409295073 0.19572309927720294 0.05110368693064134 0.12355036465389255
9 0.42265621688289023 0.2234928951841885 0.028608638837406986 0.059985831637205764
3 0.4827306213293939 0.22268398971169306 0.028608638837406986 0.059985831637205764
9 0.5431596898410482 0.21171883423919757 0.028608638837406986 0.059985831637205854
3 0.7021800257758976 0.21352259441596289 0.03485863883740699 0.06031338025772479
9 0.36972467904127504 0.15374363919129466 0.02718254809323426 0.063810194482076
11 0.425002456083117 0.15630539518418848 0.033841775860715725 0.07585649310259504
11 0.5369667427436058 0.14341921359241122 0.02993552586071573 0.07565177521477065
3 0.7013194194226282 0.1488426187262224 0.03335070253973793 0.061793993102595035