3 0.6921389173467414 0.6803534942605193 0.04003850180902226 0.049528638558944495
3 0.6187423609243063 0.6817090572717852 0.03753097749876275 0.04633544239901042
0 0.5443974581653442 0.671391334389674 0.03900826831736559 0.059639424452321774
4 0.4175450310961228 0.6657216590794224 0.04973440637700666 0.08569345909205772
11 0.35401811963073354 0.6722504553976411 0.040570768317365766 0.05968488855894431
7 0.2830848219147257 0.6563730543022844 0.06071284995457145 0.08679295783841656
9 0.6794552108788777 0.5949160994333688 0.04106541327441153 0.05423887061225567
11 0.6229971709647859 0.5856380393250966 0.04377765547249553 0.06133831677218957
0 0.5663344131628699 0.5802662292168245 0.03933581693788461 0.06588942445232178
6 0.4978333966545265 0.5924001678549111 0.03608798620519007 0.06345474623907635
9 0.37085813885261043 0.5890742425446597 0.030127913274411534 0.053920621865896835
5 0.3060553324301753 0.5901797529695009 0.04377765547249553 0.06133831677218975
2 0.5011022388071819 0.5002581319615338 0.038308905472495526 0.061179192399010415
3 0.44686844018666283 0.5080766436400163 0.030127913274411534 0.053920621865896835
5 0.3826797874277009 0.4974634040648576 0.03629270409301437 0.06736099623907635
9 0.6221793786758452 0.4226295739648327 0.034197937584671045 0.05715928213245362
3 0.5068409837187993 0.42052516785491106 0.0301688568519765 0.05470187186589683
3 0.439080273632891 0.4334176244396863 0.030127913274411534 0.053920621865896835
9 0.25729136307201284 0.4192056749145401 0.03888543758467104 0.0572956744523216
8 0.6896401956137298 0.3559217955933028 0.046367066937884616 0.06609401293212373
3 0.3306336878118137 0.35934729011651945 0.032635437584671044 0.05711381802583091
10 0.6429909249215149 0.26367211111185124 0.061118963703953 0.1094264757851052
9 0.5793035611721334 0.28814692537675846 0.02934666327441171 0.053897889812585656
9 0.4549177148356066 0.28006530390657297 0.0293876068519765 0.05467913981258556
9 0.2913465377663852 0.2754640351019545 0.0356376068519765 0.054860996239076344
9 0.6906372088427128 0.2178224020197935 0.034320768317365594 0.05950303213245363
3 0.3568354189286211 0.21661422083704726 0.030496405472495436 0.06095187186589692
6 0.6391399858665058 0.14365512780489867 0.040646011419960715 0.09088942445232169
8 0.5807542757805976 0.15627479974993788 0.03970430913596843 0.07292067445232164
2 0.471543050090857 0.15633228721352554 0.033454309135968606 0.0727388180258309
3 0.41858182440111663 0.15475306683869672 0.028152655472495524 0.06088367570596289
1 0.30171522896910086 0.12227083894202048 0.05778592378986112 0.1202503155185485