3 0.7534053523465543 0.6633621421319708 0.03919147477225664 0.05040279172311415
3 0.6799405704953888 0.6664295884230691 0.03673859736759475 0.04715496099041942
0 0.604504060876742 0.6578601718692972 0.037983638837406984 0.06047715456798421
4 0.47683292866275684 0.655158975012372 0.04825893992586625 0.08674972749876275
11 0.41371536976974943 0.663162904795127 0.039546138837407166 0.060559041723114146
7 0.3412128871929446 0.6489609639310955 0.059223721777031633 0.08810418758467105
9 0.7332168487183572 0.578325400838398 0.04013641587924912 0.05513123530067894
11 0.6758036528020412 0.5703767820006339 0.04272570253973793 0.06228531603337366
0 0.6185268661415524 0.5663344131628699 0.03820189364673041 0.06672715456798421
6 0.5509127802067029 0.5800527544110141 0.03499504809323426 0.0642196302577247
9 0.4233234935462141 0.5796953075540889 0.029198915879248943 0.05455802521477082
5 0.35845246169504863 0.5823123744919736 0.04272570253973793 0.06228531603337366
2 0.5461310217691825 0.4879471415661438 0.03725695253973811 0.061998710990419426
3 0.4924430265785059 0.4970222484181203 0.029198915879248943 0.05455802521477064
5 0.42716276695985905 0.4879205653560049 0.035131457349061535 0.0681258802577247
9 0.6607267459084667 0.40758685493141245 0.03321429328391083 0.057887743102595125
3 0.5449107729503088 0.40817775441101417 0.029226197730414506 0.055339275214770646
3 0.47810521886662477 0.4226364020815935 0.02919891587924912 0.05455802521477064
9 0.2946106725874891 0.41268594923177443 0.037901793283910835 0.058133404567984215
8 0.7225248522617364 0.33938573157109264 0.04523314364673041 0.0670956467660682
3 0.3629043156012474 0.3511885272509356 0.03165179328391084 0.057805855947465276
10 0.6676885301218849 0.24833800769037445 0.05923364546082901 0.11071949400710616
9 0.6059797038056823 0.2742697438955645 0.02841766587924912 0.05451708163720577
9 0.48057047603820086 0.2691019663059447 0.028444947730414682 0.055298331637205766
9 0.31618059382421576 0.2683251175945686 0.034694947730414503 0.05562588025772479
9 0.7114459646054556 0.20143203019161166 0.03329613883740699 0.060231493102595034
3 0.3766890186891395 0.20801838138937856 0.02944445253973793 0.061589275214770645
6 0.653330875042409 0.12855777419871783 0.039074912884024114 0.0917271545679843
8 0.595900320958725 0.14252509893851867 0.0384474303072194 0.0737584045679843
2 0.4864161935540633 0.1451321997976013 0.0321974303072194 0.07343085594746528
3 0.4331820661494016 0.14479136307201287 0.027100702539737932 0.06146644448207601
1 0.3131771009957919 0.11507728686187399 0.055709341377145095 0.12145227611928178