9 0.371875 0.66796875 0.0328125 0.04296875
3 0.76171875 0.65234375 0.03828125 0.05078125
3 0.30859375 0.59375 0.03515625 0.053125
9 0.36328125 0.59375 0.03515625 0.053125
9 0.4359375 0.58984375 0.0296875 0.05078125
9 0.63046875 0.5828125 0.03515625 0.05078125
8 0.75 0.559375 0.04296875 0.07109375
11 0.36953125 0.5015625 0.0375 0.06484375
2 0.62890625 0.4984375 0.040625 0.06015625
10 0.3046875 0.42109375 0.0609375 0.09765625
3 0.38046875 0.4234375 0.0296875 0.05859375
9 0.55 0.4234375 0.02734375 0.05859375
4 0.68671875 0.40078125 0.05625 0.1
3 0.73671875 0.4140625 0.0359375 0.05390625
8 0.30625 0.3578125 0.0453125 0.07109375
3 0.49375 0.36015625 0.0265625 0.05625
3 0.60546875 0.34453125 0.02734375 0.05859375
7 0.67734375 0.31953125 0.0515625 0.115625
0 0.7375 0.3421875 0.0421875 0.084375
5 0.3171875 0.2953125 0.03828125 0.071875
5 0.43359375 0.2765625 0.03125 0.071875
3 0.49375 0.28203125 0.025 0.05859375
9 0.60546875 0.27734375 0.02734375 0.05859375
9 0.67421875 0.2796875 0.03125 0.06015625
1 0.7296875 0.25078125 0.05078125 0.12109375
2 0.38359375 0.2109375 0.0359375 0.07109375
0 0.43671875 0.2015625 0.02734375 0.09140625
11 0.603125 0.203125 0.0328125 0.07421875
6 0.66484375 0.1953125 0.0359375 0.0875
6 0.71171875 0.1953125 0.03828125 0.0875
3 0.3765625 0.16328125 0.0265625 0.0625
9 0.5953125 0.15625 0.0265625 0.0625