8 0.456513266619885 0.6535736444834083 0.03921298620519007 0.0631272913958579
3 0.519255606059007 0.6720275896948698 0.03222600180902226 0.0489556972400564
8 0.5912567588179689 0.658259370133679 0.03843173620519007 0.06311365462638267
3 0.7315099445936177 0.6636308883976236 0.03847600180902226 0.04906479139585791
9 0.3212917395960921 0.5800833717552367 0.04094258254171699 0.05144945170428326
3 0.46216240106148126 0.5823162532497062 0.032348832541716985 0.051299447240056396
9 0.6432486267512219 0.5760275227314667 0.035596663274411536 0.05369774431795715
3 0.722072989596092 0.5730877090144746 0.040161332541716985 0.0514358149348082
11 0.2640757038658718 0.48802828531007314 0.05191770409301446 0.06725172970746059
7 0.3866943323145743 0.4702486757329963 0.060586697195609496 0.09862446063273715
9 0.4550691960639558 0.49173216355813165 0.034197937584671226 0.05679547077900686
3 0.5117695754171694 0.4993440661559195 0.0301688568519765 0.05438353693163087
9 0.5833170267966503 0.4918394833642038 0.030005082541716986 0.05125853693163087
3 0.6498051639517801 0.4922428579588143 0.0340751068519765 0.05445172077900686
9 0.26565481399720864 0.413714077923747 0.03872166327441153 0.05375229139585773
2 0.31676693464399497 0.4042203011383858 0.04994576831736577 0.05941195616851012
0 0.3904910396869491 0.4084071948077198 0.03933249491161739 0.08030115462638268
10 0.45344474106643007 0.401052616480231 0.05191106004047974 0.09691195616851012
6 0.5118304511523384 0.4109809955390684 0.03698874491161739 0.08026024431795716
9 0.5810308305055519 0.41837470982525343 0.0293876068519765 0.054369900162155815
9 0.39108418193046157 0.33020037419086873 0.03247166327441153 0.053643197240056485
3 0.6996746099041942 0.3396712370176518 0.03432076831736577 0.059139220779006865
11 0.33559109848423346 0.25610040097623 0.041512470601357876 0.0772170649348082
2 0.4528604856393631 0.25561738555495445 0.035139639868663156 0.07476422077900687
4 0.32055924072774583 0.17816631574888234 0.06140556874690706 0.11424946063273707
1 0.3804288856847917 0.17164753449929426 0.05688184305716648 0.11729264001588602
3 0.451969693011738 0.19385772524652894 0.02983798620519007 0.06296365016215581
6 0.5667315558566083 0.19029062013367898 0.034273180687265994 0.08801819724005648
0 0.32793464947960166 0.11000665097622997 0.04253606004047974 0.09674831493480815
9 0.39363821460846404 0.12528104910979085 0.03061923620519007 0.06297728693163096
5 0.44540543249628844 0.12828727232442963 0.03386374491161739 0.08020569724005648
5 0.5634151260738534 0.12700937013367897 0.033699970601357876 0.07708069724005648