8 0.5858157040897232 0.6777592194503921 0.036664753341817756 0.06354567445232177
3 0.5243242207590412 0.6954946372387961 0.03025112133990877 0.04930131802583091
8 0.45152252009067767 0.6808805562808414 0.03588350334181776 0.06352294239901042
3 0.3117696767584049 0.6846240187381115 0.03650112133990877 0.049483174452321775
9 0.7161839094127691 0.6057969544066972 0.03887214334022708 0.05189512061225585
3 0.5756134534134054 0.606392684810656 0.030278393340227083 0.05164506802583091
9 0.3943270907463145 0.5979938484424249 0.03343066534054513 0.05407974623907634
3 0.3154026594127691 0.5941354110579795 0.0380908933402269 0.05187238855894449
11 0.7674458700668151 0.514351251978557 0.049210206675681434 0.06781563730530316
7 0.6438265567313607 0.49513458755536527 0.05660508334659013 0.0992702257851052
9 0.5769026860677696 0.51583588097059 0.03190452800763595 0.05715928213245362
3 0.5207526834022695 0.5227929231321735 0.027971006007317813 0.05470187186589683
9 0.4488049580680878 0.5144515742275301 0.027934643340226904 0.05157687186589684
3 0.3824168894016332 0.5140818496960662 0.03187725600731781 0.054815532132453625
9 0.7611135067234065 0.4399733776053777 0.03655566534054522 0.05417067445232178
2 0.7094510093889065 0.4298793120868292 0.04755680000795408 0.059957673198680436
0 0.6360771440563155 0.4332112490755632 0.03608349801081765 0.08071044239901042
10 0.5727231687221337 0.4251199527573446 0.04799315201304495 0.09745767319868044
6 0.5150379380569519 0.4343752808123054 0.03373974801081765 0.08064224623907634
9 0.44638793539145183 0.4409686101209074 0.027189756007317812 0.05467913981258547
9 0.6304805773790434 0.3549498567556951 0.03030566534054504 0.05398881802583091
3 0.3228408000477251 0.36083717775102697 0.03193180000795417 0.05950303213245363
11 0.6811703733688621 0.2814501722742436 0.03839088534372692 0.07765363855894432
2 0.5640010547024075 0.2796028642775425 0.032113613343408606 0.07512803213245363
4 0.6911988066915897 0.2036434210206024 0.05678689668204484 0.1148952257851052
1 0.6309789220241807 0.19642430291562912 0.05213575934913557 0.11788383346523715
3 0.5609391420273624 0.21781591811760853 0.027289753341817758 0.06327288981258557
6 0.4460772106938169 0.21291180628084144 0.030705654678545004 0.0883638180258309
0 0.679470418682363 0.1353564222742436 0.03861815201304495 0.09718488855894436
9 0.6148175726845901 0.14987591184940235 0.02807100334181776 0.06329562186589692
5 0.5633005260184537 0.15228184633085387 0.03061474801081765 0.08055131802583096
5 0.4453408666852264 0.14963055628084146 0.03057838534372692 0.07742631802583091