3 0.4203125 0.75703125 0.0328125 0.04296875
9 0.48125 0.765625 0.0296875 0.040625
2 0.62578125 0.7515625 0.03515625 0.06015625
5 0.29296875 0.659375 0.04296875 0.05859375
6 0.61796875 0.66171875 0.03828125 0.05390625
3 0.75703125 0.66953125 0.03828125 0.0453125
5 0.2984375 0.5734375 0.04296875 0.06015625
0 0.55234375 0.571875 0.0328125 0.06640625
3 0.61875 0.5921875 0.03125 0.05078125
9 0.7484375 0.578125 0.040625 0.05078125
3 0.29765625 0.49296875 0.0375 0.053125
9 0.42265625 0.490625 0.02734375 0.05390625
6 0.48515625 0.4921875 0.0328125 0.07109375
7 0.68046875 0.4796875 0.0578125 0.09375
9 0.37109375 0.41953125 0.03125 0.05078125
3 0.43125 0.42109375 0.0296875 0.05390625
11 0.61640625 0.41875 0.0359375 0.06875
10 0.75234375 0.40546875 0.0671875 0.1
11 0.49375 0.33359375 0.0296875 0.07109375
9 0.55390625 0.33828125 0.0265625 0.05625
0 0.61171875 0.328125 0.0359375 0.0796875
9 0.74140625 0.346875 0.0359375 0.05390625
9 0.31328125 0.26015625 0.0296875 0.05859375
3 0.36875 0.2578125 0.0296875 0.05859375
2 0.4890625 0.2609375 0.03125 0.0796875
3 0.6765625 0.26484375 0.03125 0.05859375
4 0.740625 0.2515625 0.05859375 0.1078125
8 0.384375 0.19375 0.0328125 0.0796875
1 0.4390625 0.16953125 0.0421875 0.12265625
9 0.49375 0.19375 0.025 0.06015625
8 0.55625 0.1984375 0.03125 0.07421875
3 0.6671875 0.19609375 0.03125 0.06015625