9 0.41015625 0.71953125 0.03125 0.03984375
2 0.4703125 0.7359375 0.0375 0.04296875
7 0.53359375 0.70546875 0.04296875 0.0796875
6 0.60546875 0.7171875 0.03828125 0.05390625
3 0.28984375 0.62265625 0.0359375 0.0484375
9 0.5328125 0.6359375 0.02734375 0.05078125
9 0.66875 0.63828125 0.03515625 0.05078125
4 0.7359375 0.63671875 0.0640625 0.08203125
9 0.2890625 0.540625 0.03515625 0.0484375
8 0.353125 0.5453125 0.0421875 0.06640625
9 0.5375 0.55078125 0.02734375 0.053125
0 0.60703125 0.5578125 0.0359375 0.0625
9 0.29921875 0.459375 0.0359375 0.053125
5 0.3578125 0.46015625 0.03828125 0.06484375
3 0.4234375 0.46640625 0.0296875 0.053125
0 0.48359375 0.45703125 0.0296875 0.071875
3 0.603125 0.46875 0.02734375 0.053125
3 0.29140625 0.3875 0.03515625 0.05390625
9 0.4125 0.4015625 0.02734375 0.053125
1 0.53828125 0.38359375 0.03828125 0.103125
6 0.603125 0.38359375 0.0328125 0.0796875
3 0.6578125 0.39453125 0.03125 0.05390625
9 0.5390625 0.3265625 0.025 0.05625
3 0.36015625 0.25390625 0.02734375 0.06015625
5 0.4234375 0.24765625 0.0296875 0.071875
11 0.48828125 0.23984375 0.0296875 0.07109375
11 0.540625 0.25390625 0.02734375 0.07421875
3 0.58984375 0.25078125 0.0265625 0.05859375
8 0.7125 0.240625 0.0359375 0.0765625
10 0.42421875 0.165625 0.0359375 0.115625
3 0.534375 0.19140625 0.025 0.06015625
2 0.7109375 0.17578125 0.0375 0.08203125