9 0.28333471048416725 0.7015243622324785 0.03933591014423614 0.04642637061225567
3 0.35679039427975756 0.7044424252437445 0.03381260875746532 0.04392349623907634
3 0.5415647845723617 0.6934236718785322 0.028343858757465413 0.04376437186589684
10 0.6158380859591326 0.6979269669431096 0.05347179853697916 0.0835315655185486
5 0.6762125415062158 0.7090523350480827 0.04186149810013902 0.05430706677218975
0 0.28901970640010466 0.6103454327655918 0.04671265226045147 0.061474709092057725
9 0.4208145670574311 0.6040308997752084 0.03086944671336802 0.05164506802583091
0 0.6675440966927088 0.604964228621592 0.03959048328249999 0.057363870612255674
9 0.7262287656706603 0.6105753826199425 0.03711944671336802 0.051826924452321774
11 0.2948683564763546 0.5261977532987052 0.04671265226045147 0.061474709092057725
9 0.3473575768410768 0.5339708008705651 0.03248649810013893 0.05403428213245363
5 0.4098757606366671 0.5365706151354723 0.03733765226045147 0.061201924452321775
6 0.4820955995425004 0.519934696093427 0.03279562262517359 0.06731553213245363
9 0.669959275454306 0.5410153888881488 0.03381260875746541 0.04392349623907634
2 0.7321501509292713 0.5295527031530559 0.04213425503399311 0.06602581677218958
3 0.28981587414378507 0.4432943250854599 0.037173998100138925 0.0541706744523216
4 0.34501186720993093 0.4331895508705651 0.05759625408406262 0.0930202257851052
9 0.29593728115388923 0.37086539561857335 0.03255923328249999 0.05715928213245362
8 0.34775435429215307 0.38330321113712185 0.03964503466927081 0.05970762061225567
3 0.7097452080156252 0.3719758838735838 0.03406718189572917 0.054860996239076344
6 0.35674618816399334 0.3000277098834806 0.034667247150208344 0.08064224623907634
9 0.4115246071419447 0.3055252036152744 0.02781718189572917 0.05467913981258556
2 0.5277490191860419 0.3010997795586642 0.03448540919430556 0.07282974623907634
3 0.29589830072118073 0.23501882383181866 0.0341762846692709 0.05954849623907634
3 0.40834374933441 0.23594848950865174 0.028707534669270986 0.05938937186589692
3 0.6341431831300002 0.24329930291562912 0.028743902260451294 0.06095187186589692
3 0.30539928086954876 0.17361832257817747 0.03265015226045147 0.06106553213245362
7 0.343825348023889 0.14741117524374447 0.054380988316493184 0.12259406551854846
9 0.46057709014010423 0.16564200118713424 0.026400152260451292 0.06088367570596294
11 0.5737492373665626 0.1642506489172786 0.031414960581076554 0.07508256802583095
1 0.6436798776591668 0.14989028371529925 0.05354518692972228 0.12022758346523714
8 0.6955878697753821 0.16623434923384775 0.039935975398715226 0.07220762061225568