9 0.7262425904551748 0.7065725174465751 0.04053314676606803 0.04363695170428343
9 0.533806106963518 0.7133604853862081 0.03177562245580869 0.040361947240056394
9 0.46217676842890737 0.7167934025944925 0.03177562245580869 0.040361947240056394
5 0.7923821675698247 0.6132822134688156 0.053729187584671045 0.05713639001588611
10 0.6020437726127789 0.6154235917168741 0.055861575644311934 0.08293127678536116
3 0.3392095799397251 0.6342518636342666 0.03831222749876275 0.04593979139585791
3 0.7760744148562913 0.5404077751572128 0.040161332541716985 0.05143581493480802
8 0.7184699547703829 0.5284747909855254 0.04410520409301455 0.06711536201270896
4 0.582532454770383 0.5261019930968459 0.04767726141996072 0.09059377232113448
1 0.33072097127872635 0.531853566556366 0.056352898575090474 0.09230627678536116
3 0.7101794199446739 0.4596429703686744 0.0379813568519765 0.054519904626382676
3 0.6472666621427579 0.4655696420411857 0.034034163274411534 0.053670470779006864
5 0.586414371324155 0.4512383607915975 0.03629270409301455 0.06697899431795698
7 0.5239176933504222 0.4353173060030592 0.04553822930778502 0.09445911201270896
3 0.45948005709980366 0.4568280673671449 0.030127913274411534 0.05360228693163087
9 0.5726550864984459 0.38231108278842035 0.03012791327441171 0.05360228693163087
9 0.5154191186106214 0.3774093486167329 0.0293876068519765 0.054369900162155815
3 0.4474503686106214 0.3762229496723931 0.0301688568519765 0.05438353693163096
9 0.7402310108541339 0.30327992207295773 0.03888543758467104 0.05687729139585782
0 0.6276933893028364 0.28570486403800843 0.03698874491161739 0.08026024431795716
9 0.5074151888278665 0.31404627799988194 0.02934666327441171 0.05358865016215582
0 0.3919163415868285 0.29954167288703193 0.040236575644311934 0.08265854139585782
9 0.326455115897088 0.3015211842511176 0.0340751068519765 0.05445172077900686
2 0.6845332095200813 0.22347364528759656 0.04619997060135787 0.07729888555165916
8 0.32457835538163843 0.23592345779006801 0.04669461555840364 0.0718437723211343
6 0.7256285210308991 0.1437958279171564 0.04767726141996072 0.09059377232113434
2 0.6706477719354103 0.16703273051494413 0.04410520409301455 0.06711536201270882
6 0.6125519889187234 0.14572474634325674 0.03974193068726599 0.08811365462638263
11 0.5039139733148913 0.15787809861673294 0.03135622060135788 0.07703978693163097
3 0.43808093340079957 0.1676564732113435 0.028152655472495524 0.060592626623205435
11 0.38931588478028056 0.16056099350388295 0.03526247060135788 0.07710797077900682
3 0.32702060266810495 0.16337630194586933 0.034402655472495436 0.060701720779006776