7 0.27578125 0.684375 0.06640625 0.08984375
9 0.3359375 0.71171875 0.0328125 0.053125
5 0.4015625 0.70625 0.03828125 0.05625
9 0.67890625 0.71484375 0.0359375 0.05078125
3 0.74609375 0.7203125 0.040625 0.0453125
9 0.2796875 0.615625 0.0359375 0.0484375
9 0.34765625 0.63125 0.0328125 0.0453125
10 0.40859375 0.61875 0.0484375 0.084375
3 0.60234375 0.640625 0.03125 0.05078125
0 0.7515625 0.6421875 0.0515625 0.0625
9 0.35 0.5296875 0.0328125 0.05390625
0 0.4796875 0.5375 0.03125 0.07109375
9 0.54765625 0.5515625 0.02734375 0.05078125
8 0.740625 0.55390625 0.0484375 0.06484375
3 0.30078125 0.46484375 0.03515625 0.05390625
8 0.3625 0.4515625 0.0421875 0.06640625
2 0.4171875 0.4515625 0.0359375 0.06640625
1 0.4828125 0.4578125 0.03828125 0.09375
3 0.54765625 0.47265625 0.02734375 0.05625
3 0.6 0.46328125 0.02734375 0.05625
3 0.6671875 0.46796875 0.03125 0.05625
5 0.4796875 0.38671875 0.03125 0.07109375
3 0.54296875 0.38515625 0.02734375 0.05390625
11 0.665625 0.3875 0.03828125 0.06875
4 0.30390625 0.2859375 0.05546875 0.1109375
2 0.484375 0.3078125 0.03125 0.071875
11 0.6671875 0.321875 0.0359375 0.071875
9 0.71953125 0.32734375 0.03515625 0.05859375
9 0.66015625 0.25390625 0.02734375 0.06015625
6 0.7234375 0.246875 0.04296875 0.08984375
6 0.3875 0.1734375 0.0296875 0.09140625
3 0.6 0.1890625 0.0265625 0.06015625