3 0.28452493674229107 0.7019374067074982 0.03946319671336811 0.05122669267186346
11 0.4178647668144092 0.6808265700588609 0.03730128466927081 0.05901192067154533
5 0.4929738695879509 0.6770117740690423 0.03730128466927098 0.05901192067154533
9 0.5562914871791313 0.6761856180776327 0.02852569671336802 0.05109942333704538
3 0.7007318182011799 0.6817736414305864 0.039517748100139014 0.053570442671863464
9 0.22571494082635368 0.6098220846992257 0.04336944671336802 0.05127214600572714
9 0.2924484991469787 0.5965322913749072 0.037246733282499986 0.05666817067154532
2 0.5543854546940621 0.5902026647437693 0.03681097539871523 0.07150283000477238
2 0.2871083421368746 0.5237942253739527 0.04703996058107647 0.07474600867281786
3 0.36485213563986074 0.5075067013844522 0.03250468189572917 0.05426987667090888
0 0.4266072532310412 0.5066623640594973 0.036883710581076555 0.07462783000477255
5 0.5564220398001731 0.5027026647437692 0.03675642401194459 0.06915908000477237
3 0.6894709291428468 0.49409182809513197 0.03730128466927098 0.05901192067154515
9 0.30869436103857606 0.4357402420432708 0.037246733282499986 0.05666817067154532
6 0.37043129483416626 0.43567715471831575 0.03701099715020835 0.08009658000477238
10 0.4364563383371524 0.4192532707272245 0.047585474448784734 0.09818350867281786
1 0.4919978235195135 0.4167737080680878 0.04320709897381967 0.1114102146721816
6 0.30898660818878443 0.3560345607097253 0.04493259992375007 0.08487498667249974
3 0.49348889475791646 0.35271120806808776 0.027926284669270985 0.05890283267027261
8 0.5513741299402775 0.35025891740926923 0.0345945119678472 0.07694430800445433
8 0.6242849530785414 0.34016684941913244 0.040135997150208526 0.08013294267186337
4 0.6776099748300345 0.33219126475967753 0.055707098973819494 0.11155566534054513
11 0.2505396349742706 0.28189707936822567 0.04475076196784729 0.07706248667249974
0 0.374849303952222 0.27943624538508854 0.03797408510611113 0.08791817067154524
9 0.4348055322007289 0.2887299767265882 0.028798453647222288 0.06281817333704529
9 0.316783537234722 0.22249535471036164 0.034267203647222286 0.06288180800445434
7 0.3743421173068401 0.20050272338477035 0.04972985590767376 0.12320169000636332
3 0.5490329927818054 0.2158202827418602 0.028017203647222287 0.06280908267027252
3 0.6673654186936109 0.20156797342454125 0.03275925503399311 0.06520737667090888
3 0.2653314464290276 0.15000218936981652 0.034267203647222286 0.06288180800445434
9 0.3176024612466666 0.15373626404358892 0.03265015226045147 0.06051987667090888
9 0.597453615406979 0.14995947274822352 0.025728005033993105 0.06512556066995438