8 0.2394150832288009 0.7388735980467136 0.051857936670087576 0.05228156551854859
11 0.3159866735878805 0.7426638392712249 0.0425011173882468 0.05513378087881229
11 0.5098593934354554 0.7693951384924373 0.03546532220870695 0.05414794239901042
3 0.7145196223582164 0.7706634364600087 0.03618748487468935 0.044014424452321774
4 0.23729352614540442 0.6427343839400909 0.06921360831306052 0.08168792069139794
3 0.3100134086589617 0.6557859648980455 0.03618748487468952 0.044014424452321774
6 0.6452287459929792 0.6756942657686106 0.042528388465485636 0.059821280878812465
1 0.7163588574292977 0.6840128826199425 0.06453974385167989 0.08389527837152996
3 0.31971514070498086 0.5779564815910929 0.036232936670087576 0.051826924452321774
0 0.3798032130118837 0.5679880996960661 0.036323840260883776 0.0674519244523216
8 0.5837594599868217 0.582514915610326 0.04093861738824671 0.055088316772189574
3 0.637774794295777 0.6028334272888085 0.03309430113146803 0.04939224623907634
9 0.7096361587571576 0.6025810261934519 0.03774998487468952 0.04405988855894431
2 0.2667714270057261 0.4733084340192331 0.04885111133812261 0.07250313730530315
9 0.39264358059652227 0.49259329460235896 0.0300011173882468 0.05477006802583091
0 0.4559339209556018 0.4959970909205775 0.031663611338122524 0.07200303213245363
9 0.5693060745463981 0.5149182386507218 0.02765736738824671 0.05470187186589683
9 0.6340634661351416 0.5019612490755632 0.03156361738824689 0.054815532132453625
10 0.5155992915653025 0.41337245902555075 0.04114769564707803 0.09102581677218975
3 0.579012351771957 0.43787000534376935 0.027657367388246888 0.05470187186589683
3 0.3346987495090207 0.3339026047106311 0.031577252926866174 0.05715928213245362
9 0.46441806576579936 0.3431448755603136 0.026903388465485633 0.05936663981258557
5 0.5199004513044188 0.3471026013454188 0.03164997579950324 0.06965928213245362
9 0.6402674934588964 0.35997833755536524 0.03155907220870695 0.05403428213245363
9 0.6879919211519936 0.373083742807357 0.03546532220870695 0.05414794239901033
6 0.3443868460164204 0.2537293714036785 0.03800906010845857 0.08859113855894432
3 0.3992061562230748 0.2779768651354724 0.02688975292686626 0.05702288981258565
5 0.46011638514583597 0.2750624652937569 0.02775736133812252 0.07188937186589692
9 0.5241697947867564 0.27536399366528685 0.02687611738824671 0.05467913981258556
3 0.6328271773003136 0.28946124907556314 0.02767100292686635 0.05704562186589692
2 0.6953180869412341 0.2897173133404704 0.04258747579950324 0.06997753087881238
7 0.2931556232419793 0.17490803793844137 0.056145981751431505 0.11802022578510515