3 0.271875 0.696875 0.03828125 0.0484375
3 0.3375 0.7140625 0.0359375 0.0484375
2 0.6890625 0.725 0.0515625 0.05625
5 0.41015625 0.6203125 0.0359375 0.0625
10 0.55546875 0.61484375 0.04296875 0.08515625
3 0.7453125 0.6296875 0.03828125 0.053125
9 0.365625 0.53984375 0.0296875 0.05078125
11 0.42421875 0.52578125 0.0359375 0.06640625
9 0.67421875 0.55078125 0.0359375 0.0484375
6 0.2953125 0.428125 0.04296875 0.08203125
9 0.3671875 0.44921875 0.0328125 0.05625
11 0.42109375 0.44375 0.03515625 0.07109375
8 0.68125 0.45078125 0.040625 0.07421875
6 0.74453125 0.4578125 0.046875 0.0796875
2 0.48671875 0.36640625 0.03125 0.07421875
9 0.31328125 0.3015625 0.03515625 0.06015625
4 0.37109375 0.28515625 0.05078125 0.1078125
5 0.4359375 0.290625 0.03125 0.071875
3 0.4890625 0.31328125 0.0265625 0.05859375
3 0.60546875 0.303125 0.02734375 0.05859375
9 0.321875 0.234375 0.02734375 0.06015625
0 0.44296875 0.22265625 0.0296875 0.08984375
9 0.55859375 0.23359375 0.025 0.05859375
3 0.603125 0.24140625 0.02734375 0.06015625
3 0.73359375 0.2484375 0.03515625 0.06015625
8 0.32265625 0.1546875 0.03515625 0.0796875
9 0.384375 0.16015625 0.02734375 0.06015625
3 0.43828125 0.16796875 0.025 0.0625
9 0.55859375 0.1734375 0.025 0.0625
7 0.61796875 0.14140625 0.04296875 0.12890625
0 0.67578125 0.165625 0.03515625 0.09140625
1 0.73828125 0.14140625 0.0578125 0.12890625