9 0.2370135038966313 0.7109928949783245 0.04162510875746524 0.04533488680346807
3 0.4503674890789924 0.695445676760117 0.03243194671336802 0.05260135523343692
1 0.5240413784216661 0.6810121794615401 0.04422408510611113 0.0899571420651398
3 0.5808907904657633 0.6855029874105177 0.03243194671336802 0.05260135523343692
5 0.7251129159407286 0.6903662507058718 0.05292628466927098 0.061596923635170955
3 0.25554725798069394 0.6186310897307701 0.04186149810013893 0.055491136803468066
9 0.3191012649145481 0.6032266266330601 0.038736498100139016 0.05530912628012423
3 0.38536204454982587 0.6056089030120066 0.03243194671336811 0.05260135523343692
11 0.4502421621410064 0.6002696846526249 0.03739220364722229 0.06459312101845249
9 0.5149586255718746 0.6019617162932432 0.030942181895729347 0.05563534997176518
6 0.5827819052071522 0.6042529874105178 0.03759222539871523 0.07318687101845249
0 0.657963743163055 0.5920722348502689 0.043696755033993104 0.06730089206513981
3 0.2560395268823954 0.530440844992442 0.03875468189572917 0.056090376280124234
2 0.4001350189986107 0.5072246109186318 0.039172909194305564 0.07405912628012441
9 0.5178491958603468 0.5112912136624073 0.02852569671336802 0.052373842079257396
7 0.6016247838162496 0.49860993216296334 0.05785082722232637 0.10557443678935066
8 0.7152145051309023 0.5122790480609183 0.039935975398715226 0.07332337891096045
9 0.3360920092149649 0.4430780819088495 0.030996733282500077 0.05797909997176518
2 0.4644170309664579 0.4270219004517579 0.0345945119678472 0.07847361049510884
4 0.5857289865135413 0.4105939926721896 0.05081957722232637 0.1051649131118273
11 0.6517715606017358 0.42235126905113596 0.04227972539871523 0.07345988680346807
0 0.4084229105254858 0.3522640951336163 0.03323203371934032 0.08697635523343691
3 0.28825718731097194 0.2859250055440205 0.0341762846692709 0.060504860495108836
6 0.65453615074184 0.2700530216819719 0.037192835106111134 0.08954761838761663
10 0.7158373266536456 0.2508788164767698 0.058159951747361306 0.11885568678935066
9 0.2926186854111109 0.23261799502067682 0.03114220364722229 0.06422909997176518
3 0.3629311854111109 0.2285227582454436 0.03114220364722229 0.06422909997176518
9 0.47635790577583315 0.21567487677423455 0.027926284669270985 0.06014083944842143
8 0.7121499354111108 0.20818308226178533 0.043969511967847194 0.0790196420651399
3 0.30433874183187487 0.1648389608198098 0.03270470364722229 0.06432010523343701
5 0.3584995649701387 0.15076177929213103 0.034667247150208344 0.08159861049510883
9 0.7033574700803817 0.15018086646265236 0.03275925503399311 0.06666385523343701