9 0.7841303335577698 0.6953802593171781 0.04287689676606821 0.04462409190105419
3 0.5706853092475102 0.7009458042977125 0.033911332541716986 0.052054589923887916
1 0.49671554273916685 0.6937819031188489 0.04677318068726599 0.08921900889724857
3 0.44009372851481565 0.7039182484799442 0.033911332541716986 0.052054589923887916
5 0.2962585193334185 0.7230886956279254 0.05463326831736568 0.06069476087441501
3 0.7629336849826792 0.6046425127772193 0.043409163274411536 0.054780341901054186
9 0.6990382813192062 0.5955022761230919 0.04028416327441171 0.05465300790866543
3 0.6329595799397252 0.6044581234613536 0.033911332541716986 0.052054589923887916
11 0.5680339427845953 0.6055378038034209 0.03921298620519007 0.06396434091247087
9 0.5034767978275495 0.6136487341454882 0.0325126068519765 0.055115922927693364
6 0.4358355964480685 0.6226682484799442 0.03966336555840364 0.07255809091247105
0 0.3604261606724198 0.6179117642972749 0.0455858169378847 0.06656275889724857
3 0.7598695607178483 0.5162975957810249 0.0403251068519765 0.05543425790866543
2 0.6153416327441157 0.5073112094309089 0.04126680913596843 0.07340300790866543
9 0.4979460928300239 0.5230555676435854 0.030005082541716986 0.05189542243340188
7 0.4139429070543751 0.5186492519399853 0.060832358660998766 0.10460392836490087
8 0.30094494007106193 0.5436094426621759 0.04200711555840364 0.07265359140676253
9 0.6774045414959714 0.43666844559074436 0.032635437584671224 0.05745967292769336
2 0.5488291621427578 0.4332953892786845 0.03682497060135788 0.07789950692008211
4 0.42724408921197926 0.4288545814837498 0.05380110866099876 0.10431742688202608
11 0.36165671076327677 0.4471854288220114 0.04435086555840373 0.07274909190105419
0 0.6025473043862701 0.352814710419492 0.03571284995457145 0.08642958992388791
3 0.7205736080951718 0.2744111847163294 0.03588326831736559 0.05993075692008221
6 0.35445396313812594 0.2948098453239142 0.03974193068726617 0.08893250741437378
10 0.2926975915868285 0.2816678581754955 0.061528399479601606 0.11788517836490087
9 0.7146644448207603 0.22141351870871823 0.03296298620519007 0.06370967292769344
3 0.6443519448207603 0.22427853353746582 0.03296298620519007 0.06370967292769344
9 0.5307431462002412 0.22264439076155923 0.02963326831736559 0.0596760889353047
8 0.2951331948207603 0.23850810718691234 0.04619997060135787 0.07828150889724857
3 0.7009870471501809 0.15463985418398177 0.03452548620519007 0.06377333992388783
5 0.6465075870642727 0.14589886555268827 0.03698874491161739 0.0810245069200822
9 0.3022186765033946 0.17950052171164882 0.034648316937884706 0.06611708992388783