9 0.25390625 0.72578125 0.040625 0.04296875
3 0.4671875 0.72265625 0.03125 0.05078125
1 0.540625 0.7125 0.0421875 0.0875
3 0.59765625 0.7203125 0.03125 0.05078125
5 0.7421875 0.73359375 0.0515625 0.05859375
3 0.2703125 0.634375 0.040625 0.053125
9 0.33359375 0.62265625 0.0375 0.053125
3 0.4 0.62890625 0.03125 0.05078125
11 0.46484375 0.62734375 0.0359375 0.0625
9 0.5296875 0.6328125 0.0296875 0.05390625
6 0.59765625 0.6390625 0.0359375 0.07109375
0 0.67265625 0.63125 0.0421875 0.06484375
3 0.26875 0.54609375 0.0375 0.05390625
2 0.4125 0.53125 0.0375 0.071875
9 0.53046875 0.5421875 0.02734375 0.05078125
7 0.6140625 0.534375 0.05546875 0.10234375
8 0.728125 0.5546875 0.03828125 0.07109375
9 0.346875 0.46328125 0.0296875 0.05625
2 0.475 0.4546875 0.0328125 0.0765625
4 0.59609375 0.4453125 0.0484375 0.10234375
11 0.6625 0.4609375 0.040625 0.07109375
0 0.4171875 0.3765625 0.03125 0.08515625
3 0.2953125 0.303125 0.0328125 0.05859375
6 0.66171875 0.30859375 0.03515625 0.0875
10 0.72265625 0.29296875 0.05546875 0.115625
9 0.2984375 0.25 0.0296875 0.0625
3 0.36875 0.25 0.0296875 0.0625
9 0.48203125 0.24375 0.0265625 0.05859375
8 0.71796875 0.25 0.0421875 0.0765625
3 0.30859375 0.1828125 0.03125 0.0625
5 0.3625 0.171875 0.0328125 0.0796875
9 0.7078125 0.19140625 0.03125 0.06484375