11 0.77410659209895 0.719997396562732 0.05140850600731781 0.05449714334022708
9 0.5031855647676318 0.7379956079328667 0.030151124005408824 0.040189195337363516
2 0.704374800087496 0.6364223752387316 0.04369600334181776 0.06299998667249973
9 0.6222526434197688 0.6295643952498675 0.03571987133990877 0.04884658000477256
10 0.5630049127545869 0.6411927859245944 0.04930111334340861 0.07478237133990877
9 0.3647492260900413 0.6591268152848659 0.03643748667249973 0.04338692067154533
9 0.7525299420750875 0.54444341323205 0.03656475600731781 0.054324420671545325
9 0.5634947140754056 0.5489871045910488 0.03018748667249973 0.04331419533736351
0 0.5001498294079966 0.5442546985996394 0.03202270667568143 0.06676987667090906
3 0.4379043680776327 0.5668569519414571 0.027961915340545217 0.05344317333704538
3 0.2934276620782691 0.5732262252944109 0.038063621339908774 0.04887385200509069
9 0.6194896280633152 0.45926098591664016 0.03186816534054522 0.053488626670909055
2 0.5569259933959062 0.454519489258458 0.032077250676317705 0.07145737667090887
5 0.4868680320655424 0.477212649268003 0.03353975334181776 0.06288180800445424
3 0.43146291673295156 0.4833268366088664 0.027961915340545217 0.05344317333704538
8 0.3095788260661788 0.483963730625411 0.03671020667568144 0.06682442067154533
11 0.7403737453850885 0.37268659190009557 0.0430147506763177 0.07158464600572696
3 0.6647470367202247 0.3868496365770496 0.03187725600731781 0.05426987667090888
9 0.615555558720543 0.3897660985837311 0.027961915340545217 0.05344317333704529
6 0.5474140860518613 0.37571323659295797 0.03057838534372692 0.07690794533736352
5 0.48422374271958846 0.3842620806015485 0.03204997867599957 0.06911362667090888
4 0.354454426718634 0.37873988128582037 0.05197212734722658 0.10293464334022699
3 0.6100498987109979 0.31950814258436744 0.027998278007635945 0.056568173337045294
6 0.4817521760423162 0.3061552619350939 0.030678382678226868 0.08550169533736351
9 0.3584692173774525 0.320872837285184 0.03187725600731781 0.05426987667090888
8 0.294388536043907 0.3200557719605473 0.043832363343408606 0.07471873667249973
1 0.6571601613621805 0.20488202124445865 0.05297155334977184 0.12169373400699968
0 0.5379016313653622 0.22971039326068515 0.030705654678545004 0.08784544533736342
3 0.709839718690317 0.1659826059039135 0.03194998134149962 0.06051987667090888
7 0.6563965453532719 0.13925702124445866 0.05297155334977184 0.12169373400699968
3 0.6013550566915897 0.1766212085853219 0.028043731341499623 0.060474423337045294
3 0.48731073802513525 0.17951094593413938 0.025727253341817757 0.06279090133672716