9 0.6207595705160578 0.6667382974882331 0.037793252481199247 0.04047104139585791
9 0.4221037466947403 0.6748895369349263 0.031943512820281586 0.0489556972400564
9 0.3601302855698698 0.6814355917234647 0.034668252481199334 0.04041649431795715
9 0.29154510546224593 0.6623367642067548 0.03506851282028158 0.049010244317957155
3 0.5683858953708327 0.5677337816599205 0.033615174730940466 0.051326720779006865
3 0.5004706492997741 0.5845315438347851 0.031943512820281586 0.0489556972400564
9 0.429995483460174 0.5724912398570255 0.029454213606069857 0.04578978693163087
8 0.3593191104246447 0.5815310491097909 0.0409011358558109 0.05691820170428343
3 0.24209522312109177 0.5843578145310664 0.04053726282028158 0.04910570170428343
1 0.6921380725829724 0.4750223559302194 0.05965328990858687 0.09081196063273715
5 0.6319090479758666 0.4776348871798076 0.04498932237357565 0.060892635551659066
8 0.562467689208361 0.4936786728936225 0.03817639619489306 0.06545740462638268
2 0.4364681153870434 0.5005616927791248 0.03873932237357565 0.06078354139585791
6 0.30679988606520786 0.48565153328147825 0.04520764619489306 0.06558013555165924
9 0.2481504780834905 0.5046294042226409 0.03528683664159917 0.05369774431795715
11 0.6249184933849714 0.4098434151829847 0.04070208271265763 0.0694045649348082
7 0.44265180293826545 0.40131566924017453 0.04282966294411601 0.09832445170428343
10 0.3131826267595829 0.39889187297305273 0.06101673676543369 0.10332559740221221
0 0.2573136164205007 0.4084538336057898 0.046316381926869446 0.0726250223211343
9 0.6834994348651348 0.32529509131972284 0.03766697394515219 0.054519904626382676
4 0.6274506420610638 0.30519682549141025 0.05324062406898662 0.10397047970746058
3 0.5017763999189467 0.3386150718379623 0.029182385855810723 0.056713650162155814
3 0.3258132134011821 0.3455895949698755 0.03376072394515202 0.05445172077900686
3 0.5692229191493692 0.26484060674099835 0.030145572373575645 0.06063353693163096
11 0.3311236056671337 0.2650935714309252 0.04159249462331651 0.07176195170428326
0 0.6775684201828265 0.16771441640080076 0.04168453990858687 0.09049831493480816
9 0.6214083114153208 0.1835263770335378 0.030254734284234176 0.06297728693163096
3 0.5725705510762384 0.19296560674099833 0.030145572373575645 0.06063353693163096
2 0.5070739836650617 0.1745934821463878 0.034961504962398846 0.08023297077900682
6 0.3359609629868973 0.19475379789197483 0.03986732878371626 0.08500229139585783
3 0.4013719472711316 0.13116285633396124 0.029364322373575467 0.060619900162155814
5 0.28000636952087266 0.12235269237208776 0.04184720574818703 0.07723070170428334