9 0.6444530512412769 0.6515440290888416 0.036401124005408826 0.04130809091247105
9 0.4459610072406406 0.6643172376055293 0.030251121339908947 0.04964717292769336
9 0.38417862257323154 0.6723008339552077 0.03327612400540882 0.04118075692008212
9 0.31488372990932234 0.6548215152858582 0.03337612133990877 0.04977450692008212
3 0.5885854065881855 0.5538678744499368 0.031840893340227085 0.052054589923887916
3 0.521216093252731 0.5722305552862956 0.03025112133990877 0.04964717292769336
9 0.45027688458786724 0.5618461536131405 0.027871008672817867 0.046426672433401886
8 0.37987347792014003 0.5725236684418882 0.038935778007636035 0.05780984140676253
3 0.2626768872533673 0.5780799431564675 0.03884487133990877 0.04999734140676253
1 0.7091711739338212 0.4583723492410659 0.05651417667886314 0.09210392836490086
5 0.6489967426002757 0.46238602859454997 0.042887481341499625 0.06187525889724856
8 0.5800740199315941 0.4800311264271032 0.035910775342135895 0.06627625741437378
2 0.45423822593095775 0.48984381962075163 0.03663748134149962 0.06162059091247087
6 0.3239694705999576 0.4779725138029834 0.04294202534213598 0.06656275889724857
9 0.265947885264185 0.4982969426621759 0.03343066534054513 0.054462006920082115
11 0.6396313806095026 0.3948311140698135 0.03829997867599957 0.07027800790866542
7 0.4569552406110935 0.3905614026245573 0.03941758334659031 0.09921609140676262
10 0.32732228461172974 0.3911582633086918 0.05744087734722658 0.10463576186299814
0 0.27175353727722984 0.40201219167359276 0.04380509134309048 0.07362584239534584
9 0.695291581954184 0.3090090192030098 0.03578350600731781 0.055338757414373774
4 0.6385057799570475 0.2902391145641051 0.049637468013999354 0.10509867688202616
3 0.5139234032861385 0.3265506407615592 0.027217028007635945 0.05733233893530461
3 0.33809669995227487 0.33761942783342824 0.03187725600731781 0.05517958992388783
3 0.5788313352960017 0.2512840439175892 0.028043731341499623 0.06127042243340188
11 0.3405955386298653 0.2570870108372339 0.0391085006763177 0.07265359140676253
0 0.6838466466422739 0.15173768867066212 0.03854542667886314 0.09137175790866539
9 0.6282051739735921 0.16884161703556305 0.02807100334181776 0.06361417243340184
3 0.5796676766390922 0.17940904391758916 0.028043731341499623 0.06127042243340184
2 0.5134886933084102 0.16258364125585084 0.03217724801081765 0.08096083992388783
6 0.3429761986394103 0.18671084384103948 0.03691929201145401 0.085839340912471
3 0.4062034519812282 0.12166416399326382 0.027262481341499622 0.06123858893530465
5 0.28445572131604624 0.11569268969642636 0.039172135343726745 0.07812234140676262