0 0.758315873478195 0.620437657735803 0.04980128466927081 0.061132251809022264
8 0.49289089522968804 0.6429522241078608 0.03739220364722229 0.06438340456798422
2 0.4184903072737852 0.6390293639765241 0.03666550503399311 0.06668621099041942
5 0.2922005642076394 0.6573809735420338 0.04436890226045147 0.062408146766068026
9 0.6789355383720839 0.5369910719147256 0.030923998100139016 0.05468085594746519
3 0.5511742142838895 0.5593308186353653 0.03086944671336802 0.05233710594746519
10 0.42635539902941016 0.5400595974681807 0.04495078371934032 0.0874081467660682
5 0.7331853208571533 0.44810563433005457 0.04378767401194459 0.07096095318850323
8 0.6722841884483337 0.45286173338011493 0.04462347539871523 0.07334564676606803
9 0.2945410481557296 0.48908467492151486 0.037246733282499986 0.058133404567984215
3 0.7349465361878822 0.3893481100197952 0.03646548328249999 0.058092460990419426
3 0.6041686616628476 0.38290443747312947 0.028598431895729172 0.055339275214770646
3 0.4198482130496184 0.3949108717784401 0.02781718189572917 0.055298331637205766
1 0.28986977232017397 0.38920750565420953 0.06117584897381949 0.11400826831736569
3 0.6058025904244447 0.3186781631628699 0.030996733282499987 0.057805855947465276
6 0.4881786793302781 0.3060696997976013 0.031669533719340316 0.08671210594746528
9 0.3118707524685419 0.32626044832726325 0.03265015226045147 0.061793993102595035
9 0.7127052474345488 0.24033075588135216 0.03108765226045147 0.061712105947465276
9 0.6594529608654168 0.23764616915576373 0.030942181895729347 0.05546210594746528
9 0.5370512840036807 0.25501181083344926 0.02640015226045147 0.06146644448207601
11 0.43065581363895855 0.25433013738227234 0.03292290919430556 0.07351274310259512
3 0.37525979882131966 0.2603621313893786 0.028707534669270895 0.06002677521477064
4 0.3068000863403822 0.24283047263752278 0.05576165036059031 0.11606541327441153
3 0.7125402868534725 0.1660301187262224 0.032650152260451294 0.061793993102595035
9 0.6001857572181946 0.17817599389556454 0.027926284669270985 0.059985831637205764
11 0.4859777868534724 0.17790375622003643 0.029071210581076555 0.07565177521477065
9 0.706652656344514 0.11471328019161167 0.03270470364722229 0.06413774310259504
6 0.5952423776591667 0.10021476820582405 0.03334113649288213 0.09148149310259504
7 0.5363940545209028 0.09234803652318974 0.04119065729444458 0.12700623530067892
0 0.48515886284152787 0.10911281264247155 0.028690004084062436 0.09279833163720577
3 0.3673719507974307 0.12310779285476783 0.028017203647222287 0.06389208163720576
2 0.3095594507974307 0.12613761759456862 0.0422251740119445 0.07087906603337357