8 0.3714013841977197 0.7043618097156751 0.04423363883740707 0.058839189695149584
4 0.7155928390997104 0.60716566461089 0.06547372177703163 0.08551986436318479
11 0.5031300446346731 0.6293623305965224 0.03491320253973793 0.060347147540672094
10 0.4284202213136955 0.6148680385402404 0.059223721777031633 0.08548350292686635
11 0.3635219076113646 0.6129282886384363 0.04267113883740707 0.058830099336070064
5 0.30466526278350775 0.6274266049934107 0.047358638837407076 0.05885737041330898
9 0.6298611810250095 0.5230901255796703 0.0331324477304145 0.054088057181592396
9 0.4978671365599724 0.5457549450579029 0.02919891587924912 0.05328408128389341
0 0.4406994773041452 0.5415168969514967 0.038338302902557686 0.06895907825883114
3 0.6185392459084668 0.4449151286047325 0.03165179328391084 0.056422716822512695
9 0.5550769466341061 0.4617299238824682 0.029308043283910835 0.056409081283893416
5 0.4952927188666248 0.4496657402374426 0.03356895734906136 0.06658805718159222
6 0.29674609146196307 0.44538626463433123 0.04545139845605393 0.07134373487468934
3 0.7353150289407585 0.36670429107432323 0.037901793283910835 0.05645907825883114
9 0.5495685018989166 0.3710912883438487 0.02919891587924912 0.05328408128389332
3 0.4882044159640671 0.3808884691602038 0.028608638837406986 0.058748286104353474
9 0.36287703375008196 0.37078624043383435 0.0370386977304145 0.05411078307929138
2 0.6099851575265467 0.2894281978865732 0.038020844372369925 0.08223578307929139
3 0.5548983534428625 0.3000429901392468 0.028663202539738107 0.060310786104353475
3 0.37475698565684773 0.308368053665551 0.03329613883740708 0.0587755571815924
1 0.3001190842055689 0.2735658067888089 0.06265874582364876 0.11674713846548564
2 0.721056577582147 0.2268059989198455 0.03793899881887377 0.07989203307929138
8 0.6573115361123347 0.21315658937712095 0.034114594372369925 0.0822130571815924
3 0.540587827582147 0.22575606244614965 0.028663202539738107 0.060310786104353475
7 0.47794149464252234 0.19883449326250474 0.04272819173996467 0.1275664637974506
9 0.4320486412844778 0.2266867824901162 0.028608638837406986 0.058748286104353474
0 0.36517859981466555 0.21301919222923246 0.03829366288402421 0.09004828307929139
9 0.3057043960938012 0.23220046340466718 0.03733879809323426 0.06270453307929139
3 0.5486706568935744 0.16644014978016716 0.02718254809323426 0.06264544574527386
6 0.43004714246560416 0.14700382766965603 0.03287947658635506 0.09157896682251274
3 0.3743700613400781 0.1630828247427898 0.02952629809323426 0.06265908128389333
9 0.30715527948891275 0.16191068930236624 0.03351439364673059 0.06502555718159235