9 0.2782749367422911 0.7035785620921391 0.03711944671336811 0.05140854139585791
3 0.35503745849378415 0.6963212155007057 0.036156358757465326 0.04358240462638267
4 0.4953169663775688 0.7136195840062364 0.0447507619678472 0.07731252232113431
8 0.6252226719246522 0.7065082877391146 0.038863784669270984 0.0592483149348082
0 0.6931914219246522 0.7076946866834544 0.04969218189572917 0.05475172970746058
2 0.35854562462194395 0.6127547390396562 0.044332534669270895 0.05934377232113448
5 0.6281677935998953 0.6135531745085897 0.03968140226045147 0.06082445170428326
3 0.6967177718484022 0.6233469602224047 0.03862739532659738 0.0490920649348082
3 0.30676687870600655 0.5204075519458693 0.03406718189572917 0.05447899431795715
9 0.3613816435236454 0.5244871258091313 0.03230466014423614 0.045857970779006864
8 0.43387423936333286 0.532786595370322 0.03753767401194459 0.06937729139585791
9 0.494103224545694 0.5307116266199101 0.028598431895729172 0.05438353693163087
9 0.5510617393633328 0.5348321107915975 0.030942181895729347 0.05442444724005639
3 0.7603276365897912 0.5431742650109431 0.04187968189572917 0.05461536201270896
0 0.37798922169590243 0.44896497442915956 0.03761040919430556 0.07250229139585791
3 0.49375969206062464 0.4447332163114847 0.028598431895729172 0.05438353693163087
9 0.6138539865135413 0.4562082788106608 0.028598431895729172 0.05438353693163087
6 0.6856562513311802 0.4605878616023764 0.047039960581076554 0.07500968262956001
11 0.37688262300642333 0.3621916773512588 0.03682915919430556 0.07248865462638268
9 0.6225217781166663 0.3860185097359373 0.03404899810013902 0.05369774431795715
5 0.7484303146857982 0.3827452796214398 0.04462347539871523 0.0718437723211343
3 0.38713109840513865 0.29124793181548564 0.028707534669270986 0.05907103693163087
2 0.44350838497427053 0.28676102921769797 0.0369382619678472 0.07717615462638268
9 0.4972691646095484 0.2939519663114846 0.02796265226045147 0.060619900162155814
1 0.6858413553389928 0.2847384277550006 0.06044915036059031 0.1142903709411626
10 0.44438186037298594 0.21565364244822272 0.04013665036059031 0.1139358149348082
3 0.565802265483229 0.23731222848634922 0.02796265226045147 0.060619900162155814
7 0.6272670955553471 0.21571964650541248 0.05114688554295146 0.11725172970746059
3 0.6838255668699998 0.23702763067709992 0.034212652260451296 0.060728994317957155
11 0.44600021818052066 0.14612239244822275 0.029198497150208523 0.08016478693163095
6 0.5116615857717013 0.14570538108413703 0.03177863649288213 0.09036194724005649
9 0.5653678140202082 0.15524006817792374 0.02796265226045147 0.06061990016215577