9 0.2746364689339921 0.6501975429530062 0.042694177376317734 0.05196331677218975
6 0.4834212199225753 0.6609545011871342 0.03779843034206713 0.06586669239901041
10 0.5353829679454088 0.653102548758994 0.046788769771663394 0.09500026293212364
3 0.6664247209111585 0.670961301661988 0.03722542737631773 0.05180419239901042
9 0.741057306386422 0.6832770967265652 0.04012759288963732 0.04642637061225567
7 0.34846394669087066 0.5470019982841403 0.06475751977166348 0.09552310015828454
9 0.4186146206071474 0.5833774189755383 0.03341467787060921 0.05403428213245363
2 0.665570533649009 0.5733959798752333 0.038834348326844646 0.07213942445232177
8 0.7341441201128557 0.5902174185133199 0.04942167984777566 0.06386392319868044
9 0.29666668334499785 0.4822886289255258 0.03832501235728962 0.059639424452321774
1 0.5393489318621231 0.4823270475053528 0.04482702174882984 0.10430706677218975
3 0.6628646863107474 0.5069897298752333 0.03344651136870649 0.054815532132453625
3 0.30174150250863896 0.4153284494586392 0.035200012357289624 0.05954849623907634
11 0.3594903355124446 0.41544812140367854 0.04039684832684483 0.07218488855894431
2 0.4787669175276671 0.41267612556031363 0.03436968281352506 0.07747178213245362
0 0.5942964170333754 0.413696719450392 0.034592517300205475 0.08294053213245363
3 0.6637467539915137 0.43288464014179 0.031884011368706486 0.05477006802583091
11 0.35861890220462783 0.3366100675636125 0.04042868182494201 0.07296613855894432
3 0.4235899861970166 0.3416218279884538 0.029731262357289623 0.05938937186589692
3 0.48081223718559973 0.34796876788018166 0.027387512357289624 0.05932117570596294
4 0.5356443172236559 0.33395774366528685 0.04033052273741298 0.10885817445232168
6 0.2982769684025195 0.25370062767188467 0.042005769277371915 0.09252012061225567
9 0.4161966388587549 0.27507918566858575 0.029794929353484177 0.06095187186589692
0 0.5270068048663662 0.2751821372387961 0.030909101786885884 0.08829562186589693
3 0.5871776423187961 0.296441023290458 0.029013679353484 0.06092913981258556
5 0.6464571418245045 0.29582490934211986 0.038180432319233584 0.07524169239901032
3 0.41814645802239614 0.2080280779884538 0.029013679353484 0.06092913981258556
5 0.5337077910262018 0.20982992187853217 0.03046343281352506 0.07735812186589693
8 0.5846482085166878 0.21521375534376935 0.03583668231923358 0.07517349623907635
9 0.6397813774900485 0.22774249907556315 0.029109179847775658 0.06327288981258557
9 0.5255159476422728 0.1619918154520415 0.026765429847775656 0.06320469365265158
9 0.7012971976422728 0.1671065274470931 0.03207501235728962 0.05945756802583091