6 0.5173369911820311 0.6551128065176732 0.03843173620519007 0.06331827080156245
2 0.31363545906985546 0.6559525271667358 0.04603951831736577 0.05959385875746541
3 0.24990050769037447 0.6511935984051387 0.0401613325417169 0.05165407218833344
9 0.7214313489385187 0.5723327548465619 0.0411063568519765 0.05479725598392378
11 0.5764054539814728 0.5702461908263536 0.03921298620519007 0.06333645459715279
9 0.5190875989385187 0.577042357904444 0.032348832541716985 0.05147223423243048
9 0.4528451232487781 0.5754629805296176 0.030127913274411534 0.05376143284565984
10 0.3871349140673811 0.5637273531547914 0.05520315637700666 0.08555694671336803
9 0.5806635860482199 0.4889961908263537 0.0340751068519765 0.05463360182361114
3 0.5320623117379604 0.49324858615295086 0.030291687584671045 0.05688643284565984
7 0.45598781264247157 0.4708300319163885 0.047592052238563554 0.10410692496187508
5 0.33407186906490666 0.47444795402847195 0.03941770409301446 0.06724270459715279
9 0.26984559475464714 0.4790640252668748 0.037940413274411534 0.05394327080156245
1 0.7271058960886997 0.38961117382451327 0.07176985866099876 0.10388937262517368
3 0.5973807745374021 0.40823650009690926 0.032635437584671044 0.05694098423243048
3 0.47213179104574554 0.401007841186944 0.030291687584671045 0.05688643284565984
4 0.4098774525111348 0.39777504483416626 0.047592052238563554 0.10410692496187508
9 0.7083049864323326 0.3463521363054508 0.0387626068519765 0.05474270459715278
3 0.6501206722079814 0.33990342097472165 0.03576043758467105 0.05701371941479163
8 0.6006529387163247 0.3309109338924995 0.040898316937884614 0.06571657218833345
3 0.528696051561195 0.3341463430868051 0.02963326831736559 0.059211999050069505
0 0.34916900384518723 0.3203780498681594 0.040400349954571445 0.08599270459715277
3 0.7138799570336906 0.26975326871427024 0.03588326831736577 0.05935746941479163
5 0.6501040620766447 0.26577558995267303 0.039704309135968605 0.07271145459715278
11 0.5368880891004377 0.19272190929121483 0.033577139868663154 0.07490973423243057
0 0.42627813772095663 0.18905400826503435 0.034396011419960716 0.09053473423243057
3 0.376609008367743 0.19879333738722188 0.030496405472495436 0.06079268284565975
9 0.30979000056582684 0.19332589380798584 0.03596515547249553 0.06091996941479168
8 0.720877986771017 0.1213339525098605 0.04714499491161739 0.08068760875746532
2 0.6004426560383223 0.1264780070307634 0.03386374491161739 0.08037848423243057
6 0.5431214789691008 0.11844860790444398 0.034600729307785016 0.09444098423243057
9 0.4419307931934521 0.1286068175355899 0.02749423620519007 0.0630636976632986