9 0.7360702427593594 0.6531436797734136 0.03889941534054522 0.05468484140676253
3 0.6697185367599957 0.6605370271116753 0.03337612133990877 0.04977450692008212
2 0.4001418334261321 0.6676133339552077 0.038254525342135894 0.06637175790866542
8 0.3351799047580867 0.6600992642972751 0.04760225334181776 0.0644100098858317
6 0.5296378820814508 0.578703389772976 0.032077250676317705 0.07236708992388792
9 0.4639401567472691 0.5751274036131405 0.02790737133990877 0.04955167243340188
3 0.33670549474854167 0.5896912638029834 0.03343066534054513 0.054462006920082115
8 0.2685367500795418 0.5752732781374394 0.039053956675681435 0.06796609140676253
11 0.5966066587364514 0.48999637543852004 0.03588350334181776 0.06393250741437377
9 0.4012577960693605 0.494829749962819 0.031840893340227085 0.052054589923887916
3 0.3410197300684059 0.490249679316303 0.03190452800763595 0.05752333992388792
10 0.26980780140036054 0.4829902776431478 0.06832383334659031 0.1003939308363588
6 0.5886117980585428 0.4074703769213948 0.036019863343408606 0.07565125741437377
3 0.5324799767265882 0.41991863878439284 0.027217028007635945 0.05733233893530461
0 0.29251804805854276 0.41953527270023194 0.04155224801081765 0.08134284190105419
4 0.6509294373806342 0.3220793635755219 0.04966474001431749 0.10744242688202617
9 0.5853953440483615 0.3325658774156864 0.03036930000795408 0.05980342292769345
9 0.4666726160486796 0.3397483191264601 0.027189756007317812 0.0549885889353046
9 0.40965954738222504 0.3436346644875554 0.025654528007635947 0.05726867193911023
3 0.36052261338317954 0.3526714248676788 0.027998278007635945 0.05736417243340188
3 0.6425805880410436 0.2763039485564939 0.030342028007635947 0.05745967292769345
3 0.5800896787078162 0.2796318784042695 0.02568180000795408 0.059612421939110226
0 0.47753684337204366 0.26583331665500215 0.02833463267822669 0.08627042243340188
5 0.42124139003818006 0.26421907851800025 0.030523841343090476 0.07308467292769345
1 0.3530999173694983 0.2521448428524563 0.04200678134945379 0.12040534190105419
2 0.5324237906985895 0.2135731382901013 0.033585206675681434 0.0677432569200822
9 0.4752470900302259 0.20339698365119657 0.025699981341499624 0.06117492193911023
11 0.30656072469763496 0.2157417692401909 0.036773841343090474 0.07333934091247105
9 0.693306199355499 0.13510860418398177 0.03197725334181776 0.06377333992388783
7 0.5314056360200445 0.1260731382901013 0.03892723468331738 0.12418425790866539
3 0.4683243806890444 0.14583915163597413 0.024918731341499623 0.061143088441013085
5 0.36832438068904444 0.14991383939241518 0.032113613343408606 0.07549208992388783