3 0.58359375 0.706280416797952 0.0296875 0.051299447240056396
9 0.2515625 0.6981410397710046 0.0359375 0.05140854139585791
9 0.7171875 0.6336123043782061 0.0359375 0.04593979139585791
2 0.57890625 0.605417346181101 0.03515625 0.07170740462638267
5 0.525 0.6185389090873142 0.0328125 0.06541649431795715
6 0.45390625 0.5985479630650737 0.03515625 0.07170740462638267
9 0.39453125 0.6076678185849609 0.02734375 0.05360228693163087
3 0.71015625 0.5366145734529295 0.0359375 0.05375229139585791
9 0.64375 0.53623669804754 0.03515625 0.054519904626382495
3 0.52734375 0.5240485693957397 0.02734375 0.05438353693163087
9 0.3328125 0.5386217637964223 0.03125 0.051326720779006865
5 0.2796875 0.5103507134721108 0.0421875 0.06948638555165924
4 0.71484375 0.4437276440697805 0.0609375 0.09871991801906325
3 0.584375 0.45941905356742724 0.02734375 0.05672728693163087
7 0.459375 0.43692467045139993 0.03828125 0.10379320170428326
3 0.34765625 0.4529433624164506 0.03125 0.05679547077900686
9 0.69375 0.381640701293951 0.0296875 0.0567681972400564
3 0.58203125 0.37969064325900165 0.02734375 0.05672728693163096
8 0.3984375 0.3780485024323367 0.03515625 0.07483240462638267
6 0.34453125 0.3591388153385499 0.0375 0.0826858149348082
0 0.5234375 0.3091366355483639 0.0296875 0.08567444724005639
3 0.34453125 0.30445131533854997 0.02734375 0.05907103693163096
2 0.5859375 0.24616507710637753 0.0296875 0.0770806972400564
10 0.525 0.23103890908731423 0.0359375 0.11703354139585782
9 0.46328125 0.23933660429877582 0.025 0.059030126623205434
1 0.3453125 0.20837120210802515 0.05078125 0.12198014001588611
8 0.2953125 0.23015469886161427 0.04296875 0.0718437723211343
9 0.69140625 0.19331854098552545 0.03125 0.060701720779006776
11 0.64140625 0.18775828773911457 0.03515625 0.07483240462638263
0 0.52734375 0.16467356939573974 0.02734375 0.09032103693163096
3 0.46796875 0.17769967491562683 0.025 0.060592626623205435
11 0.30390625 0.17327345332584115 0.0359375 0.07718979139585783