3 0.6903000076349123 0.6596916532734347 0.0397817518140986 0.04408262061225567
3 0.6132464343139346 0.6759818944979461 0.0343130018140986 0.04392349623907634
3 0.6121601386677711 0.5729932868178141 0.03450397477225664 0.04939224623907634
5 0.4917930749654403 0.5780565230277606 0.03477679328391083 0.05720474623907634
8 0.35577372941194396 0.5843556503039339 0.03825645734906136 0.0674519244523216
7 0.2896130160724328 0.5792566248353979 0.06547372177703163 0.08697481426490725
6 0.6846378285936373 0.48659513407310484 0.04905754809323426 0.06386392319868044
3 0.5497444734214941 0.5053487972426554 0.029198915879248943 0.053920621865896835
3 0.37590766933781017 0.4994805451310843 0.03146082032575279 0.05164506802583091
9 0.30704854193314846 0.5046059658224824 0.03466766587924912 0.05407974623907634
9 0.49307037668687154 0.42973268329431724 0.02841766587924912 0.053897889812585476
4 0.4311160137101801 0.4159262475592246 0.04389882213985139 0.09493206677218975
9 0.2526363496450295 0.4312654057142102 0.03771082032575279 0.0518269244523216
2 0.678911162166234 0.3376946328194636 0.033759930307219396 0.07278428213245362
0 0.6190277306778883 0.33163250092443686 0.03852927586071573 0.07526442445232169
10 0.561515331040708 0.32472092286947607 0.04398066769334754 0.09727581677218974
11 0.5009225714220611 0.3389712909744492 0.03365080290255769 0.06965928213245362
2 0.44154757142206114 0.34069892702611115 0.03755705290255769 0.06977294239901025
11 0.2596800125290537 0.3413079954476535 0.044588302902557685 0.06997753087881238
3 0.6160961928362731 0.2591353752976162 0.029389888837406987 0.05938937186589692
3 0.5058308154316113 0.2654655948145152 0.028526793283910834 0.05702288981258556
3 0.3195386513664608 0.2810320735026143 0.03477679328391083 0.05720474623907634
9 0.6191418364830036 0.19426889324430488 0.03178820253973793 0.06102006802583095
9 0.5673065179713493 0.20358170876285336 0.02944445253973793 0.06095187186589692
9 0.49664927758999616 0.19315032561418533 0.027100702539737932 0.06088367570596294
6 0.44042655944116155 0.19400578345260183 0.030399317330527965 0.08829562186589693
9 0.39241564537601104 0.20554868870459364 0.029389888837407164 0.05938937186589692
0 0.558752462706539 0.11329768956252347 0.03053572658635506 0.09220187186589693
5 0.5003943256832304 0.13060486150756265 0.02993552586071573 0.07501437186589692
9 0.448613570873907 0.13835517702611114 0.02718254809323426 0.06322742570596289
8 0.39339035753439583 0.1329379028112163 0.037666180307219396 0.07289794239901033
1 0.27241565862285494 0.11070285312778545 0.06225944173996476 0.1290259219450392