6 0.3030407645976063 0.6768880750854599 0.047358638837407166 0.059912209092057724
3 0.3805482057045989 0.6838260483632826 0.03762897477225646 0.049483174452321775
3 0.5094544557045989 0.6875768371596538 0.03137897477225664 0.04930131802583091
2 0.6384698331092606 0.6944526259560251 0.04396082032575279 0.05200878087881229
7 0.2942163469042587 0.5806352007122806 0.07024306733052796 0.0894549565847754
0 0.3664187291182438 0.5921015496169239 0.040682052902557685 0.06986387061225567
10 0.4303993835647475 0.5916218279884538 0.05882441769334754 0.09770772578510503
1 0.63212557467174 0.6021741977427797 0.05833334437236992 0.0836452257851052
8 0.711485692457755 0.5951178671805364 0.0526636977304145 0.05538383346523723
3 0.3028348895551973 0.5145471994586392 0.037901793283910835 0.057295674452321775
9 0.49369550253188876 0.5044915525199178 0.03156994773041451 0.05477006802583091
11 0.698273875127227 0.507322350487489 0.042943957349061354 0.06758831677218975
3 0.3049033318433162 0.4396835917785074 0.037819947730414506 0.054951924452321776
3 0.6186657314804964 0.4402281272096662 0.03165179328391084 0.05711381802583091
9 0.746627040373504 0.4392686839527261 0.037901793283910835 0.057295674452321775
9 0.3068080830244425 0.3601324840983754 0.037983638837407165 0.0596394244523216
11 0.3762847693221117 0.3605931368430847 0.038420148456054015 0.0721394244523216
9 0.4354960782151191 0.35763327289474656 0.03178820253973793 0.06102006802583091
5 0.493953418959292 0.3554319268930971 0.033759930307219396 0.07278428213245362
4 0.4873189838427492 0.2771932666265404 0.04204614546082901 0.10892637061225567
9 0.665099243461396 0.2948534427282147 0.03477679328391083 0.05720474623907634
9 0.3785144135169964 0.22329772532288678 0.02866320253973793 0.06092913981258556
3 0.435917685749515 0.21326114726792594 0.028663202539738107 0.06092913981258556
6 0.5492981394703793 0.1970487770513817 0.03061757213985139 0.09454562186589692
9 0.6047222494518458 0.21973377078317555 0.028608638837406986 0.05936663981258557
9 0.6637971490890261 0.2128676568348374 0.03195189364673059 0.06570756802583091
3 0.7131795901960187 0.21898727619345185 0.03491320253973793 0.06111099623907634
0 0.4319543828469573 0.1444656831613033 0.030699417693347542 0.09688937186589693
5 0.5374231328469573 0.14753451035833426 0.03001737141421188 0.07735812186589693
3 0.6025124195074462 0.15645252078317554 0.02874504809323426 0.06327288981258557
2 0.6520759098887993 0.14540737219510133 0.03872024881887377 0.08073317445232168
8 0.7136582506329722 0.14329695440669724 0.04114584437236992 0.08314512061225568