6 0.2796875 0.66875 0.0453125 0.05859375
3 0.35703125 0.6734375 0.0359375 0.0484375
3 0.4859375 0.6734375 0.0296875 0.0484375
2 0.61484375 0.6765625 0.0421875 0.05078125
7 0.27421875 0.57265625 0.0671875 0.0875
0 0.34609375 0.58203125 0.03828125 0.06875
10 0.41015625 0.5796875 0.05546875 0.09609375
1 0.61171875 0.584375 0.05546875 0.08203125
8 0.69140625 0.575 0.05078125 0.05390625
3 0.28515625 0.50625 0.0359375 0.05625
9 0.4765625 0.490625 0.0296875 0.05390625
11 0.68125 0.4875 0.040625 0.06640625
3 0.28984375 0.43125 0.0359375 0.05390625
3 0.60390625 0.42265625 0.0296875 0.05625
9 0.73203125 0.41796875 0.0359375 0.05625
9 0.29453125 0.3515625 0.0359375 0.05859375
11 0.3640625 0.35 0.0359375 0.07109375
9 0.4234375 0.3453125 0.0296875 0.06015625
5 0.48203125 0.34140625 0.03125 0.071875
4 0.478125 0.26328125 0.03828125 0.1078125
9 0.65546875 0.27578125 0.0328125 0.05625
9 0.37109375 0.2125 0.0265625 0.06015625
3 0.42890625 0.20078125 0.0265625 0.06015625
6 0.54296875 0.18125 0.02734375 0.09375
9 0.59765625 0.20234375 0.0265625 0.05859375
9 0.65703125 0.19375 0.0296875 0.06484375
3 0.70625 0.1984375 0.0328125 0.06015625
0 0.42734375 0.13203125 0.02734375 0.09609375
5 0.5328125 0.13203125 0.02734375 0.0765625
3 0.59765625 0.1390625 0.0265625 0.0625
2 0.64765625 0.1265625 0.0359375 0.0796875
8 0.709375 0.12265625 0.03828125 0.08203125