3 0.7815997545558002 0.7093639981424824 0.041238921004335086 0.05256422787409356
0 0.7093152308782769 0.7056803800693519 0.04569120257436623 0.06212116439185813
2 0.5708442650791439 0.7223135701017732 0.03980522362105354 0.06808006596343467
9 0.45204105717251863 0.7403808275453713 0.03219014469597585 0.04435146753501122
4 0.7731586520237862 0.6047856600531412 0.07214728676111584 0.08828555810555194
8 0.7023834204396378 0.6135656546764576 0.04845218152767892 0.05601671360606986
3 0.505963446747997 0.6305477551717956 0.03264517100433508 0.05216396753501122
11 0.43560544411716107 0.6330413624915593 0.039577710466874014 0.06417381596343467
0 0.307525946747997 0.6397901302742396 0.05065171835938172 0.06702698821317572
9 0.7561538915710297 0.528024106909988 0.041557439420186526 0.05803297787409356
3 0.6993046520943734 0.5338053800693519 0.03590667889684287 0.05465326674922295
6 0.6252679126177172 0.5403871739068801 0.04150423151356133 0.07049659057054054
3 0.5640496915569123 0.5518555208875615 0.03278167889684287 0.05450771753501123
9 0.4995244599727638 0.5603444170824545 0.0325086631118273 0.04982021753501122
9 0.44056668892607637 0.5568234648489241 0.030301421004335083 0.05205480562435252
6 0.3771944336644045 0.5582083364367113 0.04214897362105354 0.06818922787409357
5 0.5531661284874373 0.4591414820124319 0.03525423151356133 0.07020549214211727
5 0.36589364164161686 0.4717806848651348 0.04449272362105354 0.06829838978475226
3 0.7366240996188294 0.36755964185617607 0.03843243942018652 0.057887428659881834
9 0.548570362773009 0.3802352320124319 0.03048343152767874 0.05517980562435252
7 0.48005558120297775 0.3740259274215367 0.04956663147120892 0.11528255169541116
1 0.4337721154038448 0.3863654156347124 0.051136836746998426 0.10211046360606986
10 0.36525733383381376 0.38015611104381725 0.05660558674699834 0.10236517473094038
9 0.7285771102127601 0.29664782837394077 0.03622519731269449 0.06012201674922295
9 0.6604186444136271 0.31000616108659845 0.03466269731269449 0.060049242142117175
3 0.5399696365211194 0.3132660558337495 0.029975197312694313 0.059830918320799585
3 0.6566041286991988 0.23106352378304554 0.03319120257436623 0.06153896753501131
11 0.6031984076383939 0.24216799772819764 0.035436242036904986 0.07333049214211709
9 0.3083409339467532 0.2637348984712046 0.034662697312694314 0.060049242142117085
3 0.5949161998023559 0.18066757154951518 0.03006620257436623 0.061393418320799586
8 0.5303531708631608 0.17505758044085534 0.034465276237772 0.08341396753501126
2 0.3019474498023559 0.19431281038186346 0.04494774992941277 0.0761108897847523