11 0.2874638547124035 0.6804018937110767 0.046335257710637734 0.05964841014423605
11 0.3536110060923752 0.6967912663362503 0.03930400771063773 0.059484755983923776
5 0.4317632796313256 0.6970471458952782 0.03691934740221221 0.05708645459715278
10 0.49041157670922625 0.695285930564549 0.044496068181219074 0.08850010875746524
2 0.5560638502481765 0.6952508693941324 0.03631537540538936 0.06722452080156245
9 0.6169058928618505 0.7021379554501742 0.028189229707460583 0.04907393284565984
9 0.6926189590144746 0.7078080336224312 0.039072182629559825 0.0462035059839236
9 0.7573399780891981 0.7163485386564242 0.03916764001588611 0.051672255983923596
3 0.30138207873782114 0.5994428344405212 0.033753437093786684 0.05466996941479181
0 0.36604855073464393 0.6111083394745143 0.03863185186643907 0.06571657218833345
9 0.4278627581209701 0.6070761093261462 0.030628437093786688 0.05459723423243048
8 0.6900218388840909 0.6327171146444798 0.0463625312495882 0.061210910144236054
3 0.302977580766416 0.5080365844405211 0.033753437093786684 0.05466996941479181
9 0.37218154829901196 0.5284049422480559 0.028284687093786686 0.05454268284565984
8 0.43491337338008984 0.5165783958952781 0.03874094602224041 0.07196657218833344
1 0.6369707512211112 0.5376942489531602 0.05788641233702041 0.09505923328249999
6 0.7548031335263596 0.5482525020872923 0.05280344602224041 0.07229388050895835
9 0.4359770413991531 0.4556408958952781 0.028284687093786686 0.05454268284565984
3 0.5663639707823022 0.4633650897588547 0.028284687093786686 0.05454268284565984
0 0.6289594281686283 0.45935104340607696 0.03883640340856651 0.07743532218833345
3 0.38518788311932245 0.3653600815907295 0.028366507710637735 0.05923018284565975
4 0.6954395905056486 0.36711029844007 0.05965346387914785 0.10681435087368066
5 0.7553503786550957 0.38257295070052144 0.04420969602224041 0.0720938587574654
3 0.746353254060485 0.3159303113578479 0.03696025771063773 0.05943020459715278
3 0.4530220397743 0.2403250204203129 0.026050031249588025 0.060738131458888844
7 0.56591750608908 0.22028723698531297 0.04039494926865146 0.1219847559839236
9 0.6171118133132504 0.2425811174942713 0.027653441558013726 0.0631182490500695
9 0.6874515868522006 0.24265515909739638 0.03383525771063774 0.05935746941479163
3 0.39964366964391634 0.1640521547289934 0.026050031249588025 0.060738131458888935
3 0.5119936651796895 0.17526437129399347 0.026090941558013548 0.06308188145888889
2 0.5776732122575902 0.17366681012357688 0.037232993100141165 0.07505520459715283
6 0.7395146931828667 0.17039960581076452 0.043755728489644596 0.09082567496187503