8 0.34831425832859486 0.7573950831954575 0.03988751235728971 0.0592483149348082
3 0.616123840838109 0.7659787451254407 0.03690709239534584 0.04358240462638267
2 0.27404111159835554 0.6615001562479405 0.05098417984777566 0.06334547970746059
11 0.34551686357552197 0.6533661022701809 0.044575012357289626 0.05933013555165907
6 0.48620553057171634 0.6542582207757115 0.03760742935348418 0.060769904626382674
0 0.6266395295831332 0.6614003392812421 0.04463867935348418 0.06089263555165925
3 0.6868276130812303 0.6616691205308303 0.03947367688202626 0.0490920649348082
2 0.2253900473776303 0.569961492693104 0.05785626235728971 0.05956196063273715
9 0.2961163828528938 0.5610325519458693 0.0396646778706093 0.0537795649348082
7 0.34708863384147703 0.5572314419617553 0.05997451927737192 0.09238809740221221
5 0.6189318003433797 0.5627582877391146 0.04014218034206714 0.0654983149348082
3 0.6867904623966583 0.5858333234529296 0.03800667737631773 0.05140854139585791
9 0.370488983156905 0.48180474796810985 0.03197951186299815 0.0567681972400564
9 0.48664056517212745 0.4900866266199101 0.029540261368706668 0.05438353693163087
3 0.625335650647391 0.48234408481701524 0.03732092787060921 0.05373865462638268
9 0.24036508444949928 0.39431661038785576 0.03988751235728962 0.05924831493480811
5 0.36546058494379097 0.39415474350388296 0.03873884783255317 0.06937729139585773
9 0.4274512489742358 0.4077456850618965 0.029540261368706668 0.05438353693163087
3 0.49554733296662457 0.40580708400623633 0.029540261368706487 0.05438353693163087
9 0.5596416664647217 0.4061440491032003 0.028854511862997968 0.056713650162155814
8 0.692645167453305 0.4037747999139792 0.04977184832684482 0.07191195616851029
3 0.31491409828966377 0.3299461931795714 0.03354201186299814 0.056795470779006776
9 0.43975493079917777 0.3360343262955986 0.02901367935348418 0.060619900162155814
1 0.6194888517497048 0.3188446465054125 0.047489106729801736 0.1116875223211343
9 0.6773822647915665 0.3370549042160503 0.03754376235728962 0.05920740462638267
6 0.32581444760509176 0.25430131087432306 0.04093801779449713 0.0850295649348082
0 0.39032261657845246 0.24448202597128704 0.0386261012925944 0.08576990462638268
3 0.43887286311841134 0.26174739244822276 0.029794929353484177 0.06063353693163096
4 0.5070472015594245 0.23870140462308737 0.04211585722409339 0.1139358149348082
3 0.6135054485936748 0.2546321420411856 0.032138679353484176 0.0606744472400564
10 0.6811704510651329 0.24408615421605026 0.06298677273741297 0.10883525771063773
11 0.3238646284414506 0.18703199025747208 0.04052418231923358 0.07487331493480816