9 0.7250935079950318 0.6539145188206469 0.038531234874689346 0.04475172787409356
4 0.6008747579950319 0.6597001000855625 0.052039743851679886 0.08443281203449331
9 0.5227133965587134 0.6570888304408553 0.029982936670087668 0.05216396753501122
6 0.3320611254814745 0.66127983250777 0.04566247882456533 0.062266713606069855
9 0.2718230622497579 0.6500191548813454 0.036232936670087576 0.052455065963434674
10 0.6636196768093343 0.5645652284977752 0.05905735831306043 0.0824165477664696
3 0.5292628575274936 0.5739488447088791 0.029969301131468208 0.04982021753501122
9 0.46822990875715753 0.5603808043860075 0.02765736738824671 0.05517980562435252
0 0.39635036357761777 0.5629471863128769 0.036323840260883776 0.06808006596343467
9 0.3385060473208391 0.5601710967757936 0.036232936670087576 0.052455065963434674
7 0.26430547803899834 0.5667528906133218 0.07005394564707804 0.09308222001621065
9 0.5905089088553535 0.48982424772819755 0.031563617388246715 0.05536174214211727
8 0.5373066408031767 0.4790173343697967 0.03319884026088378 0.06793451674922295
9 0.40531175223949517 0.49141678867024174 0.027657367388246888 0.05517980562435252
3 0.2802163034691592 0.48083250723871024 0.0362511173882468 0.05558006596343468
3 0.7111572312604523 0.40762171567749367 0.035469867388246715 0.055543678659881836
5 0.5322009842855143 0.40736065819111433 0.031663611338122524 0.07254924214211726
11 0.41029871320827543 0.4083495775453712 0.035569861338122524 0.07273117865988184
3 0.28995894213103657 0.4092657222925222 0.035483502926866264 0.057887428659881834
3 0.4160669241770557 0.3252459791169478 0.027684638465485634 0.05986730562435252
0 0.6586629694547914 0.249867027711987 0.037995424569839106 0.08690284057054054
3 0.5344714905320302 0.26034010897690263 0.02688975292686635 0.057487168320799586
8 0.48049706283893306 0.2511320829220547 0.03322611133812252 0.07262201674922295
2 0.41646637909571177 0.2595845918133949 0.03638292759490121 0.07823631596343476
6 0.3609112706844554 0.2473243403656528 0.03643292456983911 0.08683006596343468
9 0.3015544514026146 0.2532147754356754 0.030028388465485632 0.05997646753501122
1 0.6487380027304746 0.15577242535462213 0.05149484318774995 0.12502142473094038
3 0.5911027647325271 0.18893383581753884 0.026926114363184796 0.06373716832079959
5 0.42308401775758925 0.1881633560814185 0.031681792056281924 0.07567424214211713
2 0.3066595870394299 0.1904600643108049 0.038726677594901296 0.07834547787409347
3 0.5977704003693424 0.12610635008556245 0.027707364363184793 0.06377355562435252
11 0.43210449375348414 0.12678920843878333 0.027789177594901203 0.07783605562435252