2 0.34625963908766977 0.7589435018989166 0.03998615399835055 0.05993056070710594
11 0.2698562634608491 0.7508011304847046 0.04844351167848249 0.0555431610699257
3 0.5496096111118512 0.6776736876484316 0.031005959092057722 0.046349210344286365
3 0.48242211111185124 0.6753274484482047 0.031005959092057722 0.046349210344286365
9 0.6790136177757689 0.5844370975372308 0.03422188730530316 0.049583337748947895
10 0.620897240895307 0.5659847086998238 0.06113973997087019 0.08954613883740699
6 0.5445249575092121 0.5836508691367772 0.03782426042484133 0.0660987151536098
0 0.3548630639357028 0.5707713793035782 0.037756064264907255 0.06375496515360979
8 0.6080766436400162 0.4959351035276806 0.03715667069139794 0.06997768330244422
9 0.5480113218532616 0.4907094009879426 0.03123327962517113 0.054161710344286365
5 0.479997107746639 0.4898983799365505 0.03313676042484133 0.06593502404661714
9 0.41773278846716677 0.5064931136944816 0.03116508346523723 0.05181796034428636
9 0.22138898588074202 0.5082391190519593 0.04359688730530316 0.04991071996293321
9 0.672963509237707 0.41608640162091487 0.03686115399835046 0.05982143330244423
2 0.6067845797708203 0.4059549442718535 0.040213474531464045 0.06774306070710594
5 0.5355999015575751 0.4065972958157995 0.03325042069139794 0.06984127404661714
9 0.48679868870459364 0.41740582104354296 0.028131011678482486 0.054833832939624474
3 0.42206859897115034 0.41123517739681253 0.028199207838416562 0.05717758293962447
1 0.2869350810244617 0.4057341671451934 0.05897784639736088 0.09571429328391083
3 0.2240941002247916 0.41527036905195924 0.03984976167848249 0.05524306070710594
9 0.6611742145688411 0.3374703282999372 0.03143786810497318 0.06119296034428619
3 0.4869100004622185 0.3329489754900467 0.02826740399835046 0.05952133293962456
6 0.41501226840890715 0.33122029518282736 0.033705061757624756 0.08546627404661714
11 0.29679346582248234 0.33569448565684773 0.044187920691397944 0.07022321996293313
3 0.2417877170761235 0.3447222560752678 0.037574207838416564 0.05750496515360961
4 0.6676037224863999 0.25088798755576425 0.05860577335696497 0.10974951143274544
8 0.6000979737400411 0.2594792483555375 0.03363686559769086 0.08312252404661713
0 0.47666047374004117 0.2551687158713999 0.02988973997087001 0.08845486479079004
3 0.36138481472712564 0.26600203375008197 0.03295490399835055 0.05968502404661713
3 0.29640467240725765 0.26842514010335145 0.03295490399835055 0.05968502404661713
9 0.6529933046979959 0.1885963186812903 0.028381064264907253 0.06342758293962451
7 0.4885359996042887 0.16955859808538504 0.04180471826325771 0.12243056070710598