6 0.2879075814866801 0.70375490074184 0.04851170783841656 0.057341027735416716
1 0.550419604843645 0.5899053806058676 0.0448471502374268 0.09238817496187508
5 0.4285984291376822 0.6177238689223608 0.03686115399835046 0.05941202080156245
11 0.36338260609728634 0.6051888077519442 0.037687868104973175 0.06099270459715278
3 0.29569500092443685 0.6239401141727081 0.03741508346523714 0.05161770459715278
3 0.21786551761748427 0.6156022437317359 0.03975883346523714 0.051672255983923596
9 0.6776928101747791 0.5088709733114231 0.039068511678482486 0.054779072188333444
3 0.6110592396416659 0.5182290959365967 0.03272758346523723 0.051508601823611146
3 0.5485592396416659 0.5196837995838189 0.03116508346523723 0.05147223423243048
4 0.36273539990822246 0.5201052929343052 0.054222150237426804 0.09260638050895835
3 0.22951372294861833 0.5372590381846526 0.03982702962517113 0.0540160059839236
11 0.6107302821989606 0.4222080811189578 0.03943222453146404 0.06727907218833344
10 0.549679121932404 0.4275326671749996 0.04594664898378546 0.1033438587574654
8 0.4804517488128658 0.445539091186944 0.034903848904643195 0.0726387194147918
0 0.37022730265293174 0.45044675636517334 0.03802884890464338 0.07271145459715278
8 0.303707392386375 0.45589862899034694 0.04490097453146395 0.06740635875746541
9 0.5454522746771133 0.35814688753972174 0.02904865399835046 0.05923018284565975
3 0.3053812041439998 0.37154181278593723 0.03288670783841656 0.05697735182361115
5 0.24109138361088642 0.3808453840243401 0.045037366851332014 0.07209385875746532
9 0.6634641402748039 0.27342443579236053 0.03295490399835046 0.059321101823611146
9 0.6131231594751338 0.28630694871013834 0.031256011678482486 0.05459723423243057
2 0.5477254800082474 0.28002188753972174 0.0333413489046432 0.07260235182361115
7 0.4292482646479834 0.2734108244694441 0.04164559389007838 0.1165160059839236
9 0.3759043043022844 0.30900413877399274 0.02904865399835055 0.05923018284565966
3 0.3140718940357277 0.3143469086256247 0.03288670783841656 0.05697735182361115
3 0.4831605263264659 0.21828626016489544 0.026750368104973176 0.060738131458888935
9 0.6578171970178638 0.1455176413394439 0.028381064264907253 0.06311824905006946
9 0.6036608944314391 0.1553660732351731 0.029230510424841327 0.06548018284565975
0 0.4890671970178639 0.14944534118694403 0.030003400237426803 0.09204268284565975
2 0.4250046970178639 0.15093641242534686 0.037383991224511345 0.07738077080156254
9 0.3159108418450144 0.17065146001239556 0.03295490399835055 0.059321101823611146
6 0.26443927005825973 0.16872659052135394 0.04089543613080417 0.09073475598392364