9 0.7019865707164364 0.6828080837944416 0.03481380169541115 0.04392349623907634
3 0.5684120913946009 0.696085670624891 0.029599762820281584 0.04923312186589683
9 0.37660558105551867 0.6819225675636126 0.037521424730940375 0.05180419239901042
9 0.3187930810555187 0.6802403956185733 0.037266713606069854 0.04633544239901042
3 0.7604111927185084 0.5971266480593488 0.039865174730940464 0.05187238855894431
2 0.6944587069865321 0.5881859055811962 0.04130139619489306 0.06595762061225567
11 0.6336132522718023 0.6051400733696003 0.04030182237357547 0.061247388558944314
9 0.5078855062007438 0.5858779448397857 0.029818086641599174 0.053920621865896835
9 0.4394458753073317 0.6072922920950765 0.029454213606069857 0.046108121865896835
0 0.6891675853987449 0.5248364594212622 0.041483332712657625 0.06986387061225567
3 0.4973974623632156 0.5114546063599837 0.029818086641599174 0.053920621865896835
10 0.43575148697032146 0.5112212741483878 0.04927871608726928 0.08647470909205772
8 0.7532428939185815 0.44322039805934876 0.04989514619489306 0.06620767319868044
3 0.502988182793711 0.4304773909997198 0.029854473945152192 0.05470187186589683
6 0.31754083436528757 0.4188398943649321 0.04173804383752824 0.07533262061225568
11 0.7280373786171006 0.3543253826199426 0.04393624462331651 0.07227581677218975
3 0.6707706881703945 0.3643619606749034 0.03386988585581072 0.05715928213245362
7 0.6197882309744654 0.3418133592629776 0.055693535979645506 0.10694633346523715
9 0.5485318151348653 0.3530032603583343 0.029073223945152195 0.05467913981258556
9 0.43363456120592375 0.36526391646825584 0.0291823858558109 0.05702288981258556
5 0.37776555086684155 0.3550561906831507 0.03913958271265772 0.06979567445232168
6 0.3149016778313123 0.3454251264182434 0.04419095574818695 0.07774456677218974
5 0.7221833308506309 0.2956407044066972 0.04173804383752824 0.07533262061225568
4 0.6762158593866782 0.2802597453146395 0.05658394789030421 0.1093128155185484
2 0.6069029332079958 0.2829240925699302 0.04095679383752824 0.07530988855894431
3 0.31898555624352504 0.2823484648980455 0.0354323858558109 0.05720474623907634
3 0.38055444892376145 0.21392272532288675 0.030145572373575468 0.06095187186589692
3 0.3138035965663966 0.22134276873811148 0.03405182237357547 0.06106553213245362
0 0.705603644747151 0.14068041976696116 0.041757314515692555 0.09249738855894432
8 0.5961751408182095 0.15310020025006213 0.034961504962398846 0.08059678213245362
1 0.43311006058675117 0.11948841521461465 0.04421238047912723 0.12845762061225569
9 0.3125086162111037 0.14328596489804551 0.03572348428423435 0.06345474623907629