11 0.4053705899468588 0.7467352253228867 0.04309933664159917 0.05430706677218957
5 0.4716505614108115 0.7627072178010394 0.03528683664159917 0.05407974623907634
3 0.5459784733214704 0.7672105128656168 0.033251301695410976 0.04387803213245363
3 0.6780632272504118 0.7554499619285446 0.034922963606069855 0.04626724623907634
9 0.7285726495001528 0.7678423133404705 0.03481380169541097 0.04392349623907634
8 0.805535409839235 0.7786638045649819 0.05783392473094047 0.052395225785105026
3 0.6003684127347191 0.6619068989172786 0.032052674730940464 0.05164506802583091
9 0.6614878492524838 0.6675862490755632 0.029599762820281584 0.04923312186589683
2 0.7373782611631425 0.6721350082467632 0.05069351282028158 0.04984688730530316
9 0.7901586588057776 0.6830330558186231 0.04028255169541097 0.04408262061225567
0 0.33084997125455573 0.5705842507914228 0.04528042080199892 0.06763378087881229
10 0.46507942204034397 0.5713691639609734 0.04655397642635144 0.09497753087881247
5 0.536954422040344 0.5734605128656167 0.034051822373575645 0.06106553213245362
3 0.597891922040344 0.5752336130239012 0.029708924730940466 0.05157687186589684
3 0.7152078546291673 0.5981519389672909 0.037521424730940466 0.05180419239901042
6 0.33138931864952187 0.48165814311129085 0.04564429383752824 0.07544628087881229
3 0.4613679170779452 0.49168166396097346 0.029854473945152192 0.05470187186589683
3 0.5847155258454511 0.5100943463308539 0.029854473945152192 0.05470187186589683
6 0.7053726282028159 0.5042428145941116 0.04173804383752824 0.07533262061225568
1 0.32864100020488773 0.4058996251646022 0.0532042367654336 0.10375313730530315
7 0.5247154795267234 0.39444060259906005 0.04344824710451593 0.11205137061225567
3 0.6984633486333112 0.4229018863808663 0.0354323858558109 0.05720474623907634
9 0.7606187462759463 0.43407271859246227 0.03830267473094047 0.051826924452321774
9 0.46166751592065347 0.34735500244077544 0.029291547766469604 0.05936663981258565
2 0.7574701674922301 0.3497204506457735 0.05033179383752824 0.07558267319868044
9 0.4048138943328662 0.28250524076229294 0.0323073858558109 0.05711381802583091
11 0.5197475355653606 0.27102583465237134 0.03299874462331651 0.0719575680258309
9 0.5765069578151015 0.2836000424907879 0.029291547766469604 0.05936663981258557
8 0.34443501240599683 0.20897080087056513 0.03950345574818703 0.0776081744523216
4 0.39483311869230314 0.18547111638911357 0.04824490901517464 0.11453151293212374
9 0.4616225124059968 0.21238060886726617 0.027910984284234174 0.06322742570596293
0 0.6308626639775734 0.21106346443582708 0.03688787799792799 0.08845474623907634