3 0.24641698157109265 0.6928575450065594 0.04053314676606821 0.04519837891096028
3 0.32277808570953564 0.7071027845538029 0.037408146766068205 0.04501636838761662
3 0.5271313930364819 0.6718346005364625 0.033501896766068205 0.04478885523343692
3 0.5934148123037872 0.6703106269154089 0.037408146766068205 0.04501636838761662
11 0.7316960623037873 0.6622566612574502 0.0543876068519765 0.05690942363517095
0 0.2558539365686182 0.6019595292215438 0.05159015547249553 0.0629774131118273
6 0.39869985583592366 0.5959762977785696 0.03909015547249543 0.062249371018452494
4 0.45564921868079383 0.5942171057275472 0.04726782564431211 0.08453389469597586
3 0.5246039365686184 0.5863066242139858 0.030005082541716986 0.052373842079257396
9 0.5984132507929696 0.589796374284573 0.033911332541716986 0.05260135523343692
5 0.7324540581199158 0.5586234270424658 0.05171298620519007 0.0653211631118273
9 0.39543209294562487 0.5097125740869289 0.03251260685197641 0.05563534997176518
2 0.5989255851437087 0.49085064006958856 0.04579053482570892 0.07120714206513998
6 0.5299918786758451 0.40919038736816543 0.039045889868663156 0.07626636838761662
9 0.5959886929001963 0.4131351637471118 0.030127913274411534 0.054717592079257395
3 0.2896811391912947 0.35776220818897386 0.03588326831736577 0.060504860495108836
3 0.412869655699638 0.34046204514773376 0.0301688568519765 0.05549884207925739
10 0.46163470432015713 0.3313908820359064 0.04837330223856355 0.10562764469597585
9 0.5381153171650274 0.3284941242139858 0.03041451831736559 0.060186342079257396
11 0.5868836878118137 0.3342212084713226 0.03888211555840364 0.07314136838761662
2 0.6591681235874625 0.3222224664344175 0.04217088986866315 0.07644837891096028
0 0.34517090061125544 0.2649607871846388 0.041799075644311935 0.0842153762801244
8 0.4170868441888203 0.2599932951477338 0.04122586555840364 0.07327787628012442
1 0.661161070783072 0.2247482269577612 0.0529346494796016 0.11835515785015546
9 0.7170901662150876 0.2573185322759028 0.03576043758467105 0.05816111049510884
8 0.293922661126705 0.2025209713431535 0.04245749491161739 0.08191712891096029
3 0.3535057010407967 0.20995476876878733 0.032758268317365766 0.06032284997176518
5 0.5308461290145294 0.18482742419986836 0.03526247060135788 0.07838260523343701
9 0.7082717661696591 0.1729358270001135 0.038227018317365594 0.06064136838761658
7 0.3049630597017955 0.11075070029646612 0.06300569029820453 0.13218243942018656
9 0.5918931716421545 0.11974147951800995 0.030496405472495526 0.06174884207925735
9 0.708916897331895 0.11604108489262129 0.034648316937884616 0.06666385523343696