9 0.7800794915184354 0.7036333321370163 0.03986517473094029 0.05209077885594056
2 0.7168881327509297 0.6909721302302506 0.04851458271265763 0.07033234736759475
5 0.644595755786459 0.7013218423886354 0.04108307237357565 0.06149306070710594
3 0.5775709216260593 0.6903595497376968 0.03372433664159917 0.05421627404661713
3 0.36299899937631824 0.686897276957024 0.03830267473094038 0.05203621515360979
7 0.5124488817174724 0.6026437841286001 0.05105953990858687 0.0914806610699257
9 0.3688808182352371 0.6115698947430388 0.03376072394515202 0.05499752404661713
3 0.308797342842343 0.6152330972827768 0.039974336641599176 0.05443452885594056
4 0.7676393418088857 0.5037424595416781 0.071735912944116 0.10000248920022674
0 0.5731080918088857 0.5105356404818696 0.036269293837528235 0.0753645877489479
6 0.43955072911243864 0.5159820870311578 0.03924874462331651 0.07234871515360979
9 0.38306528866573253 0.5296924121662341 0.037521424730940466 0.05200893330244423
0 0.30359395843427417 0.5035143472827768 0.05033179383752824 0.0758556610699257
9 0.6937801567388631 0.44685010799773206 0.0385573858558109 0.05750496515360979
5 0.43925532257846334 0.442435459626496 0.03835833271265763 0.0699776833024444
2 0.6829282398658056 0.3650643946582209 0.03939429383752824 0.07547371515360961
3 0.6219179652586997 0.36562987904912425 0.029963635855810723 0.05720486479078994
9 0.5618708771693586 0.3700743315888622 0.029963635855810723 0.05720486479079003
6 0.5012950961521119 0.3463665022774347 0.03532537799792799 0.08859127404661712
8 0.37535118031251163 0.36406741216623406 0.04598889619489306 0.0663442518140986
9 0.3216439834556648 0.3534225780454831 0.03795807237357547 0.061383933302444224
3 0.692934632546042 0.29428810318840853 0.0355415477664696 0.0597395877489479
3 0.6279089460282774 0.29264624683513907 0.030145572373575468 0.06111111479078994
11 0.5565240975998539 0.28887889529119304 0.034597631926869356 0.07296627404661712
8 0.38626510152879534 0.27917405699409087 0.04173804383752824 0.07555556070710594
11 0.3242745237785363 0.2922941050873251 0.04184720574818694 0.07789931070710594
9 0.6208370006191725 0.22481390609096624 0.029582646194893057 0.06577133293962456
3 0.3843536910658786 0.22133427514292547 0.030145572373575468 0.06111111479079003
3 0.5645463052100677 0.1587003219702153 0.029473484284234176 0.06342758293962455
1 0.44806512655018593 0.1275545040915332 0.04165030665780982 0.1239112151536097
9 0.39323423138875013 0.15998754737544404 0.030254734284234263 0.06345486479078995
10 0.32484595037150354 0.13655253657567085 0.05749363047912741 0.12914435217691828