0 0.7351836312024949 0.7101576837277463 0.050538202539738106 0.06212992688202625
3 0.6582937489885097 0.7039023665412715 0.03458582032575279 0.0521182569200823
5 0.7915204220393349 0.5983315043742621 0.05374504809323426 0.06460101087441501
6 0.7133954220393349 0.6015148541839818 0.04749504809323426 0.0643463428896375
10 0.29955117684865834 0.6246366081754955 0.07280507213985139 0.09658318133065044
9 0.5757019598809501 0.5343657993547966 0.029308043283910835 0.05736417243340171
11 0.4389013643274538 0.5375929115218059 0.03825645734906136 0.06787059091247087
3 0.30695195988095014 0.5453165227002319 0.037901793283910835 0.05771434091247087
5 0.7644519466341062 0.4280972588228865 0.047795148456053836 0.07294009288963732
9 0.6961657381039185 0.4441798566554397 0.03720238883740699 0.06002625741437377
2 0.44220492440158765 0.4529632435370283 0.03981895734906136 0.06793425790866543
3 0.3763170295737307 0.47051284087529 0.03321429328391083 0.05752333992388792
9 0.6903671166897065 0.36774469064782844 0.03335070253973793 0.06142958992388783
3 0.6326091803920374 0.371662869507021 0.03329613883740716 0.059867089923887826
1 0.569508979666398 0.35702204935479664 0.04899554990733286 0.1073150928896374
7 0.31175104336872883 0.3690896037268712 0.06645586841898705 0.11582792984777565
3 0.7455605589778255 0.29038901178863596 0.037983638837406984 0.06005809091247105
9 0.6231498456383143 0.30241812098989573 0.028608638837407163 0.05967608893530461
4 0.501401331210344 0.2886023131949611 0.04223711841898705 0.11484109140676253
9 0.3139658185964723 0.32049293623638525 0.03725695253973793 0.06158875741437377
9 0.7391443786706061 0.21867317927912197 0.03725695253973793 0.06158875741437377
9 0.6120461653310949 0.2308932894689649 0.027046138837406985 0.059612421939110226
3 0.5535342608845912 0.23562455182625458 0.028608638837406986 0.0596760889353047
3 0.43567463828925296 0.24355641003893114 0.02866320253973793 0.06123858893530461
2 0.37982394237293693 0.234879088403832 0.03880209437236992 0.08349559091247105
0 0.31470737386128267 0.22970876874589927 0.0437624128840242 0.09149909190105418
8 0.7264781983633867 0.14721201475438553 0.04790427586071573 0.07606509288963736
9 0.6640327620657176 0.15132119460216117 0.03343254809323426 0.06377333992388783
3 0.6106175853866953 0.1675802059708677 0.02952629809323426 0.06361417243340184
8 0.48981401206571756 0.15842006467783584 0.03020834437236992 0.08314542243340188
11 0.385535739833199 0.17440450342286007 0.03392362141421188 0.07783583992388783
6 0.3125793894703793 0.16877126874589926 0.04389882213985139 0.09540534190105418