3 0.22578125 0.71015625 0.04296875 0.0453125
3 0.4390625 0.709375 0.03125 0.04296875
4 0.56640625 0.6984375 0.0453125 0.084375
11 0.634375 0.68671875 0.0421875 0.05625
9 0.225 0.63203125 0.0421875 0.0484375
1 0.2859375 0.62109375 0.0671875 0.07421875
9 0.44140625 0.61796875 0.02734375 0.053125
3 0.6890625 0.6 0.0359375 0.05078125
7 0.3 0.521875 0.06640625 0.09765625
10 0.5015625 0.52578125 0.0421875 0.1
9 0.61953125 0.53046875 0.0328125 0.05625
9 0.6890625 0.5296875 0.0359375 0.05390625
3 0.23984375 0.45859375 0.0375 0.05625
9 0.30859375 0.46328125 0.03515625 0.05625
0 0.36640625 0.43984375 0.0359375 0.0765625
8 0.4390625 0.45078125 0.0328125 0.07421875
8 0.621875 0.43359375 0.0421875 0.06875
9 0.69140625 0.44921875 0.0359375 0.05625
9 0.31328125 0.37890625 0.03515625 0.05625
6 0.37109375 0.375 0.0359375 0.0765625
3 0.43359375 0.3734375 0.0265625 0.05859375
5 0.49375 0.3625 0.03125 0.07109375
2 0.5609375 0.36484375 0.0359375 0.07109375
2 0.24921875 0.303125 0.0375 0.0765625
5 0.3140625 0.30625 0.0375 0.07421875
9 0.37890625 0.30078125 0.03125 0.05859375
3 0.49140625 0.3046875 0.0265625 0.05625
3 0.37109375 0.23203125 0.0296875 0.06015625
3 0.6640625 0.22265625 0.0296875 0.06015625
0 0.37109375 0.15390625 0.03515625 0.09140625
11 0.49453125 0.15390625 0.02734375 0.0765625
6 0.6015625 0.14921875 0.0296875 0.09609375