3 0.20098204729062602 0.7233065103115821 0.04455109736759484 0.04781514469597585
3 0.4142905791417915 0.7349474785297896 0.032750501814098595 0.04478885523343692
4 0.5420162750581075 0.7314269073560453 0.04825893992586607 0.08701415258848363
11 0.6103942528255889 0.7236668862387707 0.044151793283910834 0.05870714206513981
9 0.2029289824071688 0.6451360076807463 0.04387897477225655 0.05089464206513981
1 0.26424842832348483 0.6377477128859483 0.06977927586071564 0.07813197625188958
9 0.41982630572814655 0.6436777364222974 0.029198915879248943 0.054717592079257395
3 0.6681100383049514 0.6401333203972854 0.03771082032575279 0.05287437101845249
7 0.28177572342149415 0.539348010240995 0.06981648139567849 0.10152397362105355
10 0.483201814165667 0.5549939389966635 0.045679576949174815 0.10245714206513981
9 0.6010068730586744 0.5665523362528881 0.03477679328391083 0.05816111049510884
9 0.67056540490984 0.5698208203972854 0.03781994773041468 0.055999371018452496
3 0.22382930336589385 0.47256305766662887 0.03946429328391084 0.05843412628012423
9 0.2924156122589013 0.4812547891801902 0.03712054328391083 0.05829761838761662
0 0.3510465677938641 0.46118448386204863 0.03861112141421188 0.0786556210184525
8 0.42332087187754813 0.4763537285297896 0.03540427586071573 0.07612986049510884
8 0.6067335726031875 0.46981384414539595 0.044588302902557685 0.07120714206513981
9 0.675719185579879 0.4894885782897932 0.037901793283910835 0.058343121018452494
9 0.3000495521847674 0.39715280496520566 0.03712054328391083 0.05829761838761662
6 0.3579984614405946 0.39661374964706414 0.03861112141421188 0.0786556210184525
3 0.42055302514292536 0.3986914601139381 0.028608638837406986 0.06014083944842143
5 0.48109122105924146 0.3912576626883043 0.03373264845605384 0.072913855233437
2 0.5481968755057451 0.39751463894019384 0.038420148456053835 0.07318687101845259
2 0.23863339174781398 0.3176403392366599 0.04017362141421197 0.07874662628012441
5 0.30336801434315225 0.32454205759604166 0.04009177586071564 0.0764028762801244
9 0.36840273730131023 0.3228500259554234 0.03329613883740708 0.06041385523343701
3 0.4807663280454831 0.3333086547957965 0.028526793283910834 0.057797089448421435
3 0.3629910402038679 0.2536449996470641 0.03178820253973793 0.06188534997176518
3 0.656287172417853 0.26133348621053587 0.03178820253973811 0.06188534997176518
0 0.3657192253204107 0.17551999964706416 0.03834822658635506 0.09345386838761657
11 0.48915672532041066 0.18270941531914023 0.03001737141421188 0.07815509207925735
6 0.5963516664274033 0.1842557757436619 0.033043167693347544 0.09782284997176509