3 0.440625 0.66953125 0.0296875 0.0453125
11 0.5015625 0.6734375 0.0328125 0.05859375
9 0.64453125 0.6765625 0.03515625 0.05078125
9 0.69921875 0.66328125 0.03828125 0.04296875
3 0.315625 0.59140625 0.03515625 0.053125
5 0.43671875 0.5890625 0.0328125 0.0625
9 0.49921875 0.5796875 0.02734375 0.053125
9 0.56875 0.5796875 0.02734375 0.053125
9 0.62890625 0.58671875 0.02734375 0.053125
6 0.703125 0.57578125 0.0453125 0.06484375
3 0.24765625 0.52421875 0.03828125 0.053125
3 0.69296875 0.5 0.03515625 0.053125
3 0.38125 0.42109375 0.03125 0.05390625
9 0.434375 0.4265625 0.02734375 0.05078125
1 0.49765625 0.40234375 0.03828125 0.1078125
3 0.56171875 0.43046875 0.02734375 0.053125
3 0.61875 0.42265625 0.0296875 0.05625
8 0.32109375 0.35 0.0453125 0.07109375
2 0.3859375 0.3578125 0.03125 0.071875
0 0.44296875 0.34375 0.0296875 0.08203125
2 0.56640625 0.35234375 0.0359375 0.06015625
11 0.68125 0.33984375 0.040625 0.06875
4 0.2515625 0.27890625 0.0609375 0.10546875
8 0.37265625 0.27421875 0.03828125 0.071875
7 0.49453125 0.2625 0.0375 0.12109375
0 0.6765625 0.2703125 0.0359375 0.084375
9 0.26328125 0.22421875 0.03125 0.05859375
10 0.371875 0.2015625 0.0515625 0.115625
6 0.44375 0.2015625 0.02734375 0.08515625
5 0.54765625 0.21015625 0.02734375 0.07421875
3 0.275 0.16328125 0.03125 0.0625
9 0.6625 0.140625 0.03125 0.06015625