11 0.7918400335655825 0.6430840266785297 0.05185019731269449 0.06084976282028158
9 0.7248345440889261 0.6493383347840815 0.041238921004335086 0.05256422787409356
9 0.6648070967056448 0.66780154446121 0.03278167889684287 0.05450771753501123
9 0.5973388756448399 0.6795609898703148 0.030301421004335083 0.05205480562435234
2 0.5253350730281213 0.6672472344936313 0.038796460466874017 0.06413742865988184
5 0.7922957888978416 0.5702094528572121 0.05207771046687402 0.06475601282028158
6 0.657056238911959 0.5616243190683159 0.042421989406069116 0.07287672787409356
3 0.594366523112826 0.5747279406561031 0.03278167889684287 0.05450771753501123
9 0.5290145388978414 0.5824719741545491 0.030164913111827472 0.04971105562435252
9 0.39918282572954444 0.5994861538478882 0.030301421004335083 0.05205480562435252
3 0.7077395073983975 0.49032720781961087 0.03829593152767892 0.055543678659881836
11 0.4593930126600695 0.5034608703494421 0.035117723621053545 0.06786174214211708
3 0.3869565705384598 0.5240687768834175 0.03825042889684287 0.05476242865988183
6 0.3293792889684287 0.5173500500427812 0.04246749203690507 0.07365797787409356
9 0.5763992311606255 0.41419070099518523 0.03043792889684287 0.054398555624352515
9 0.5081952627306566 0.4267677837078431 0.029838689420186526 0.057487168320799496
4 0.3230922206372818 0.4228551873463342 0.06441808674699834 0.1027290477664696
7 0.6210299207219865 0.31967441356779785 0.0495666314712091 0.11528255169541106
0 0.44280621018452526 0.33972585608141853 0.03589126834526439 0.08114299214211709
9 0.614492223409292 0.2612262127820095 0.03310019731269449 0.05997646753501122
10 0.49569672077845617 0.2659758329220547 0.043961373578701314 0.11268409057054055
3 0.3869965549652058 0.29610644272301767 0.030756447312694314 0.05986730562435252
8 0.7196354787415511 0.1834757402845995 0.037590276237772 0.08355951674922299
3 0.6634232760965977 0.20019451344396333 0.030983960466874017 0.06377355562435252
2 0.49205651031158215 0.20347583292205468 0.03180300782192056 0.07783605562435252
3 0.4397582629424181 0.20669503226010094 0.029975197312694313 0.059830918320799585
0 0.7063017498588258 0.11594363792723468 0.04273280254613141 0.09159034057054054
1 0.6626504603962868 0.10622618962264574 0.05379139988706054 0.12093323821317573
5 0.6008785024896616 0.12163717390688004 0.03727175782192056 0.078090766749223
3 0.5428230787839035 0.14705885897690263 0.02850370257436623 0.06132064371369372
8 0.4920040314288567 0.13532514640429008 0.034328768345264396 0.08107021753501131
3 0.4342293287839034 0.15211669417075974 0.03006620257436623 0.061393418320799586