9 0.7606017454473768 0.7436994867284892 0.03793880169541097 0.04443309091247105
5 0.620212185894083 0.7262825405690911 0.04001072394515219 0.05543425790866543
11 0.49272288667987124 0.7179686803792483 0.03855738585581072 0.05771434091247087
6 0.4214835874656595 0.7119468320524035 0.04108307237357565 0.06171609140676253
3 0.3628170628585536 0.7079968196951139 0.038193512820281585 0.04990184091247105
3 0.29139582712657724 0.698068721368269 0.04053726282028158 0.04999734140676253
9 0.6860126602535198 0.6322725553978389 0.038411836641598994 0.05458934091247088
8 0.49026351261088463 0.6149391808735398 0.03572348428423435 0.06383700692008212
9 0.35354476261088463 0.6093683187065306 0.038411836641599174 0.05458934091247088
3 0.7484163068626976 0.5490409027361005 0.04001072394515202 0.05543425790866543
6 0.5443645076484859 0.5376073597327323 0.034342920801998925 0.06767958992388792
0 0.29325577191650953 0.5203575568435326 0.050222631926869446 0.0737850098858317
4 0.6703041153825342 0.46242297041686686 0.060017162944116006 0.09991642836490086
3 0.5398717526860871 0.45788802623463515 0.029963635855810723 0.05736417243340188
3 0.48022492493582813 0.4663743468811511 0.029854473945152015 0.0550204224334017
2 0.4150536892038518 0.45670091653908385 0.041010297766469604 0.06015359140676253
0 0.3552056542576637 0.4441253206836969 0.04397263192686944 0.07353034190105419
1 0.7289106739023709 0.3813759002646425 0.06621365901517465 0.11576426285158128
11 0.6598888461521119 0.3894802189339921 0.03928513192686935 0.07333934091247105
9 0.5365605080627706 0.38679427623463514 0.030072797766469605 0.05970792243340188
10 0.4866140119917121 0.3691637658545118 0.04564644789030403 0.10946784190105419
8 0.30625442390237084 0.3641539777940596 0.03939429383752824 0.07568309091247105
3 0.7220035483856422 0.33352864927605935 0.0338698858558109 0.05752333992388783
9 0.6580309396181365 0.3161063859301865 0.030145572373575468 0.06127042243340188
9 0.5384996896181365 0.3112358607213156 0.029364322373575467 0.06123858893530461
2 0.4205673269216895 0.307210252508639 0.040847631926869354 0.07340300790866543
3 0.30074497849326604 0.29608972729976807 0.03788529776646969 0.06002625741437377
9 0.48533399420903167 0.24122976684309502 0.029291547766469604 0.05967608893530461
7 0.3624037624059968 0.21360749113993246 0.053968370140045165 0.12072367688202616
9 0.6520634218354562 0.18798138593018648 0.030072797766469605 0.05970792243340184
3 0.5357299464425621 0.18480069471370433 0.02791098428423435 0.06351867193911023
5 0.3622004011572918 0.15901549163422407 0.038722205748187036 0.07799500741437382