3 0.544537735954844 0.6543545985754389 0.029969301131468028 0.04930131802583091
9 0.619537735954844 0.6521723214575502 0.029969301131468028 0.04930131802583091
3 0.6852172781093218 0.6408878289793977 0.03621930113146821 0.049483174452321775
3 0.7601672811343838 0.6472993018615089 0.042451120413308986 0.04654003087881229
9 0.4871979346269841 0.5747867705204781 0.029969301131468028 0.04930131802583091
1 0.5474223623200812 0.5613176524155049 0.03879031010845857 0.08861387061225567
7 0.3471910790443981 0.47262854011651945 0.056781786006157645 0.09304295783841657
8 0.42140982904439817 0.4704689950519422 0.0363238402608836 0.06745192445232177
9 0.48231551278761947 0.47416464489365745 0.02765736738824671 0.05470187186589683
11 0.5448064224285398 0.4739085806287503 0.03319884026088378 0.06736099623907635
3 0.6065069917103806 0.4752377484171544 0.03155907220870695 0.05403428213245363
5 0.6713825579671593 0.46788223799231315 0.04101134026088378 0.06758831677218957
9 0.7385609676080798 0.46748978140753783 0.04092043667008767 0.05196331677218975
3 0.2889473078689634 0.41417719411487 0.035483502926866264 0.05727294239901024
10 0.4226728680756178 0.3876337629986307 0.04278746369925486 0.10435253087881238
11 0.5397649193052819 0.4006302050019296 0.03164997579950324 0.06965928213245362
2 0.2910734101318997 0.3172567300082473 0.03871304205628183 0.07533262061225568
9 0.42538477761834237 0.32428431683869674 0.02765282220870695 0.053920621865896926
8 0.6059262504909793 0.3065332125237771 0.03869486133812252 0.07220762061225568
5 0.7262705667477579 0.2975637263138306 0.04261929205628192 0.07544628087881237
4 0.5368904250608184 0.22340011526848635 0.038940301033272284 0.11439512061225568
3 0.6086836118291019 0.23537126636384303 0.027684638465485634 0.05938937186589692
3 0.665642138956465 0.24621182647211515 0.03159997882456533 0.06106553213245362
6 0.2973648376286051 0.17569135563506788 0.043491445647078034 0.09109401293212374
9 0.35749836173090604 0.17784723753009468 0.030028388465485632 0.05945756802583095
9 0.4278517683467644 0.16877010273207405 0.02693974990180408 0.06561663981258556
2 0.5457932472695255 0.17002506268206158 0.03636929205628192 0.07526442445232169
3 0.598881885833207 0.17472928305689045 0.027707364363184793 0.06329562186589692
9 0.6512438165513663 0.17008123548503065 0.03162724990180408 0.06575303213245362
6 0.7177455153217023 0.1517427609535667 0.043491445647078034 0.09109401293212374
0 0.37049378630074525 0.09232727467711324 0.03571530708339647 0.09711669239901033
0 0.7197034459416656 0.083728546846944 0.042732921544777015 0.0949775308788124