6 0.7206866412274596 0.748702540307766 0.0543876068519765 0.05420623184962743
0 0.6625842141582382 0.7396684287732517 0.0457938568519765 0.05415623487468953
9 0.5847458192011923 0.7346541967272324 0.035351001809022266 0.048628397540672094
9 0.31020284260694064 0.7573387595661656 0.033501896766068205 0.0431505571815924
0 0.7245320154922906 0.6604258354873058 0.056277655472495525 0.06046532220870695
3 0.5920470641128096 0.6549485160090732 0.033788501809022264 0.04861930718159222
11 0.5176645398025501 0.6585053080653551 0.038227018317365594 0.05879828307929138
9 0.4540933627333287 0.6495030127876195 0.030005082541716986 0.050940331283893414
1 0.3153174677762827 0.6448433047457055 0.06083568068726617 0.08782725292686636
5 0.5892706241532893 0.5589002178044714 0.04077548620519007 0.06271816861791084
9 0.4578601718692972 0.5776280127876194 0.029718477498762753 0.04547158128389341
9 0.2771424383776406 0.5685262444408551 0.0379813568519765 0.05411078307929138
3 0.7202174089789984 0.4894093535394825 0.0403251068519765 0.05412441861791084
3 0.5301279975136092 0.4952013321676561 0.0301688568519765 0.054065331283893237
7 0.27370757915081495 0.470138741415793 0.06630110866099877 0.10269827400410492
8 0.4059745245374021 0.42016549161218475 0.04098020409301455 0.06662441861791084
2 0.357779363976524 0.4009205879231927 0.03888211555840373 0.07129828307929138
3 0.2820833231579211 0.4146381751590143 0.034075106851976414 0.05408805718159222
6 0.6583392859573628 0.3288809196980654 0.04270315637700648 0.0845977137974506
5 0.5881086731124926 0.3277274858566481 0.03888211555840364 0.07129828307929138
11 0.5289417130265843 0.33900587432213375 0.034853034825709096 0.06893180718159239
9 0.4133167130265843 0.3396785608940255 0.0293876068519765 0.05406078610435348
3 0.3533651809144087 0.3361222897185908 0.030291687584671045 0.056409081283893325
3 0.29855485018171407 0.3387842022863774 0.034197937584671045 0.056431807181592394
4 0.7111986923343695 0.24422411856659715 0.061900213703953 0.10813975292686617
10 0.5926567322484612 0.2558479406771083 0.0529346494796016 0.1158977107723885
9 0.7115605404799187 0.20751445892567683 0.03843173620519007 0.06270453307929139
8 0.5899688234966054 0.18791555211342678 0.03386374491161739 0.07986021682251274
2 0.48302278267800247 0.2018149465308408 0.03164282564431211 0.08219033128389333
9 0.42837622625556737 0.20135185909862746 0.029510437584671045 0.056404536104353475
3 0.3669883469023537 0.2103001331027325 0.030496405472495436 0.060315331283893325
3 0.31122966983313227 0.20125238602959877 0.032840155472495434 0.060328966822512695