2 0.2947838392789251 0.7182254780394528 0.047215888465485634 0.059139190006363404
6 0.6447702037403056 0.7199543467536322 0.03628747882456516 0.06057442067154532
3 0.7048491856881289 0.707373078095132 0.036219301131468026 0.04885567067154515
3 0.3122935261454044 0.6395283133752253 0.03545168667008758 0.051190330004772376
9 0.370069664709086 0.6339510227164068 0.03155907220870695 0.05348862667090888
2 0.5582372852205907 0.6166106234086328 0.03322611133812252 0.07147555800445424
3 0.6996935321955287 0.6268497840944957 0.036232936670087666 0.05119942067154533
7 0.7604764960911752 0.600996356102768 0.06773292154477702 0.09453179734245402
6 0.3109259479847691 0.5387379727084526 0.04335509026088378 0.06690623667249973
9 0.3719270804983264 0.550384544716725 0.0315636173882468 0.05426987667090888
9 0.5672532160369459 0.5550009614099055 0.02762555113146803 0.04875567333704538
9 0.6968589028052292 0.5424475120941775 0.03625111738824689 0.054324420671545325
1 0.37368904751723087 0.4504118167170431 0.0459397347764936 0.10833975867281787
4 0.5557066619786115 0.4501861920750875 0.03886303298109546 0.10044544267186346
0 0.6213089360809124 0.4470435580839961 0.03638292759490121 0.07698067067154532
3 0.7361572312604523 0.4491611360995863 0.035469867388246715 0.05431533000477255
0 0.3662669120768073 0.38314250071608863 0.036401108313060516 0.08010567067154514
11 0.498279981358648 0.3815538234006787 0.03164997579950324 0.06911362667090888
9 0.5592992945903645 0.39632539540895106 0.027684638465485634 0.05891192333704529
3 0.6155083879745064 0.38994867341658707 0.030001117388246713 0.054251695337363515
5 0.7326140747427898 0.37724977343249544 0.04258747579950324 0.06924089600572705
9 0.3752782977136226 0.32075158871736126 0.02688975292686626 0.05655908267027261
9 0.4354345477136226 0.3214515700588609 0.026889752926866173 0.05655908267027261
5 0.6056561441228264 0.30780833541531444 0.03557440651766246 0.07228408000477256
3 0.6713584121750031 0.32185320142422313 0.03159997882456515 0.06051987667090888
8 0.3779533249391815 0.24344420138445216 0.03171360831306051 0.08005112667090888
8 0.5529624152982612 0.247043010741542 0.0316954275949012 0.07692612667090888
9 0.6037073038619427 0.241383904081769 0.026912478824565156 0.06046533267027261
10 0.6637862858097658 0.22880263542326856 0.05217609923787414 0.10606873400699968
3 0.7146538942210222 0.24423727876349552 0.033153388465485635 0.05897555800445442
11 0.32447834611461623 0.1826697860439071 0.03636929205628192 0.07463692067154523
3 0.7135363009350764 0.18641568809672285 0.03161361436318479 0.06286362667090888