3 0.2780384879923131 0.6828796623116208 0.038977583465237144 0.05187238855894449
4 0.47157553932509655 0.6689632294795219 0.04551473997087001 0.08875026293212365
9 0.552189041832379 0.6932023630239013 0.03429008346523723 0.05173599623907634
8 0.6798283085254265 0.6867514377136498 0.04496917069139812 0.07000026293212365
0 0.7515130919115214 0.6685075545649818 0.05740097453146405 0.0680202257851052
9 0.6124255113492781 0.5847055529156291 0.032886707838416386 0.05715928213245362
6 0.6871981908161647 0.5947003300335179 0.048943616851332014 0.07245767319868043
2 0.27801105892113787 0.5225870199917527 0.04880722453146387 0.06777017319868044
5 0.47175269873372355 0.5016393371596538 0.03708847453146404 0.06742919239901024
1 0.546403357746639 0.4889551322242312 0.051347202823851745 0.10140938730530316
7 0.6785937321198183 0.48732809923384773 0.060790398983785646 0.1040259219450391
8 0.7468436269469688 0.5065160199252456 0.057219118104973175 0.0617702257851052
10 0.2887332617449895 0.42281434052486605 0.06143525666391758 0.09936115399835047
3 0.5448696014784329 0.43417670401098574 0.028980457838416386 0.05704562186589683
3 0.6701878502247915 0.42687633254080026 0.03451740399835046 0.05954849623907634
3 0.29863711064963283 0.3511666610579795 0.03690661810497318 0.06117919239901033
2 0.3533473427029442 0.35197665478977336 0.04037259890464338 0.07298887061225567
9 0.4197990568095669 0.3523463793212373 0.02904865399835046 0.05938937186589692
3 0.5425235029695008 0.3535715616911178 0.02904865399835046 0.05938937186589692
5 0.6714524850228122 0.356541100487489 0.042716348904643195 0.07305706677218975
3 0.3030722095542762 0.27935985721791357 0.03300036810497318 0.06106553213245362
11 0.35849549544765347 0.2825363330030187 0.03816524122451135 0.0776081744523216
3 0.48340456723440806 0.28929846153283323 0.028312868104973177 0.06092913981258556
9 0.6517370300873896 0.2816858529947714 0.03139240399835046 0.05945756802583091
6 0.7208280108870596 0.2719675236861694 0.04551473997087001 0.08875026293212374
0 0.4165556995251463 0.1950878087881239 0.03404604255729495 0.09700303213245362
11 0.5920868969387215 0.2087962707831755 0.03513116943775678 0.08064224623907634
9 0.650058521311901 0.20500969272821473 0.029230510424841327 0.06563937186589693
9 0.7139391648854102 0.21312372109974467 0.03150606426490725 0.06336381802583091
9 0.3098343380840906 0.15445078543115892 0.03300036810497318 0.06106553213245362
3 0.5991014265638928 0.1558303951563549 0.029230510424841327 0.06563937186589693
9 0.6585900868304494 0.15365178120801679 0.03318222453146404 0.06731553213245363