3 0.698421260057145 0.7110270262308235 0.03779543667008767 0.05274654172311397
4 0.5055661395456401 0.6813827125722991 0.04347781010845857 0.0897518967660682
9 0.4241888745185255 0.698999580505552 0.03310793667008767 0.0525008802577247
8 0.296904211852543 0.6821695273624773 0.04336872579950324 0.07100189676606802
0 0.22592863652057807 0.6581311618040735 0.055855090260883776 0.06931324400710608
9 0.3677984948336386 0.5858544493433161 0.031577252926866264 0.057887743102595125
6 0.29275304303824046 0.589736365897088 0.04728861133812261 0.07355036465389268
2 0.7040405218628057 0.5511164376962128 0.04726134026088378 0.0688628646538925
5 0.5112263079671593 0.5144408740376883 0.03554259026088378 0.06824871099041943
1 0.4370939163784156 0.4957074841690252 0.04901928298109546 0.10253850180902227
7 0.3050944826351943 0.4833192695605611 0.05840791851971492 0.1053735747398008
8 0.23624448868531847 0.496903734734852 0.05581872882456533 0.06306324400710608
10 0.6968098048439012 0.450707001920564 0.05916189744247617 0.1007270183173656
3 0.44053707894620225 0.44118375847928465 0.02767100292686635 0.057683025214770645
3 0.3156007114597596 0.4236952860689045 0.033153388465485635 0.06031338025772488
3 0.6894154613615637 0.37842256614491515 0.03550622882456515 0.061998710990419426
2 0.6347325065411036 0.3747752657153739 0.03869940651766246 0.07388123530067894
9 0.5683353469001832 0.3697325616223594 0.027684638465485634 0.06002677521477064
3 0.4456927324388026 0.3609606699446739 0.027684638465485634 0.06002677521477064
5 0.3167910276183424 0.3534237296464694 0.04104315651766246 0.07400406603337358
3 0.6874898678792262 0.3064247354122206 0.03159997882456533 0.061793993102595035
11 0.6320120275201464 0.30508024140511436 0.03638292759490121 0.07844590456798421
3 0.5069938468019872 0.30165426899473424 0.026912478824565156 0.061548331637205855
9 0.3390978196746242 0.28035139981828594 0.030028388465485632 0.06014960594746528
6 0.2704159973677213 0.2650296149925768 0.04347781010845857 0.0897518967660682
0 0.5770614279876847 0.2131107473980082 0.03180905708339647 0.09773149310259503
11 0.4012301810127468 0.2124921924459111 0.033276108313060604 0.0814071302577248
9 0.3434494972695255 0.2039936177061103 0.027720999901804166 0.06627677521477064
9 0.279350635833207 0.20688624434579048 0.030051114363184705 0.06405585594746528
9 0.6850920966055956 0.18126096110196105 0.03159997882456533 0.061793993102595035
3 0.3960705032214539 0.15908058740295697 0.02772099990180408 0.06627677521477064
9 0.3367182291191529 0.1520626255080264 0.03163634026088378 0.06804399310259504