9 0.7482133663080923 0.7542052954596382 0.042437484874689346 0.04370513555165907
5 0.6638565470262515 0.7588030665629566 0.042482936670087665 0.05151763555165907
2 0.5324929175377563 0.7415627938347851 0.035497138465485634 0.05920740462638267
9 0.4762247368195971 0.7394196412369973 0.027593734874689524 0.04344603693163087
2 0.3340326916400572 0.7411202832814783 0.048764752926866176 0.05709547970746058
3 0.26839860128097764 0.7407032719173925 0.03853123487468953 0.04363695170428343
9 0.7344276013791735 0.667718370540716 0.03543805113146803 0.049051154626382674
3 0.6632929447633152 0.6619280665629566 0.03309430113146803 0.049010244317957155
0 0.6038361315315987 0.6489019610430695 0.03627838846548563 0.05922104139585791
9 0.5343276074292976 0.6540218835263596 0.029969301131468028 0.0489556972400564
9 0.33663045081343945 0.6504407362035776 0.03153180113146821 0.04898297077900686
11 0.7307162732185382 0.5669916676186167 0.04565338846548563 0.05938468262955983
6 0.5282998003459012 0.5580235909126857 0.03161361436318479 0.06304547077900687
3 0.6700600534691592 0.4821041988682048 0.03154543667008749 0.051326720779006865
9 0.41530892095560185 0.47561228571711023 0.029969301131468028 0.0489556972400564
7 0.6609799692583996 0.3986604533324317 0.05841246369925486 0.1041341209411625
9 0.48439019818116086 0.3970548632338201 0.02688975292686635 0.056713650162155814
6 0.35472087889932 0.40244356696669836 0.03635565651766246 0.07250229139585791
0 0.5394635175611974 0.3281179026010831 0.030151108313060605 0.0802056972400564
1 0.42295272843178183 0.3121810312528834 0.03814541549465282 0.1115920649348082
8 0.36519931576579934 0.323346402194046 0.042551114363184706 0.06323638555165925
3 0.29956977058625955 0.32371064082996026 0.035483502926866264 0.056863654626382674
5 0.7180061531980128 0.2624950823912691 0.03871304205628192 0.07488695170428335
10 0.6632277496072165 0.24782465625453104 0.052207915494652826 0.11183752678536116
3 0.5343396803253758 0.25319972321793405 0.026903388465485633 0.05905740016215581
8 0.42257547852997773 0.2473372812528834 0.033230656517662285 0.07244774431795716
3 0.36013456586399517 0.25858447281089697 0.027684638465485634 0.05907103693163096
9 0.30463854478675634 0.25486518344363407 0.0331261173882468 0.05447899431795715
11 0.7183601563212707 0.18904394562179394 0.04104315651766246 0.07258411201270883
4 0.43460277985783763 0.16586909294128066 0.042860186571891744 0.11636138555165916
3 0.37219368344863374 0.18258503449929425 0.027693728824565333 0.06063353693163096
3 0.31210561114173085 0.19535381574888236 0.03159997882456533 0.06070172077900682