9 0.46515341907937086 0.7186779946844747 0.02984639469597585 0.04440177521477064
9 0.33922795591107385 0.7011076351189648 0.037476884172632195 0.04168621099041943
9 0.2782904559110738 0.6979140360689046 0.03545165258848364 0.0470321302577247
1 0.19942200326612042 0.6796752911572872 0.07104751834526431 0.08316770409301455
8 0.40558026898054883 0.6113324841690251 0.041557439420186526 0.05825623530067894
11 0.3466224979338614 0.6145117158516594 0.03935019731269431 0.06047715456798421
10 0.27417835053646245 0.5801533259829962 0.06929530254613132 0.09320112336031983
9 0.21789055318141584 0.59130883197589 0.03857665258848364 0.04719590456798421
3 0.6108207768024695 0.5452924836031983 0.03434417889684287 0.05476274310259512
3 0.41996826364828976 0.5392085006773686 0.030301421004335083 0.05221427521477064
8 0.3549270925733675 0.5122907965843541 0.03980522362105354 0.06828965456798422
5 0.2279095662650083 0.5134704370188442 0.05207771046687402 0.06503850180902226
2 0.6756637977785697 0.4679763890756937 0.04931673151356133 0.07112472749876275
4 0.6144000740869289 0.4569293464480685 0.05844880780780315 0.09419041327441154
6 0.49132659513361626 0.44421026119281815 0.03557274992941295 0.07585649310259512
3 0.23889183987194446 0.43254798563936314 0.03907718152767874 0.055789654567984216
9 0.6128900529696544 0.3886739914051144 0.03452618942018652 0.057887743102595035
9 0.4944662766612951 0.3903040111928181 0.02965667889684287 0.05451708163720568
2 0.4382463687405524 0.35993043645301726 0.03539073940606911 0.07273149310259504
3 0.3797513292780136 0.36861936171321646 0.030619939420186527 0.057683025214770645
11 0.24771237400222432 0.3483777035271876 0.04697298151356133 0.0710018967660682
6 0.440407379193309 0.2824638557203227 0.036164284130279965 0.08601274310259503
3 0.3912418370999342 0.2924253539113003 0.030619939420186527 0.057683025214770645
7 0.2671063870858167 0.2710306315009202 0.0628478814712091 0.11622918758467105
0 0.6170300633518236 0.23686582993972513 0.04038905254613141 0.09168621099041943
0 0.4452383633377062 0.21297354929788756 0.03492030254613141 0.09139960594746528
3 0.3963913396601829 0.21746629748886526 0.03006620257436623 0.061548331637205765
3 0.27594233176767513 0.21350473654387433 0.03865995257436623 0.061998710990419426
3 0.6224224896178306 0.18464491067241978 0.03332771046687384 0.06405585594746528
9 0.568645042234549 0.16615386024287843 0.028776718359381802 0.06615394448207601
9 0.4629032764495336 0.1653139772716202 0.02772245257436623 0.061425500904511134
5 0.34001180801956465 0.1494698920163698 0.03947899992941277 0.07606121099041943