3 0.27076169411716106 0.6420761175670358 0.041102413111827295 0.04999734140676253
3 0.46593768622465326 0.6317739930427366 0.0325086631118273 0.04964717292769336
3 0.5918932414722077 0.6430868833471853 0.03219014469597585 0.04417842292769336
5 0.26714459947765495 0.539636867072744 0.05065171835938172 0.0667537598858317
9 0.39737042577189674 0.5570405898867067 0.03375264469597585 0.044242089923887916
5 0.5830349099868812 0.5447767173395742 0.03645271046687384 0.06383700692008229
9 0.6495699626035998 0.5577277034994097 0.03264517100433508 0.05199092292769336
6 0.7206259152485531 0.5407365216744677 0.0467454683593818 0.06659459239534585
3 0.2753141442724528 0.47822186460128613 0.04059417889684287 0.05465300790866543
8 0.3975153679640936 0.46541150540002646 0.041367723621053544 0.06793425790866543
9 0.5224243627024217 0.4587556457044751 0.030483431527678916 0.05502042243340188
10 0.6450351100715859 0.45297653650321534 0.056522286761115835 0.08725726087441502
9 0.7145586547957965 0.46345643867066216 0.03420767100433508 0.052054589923887916
0 0.394618610142173 0.388785338403832 0.03961550782192056 0.07799500741437378
9 0.45803636803468073 0.38855057505795915 0.03043792889684287 0.054239172433401886
7 0.5206805812029778 0.3750345617120863 0.04428759727034191 0.10468484140676253
11 0.40390333390440086 0.30618108543808253 0.03929698940606911 0.07252625741437377
3 0.5155233733669398 0.3133794787082807 0.028276189420186525 0.05726867193911023
9 0.5801396102127601 0.30683104836621344 0.02997519731269449 0.05967608893530461
1 0.7033950996894165 0.2986763556668565 0.06207433674699843 0.10229201186299815
9 0.2929133550216755 0.2425735246773983 0.03631620257436623 0.0614932569200823
9 0.33845336817585514 0.24463343178776098 0.03438968152767874 0.05517958992388783
3 0.5798519129000658 0.2481099643738247 0.029838689420186526 0.05733233893530461
11 0.6942861392225425 0.2363991901535369 0.04012374203690498 0.07333934091247096
4 0.2757797919522004 0.15008227714885625 0.06298438936371689 0.1179170118629981
3 0.3509918945548015 0.17755867832771982 0.03319120257436623 0.06136592292769345
0 0.5699694077089811 0.17255154886050503 0.03478379465362345 0.08870967292769345
2 0.6886739050781452 0.16693160714973126 0.037590276237772 0.0833682569200822
6 0.29442410516284984 0.09372218920213478 0.04351405254613132 0.09140359140676257
8 0.4023199051487324 0.10420474996281896 0.036027776237772 0.08330458992388783
3 0.619545202503779 0.10944937098989574 0.03020271046687384 0.06358233893530466
2 0.6888944419804354 0.10349118965924531 0.04526626834526439 0.08134284190105419