3 0.26695944368910657 0.6583366518867795 0.04081975180902227 0.049551370612255674
3 0.4621491129564119 0.6616759152146147 0.03222600180902226 0.04930131802583091
3 0.5880089280852743 0.6817192937444292 0.031939396766068204 0.04383256802583091
5 0.26393958502810777 0.5560610980467136 0.050273316937884706 0.06620767319868044
9 0.39403319877748916 0.5824681368430846 0.033501896766068205 0.04387803213245363
5 0.5797250373120999 0.5831908655311837 0.03608798620519007 0.06345474623907635
9 0.6461689088633975 0.6007253580093364 0.032348832541716985 0.05164506802583091
6 0.7173069244672297 0.5887542069139797 0.046367066937884616 0.06609401293212365
3 0.2724647359780475 0.49546457884638356 0.04028416327441153 0.05421613855894449
8 0.3947115502023987 0.4912210112162641 0.04098020409301437 0.06749738855894431
9 0.519629663047269 0.4932956397460785 0.0301688568519765 0.05470187186589683
10 0.6422449694697041 0.4960833221159591 0.056025349954571445 0.08665656551854858
9 0.711691010288307 0.511364992807357 0.033911332541716986 0.05169053213245363
0 0.3922615796010408 0.4147039753228867 0.03916872060135788 0.07758544239901041
9 0.45566566033373557 0.4188890216411053 0.03012791327441171 0.053920621865896835
7 0.5183737002478273 0.40979281795932393 0.043685802238563554 0.10423887061225567
11 0.4020250039567289 0.3330819022824909 0.03888211555840364 0.07211669239901033
3 0.513576657620202 0.34802860385270123 0.027947937584671224 0.05697742570596294
9 0.5782156897323777 0.34600911427754255 0.02963326831736559 0.05936663981258565
1 0.7014894154221182 0.3464757787007343 0.06149077792830404 0.10163670783841657
9 0.29143166270858467 0.2619988609788372 0.03596515547249544 0.06111099623907634
9 0.33694888059640904 0.26722357007089503 0.034075106851976414 0.054815532132453625
3 0.5782699214150119 0.2875062924907879 0.02951043758467122 0.05702288981258556
11 0.6927451792169281 0.28381665432755493 0.039704309135968605 0.0729206744523216
4 0.2748406269783644 0.16868913017916715 0.0623096494796016 0.11726170783841647
3 0.3498749265033946 0.2012946931904332 0.032840155472495434 0.06102006802583091
0 0.568829644391219 0.21156591811760847 0.03427318068726617 0.0883638180258309
2 0.6875387008136541 0.2142399402209323 0.03711157564431193 0.08298599623907635
6 0.29380863297125825 0.11385687767188468 0.04298976141996071 0.09095762061225568
8 0.4016178109449909 0.13181491897553832 0.03554907564431194 0.08294053213245363
3 0.6187610453411587 0.15217419774277965 0.02983798620519007 0.06327288981258557
2 0.6881285210308992 0.15107235048748896 0.04480124491161739 0.0808695667721897