9 0.31671591907937086 0.6755585022763115 0.038758663111827296 0.050111315963434676
11 0.3905251454018476 0.6791329584387833 0.03843243942018661 0.057887428659881834
8 0.45209968223355046 0.6653572487616549 0.04063968152767874 0.05565284057054054
1 0.3176329479479788 0.5929279387940762 0.061164284130279786 0.0869948858558109
0 0.39226892690129145 0.5956847576529951 0.038796460466873926 0.06413742865988184
6 0.4573779874105178 0.5747322487616549 0.03631620257436623 0.06168451674922295
4 0.5189980268730566 0.5601752890845265 0.04792853676111584 0.08715755169541098
3 0.6461219689946662 0.5713952713018461 0.038758663111827296 0.050111315963434676
3 0.3376717031390636 0.5164189427230177 0.03434417889684287 0.054580492142117264
5 0.45710424260160243 0.4991693225829724 0.03645271046687384 0.06402826674922295
3 0.6507177347090947 0.49248902130184613 0.03825042889684287 0.05476242865988183
9 0.7194677347090946 0.4892869385891885 0.04137542889684287 0.05490797787409356
9 0.28761776620853857 0.4260336912752756 0.03829593152767874 0.055543678659881836
9 0.3407049688534919 0.43758546733012355 0.03043792889684287 0.05439855562435234
9 0.40573072937683563 0.4314403211352304 0.03043792889684287 0.054398555624352515
11 0.4683140293627182 0.4137219741545491 0.035117723621053545 0.06786174214211708
3 0.5205289767459996 0.4268726375129499 0.029702181527678916 0.05514341832079968
7 0.6513918398719445 0.38727498242671665 0.06377334463950604 0.10503641046291667
6 0.2900062898154747 0.3448928531859344 0.04494774992941286 0.07611088978475226
3 0.4055479898295921 0.354314894956548 0.030619939420186527 0.05752355562435252
0 0.5327020240304592 0.33826390178097354 0.03589126834526439 0.08114299214211709
2 0.5858270240304592 0.3357895651393744 0.04026024992941295 0.07589256596343467
9 0.6533330424463106 0.32719150703382255 0.03466269731269449 0.060049242142117175
10 0.3541590660532468 0.2600961681159118 0.04924811305535766 0.10981380169541106
3 0.4181004687123176 0.2859458846174658 0.02970218152767874 0.05514341832079959
3 0.4713164739739894 0.28190904797586663 0.029838689420186526 0.057487168320799586
5 0.710416771329036 0.2567484203922234 0.044765739406069115 0.07298588978475226
8 0.5355147528425974 0.19633111290584407 0.03916048151356151 0.07038742865988179
3 0.5899292370575819 0.19847150165713906 0.030756447312694314 0.05986730562435252
9 0.6466874712725664 0.20050272849777526 0.03438968152767892 0.05536174214211709
2 0.3687969606786355 0.1425447950803825 0.034328768345264306 0.08107021753501131
9 0.7033084685711433 0.12462727915972902 0.03475370257436623 0.061611742142117176