2 0.73751216056655 0.6940449875516921 0.056123278007635946 0.05948068678935066
3 0.6655462538988228 0.7060437295885971 0.03643748667249973 0.04506187101845249
6 0.46916160256209577 0.7424648899284142 0.035747143340227085 0.05282886838761662
11 0.3301990998965957 0.7419706082172087 0.04353237133990877 0.05094014469597585
3 0.2566161492282321 0.7587478555157856 0.04112498667249973 0.04533488680346807
9 0.6664553205760951 0.6279187295885971 0.0364102146721816 0.042718121018452494
11 0.334360435908686 0.6527260976938651 0.042842028007636035 0.05870714206513981
3 0.2593422545751406 0.6586568502541138 0.03880850867281786 0.04754212891096028
9 0.655818359922049 0.535632519051136 0.03577441534054522 0.055172618387616626
3 0.5910382445894581 0.5339404874105178 0.031840893340226904 0.05260135523343692
0 0.5231240385900945 0.5332117162932432 0.03356702534213589 0.06675486049510884
3 0.4721337032543218 0.5541381372975783 0.02790737133990877 0.05003009207925722
9 0.2736962032543218 0.5656958055299031 0.03571987133990877 0.05048511838761662
6 0.720117764600594 0.44444680595342606 0.04919202534213589 0.06766491311182747
9 0.46141492659932126 0.46888317676011715 0.027934643340226904 0.052373842079257396
1 0.39895128926641216 0.46939838722699107 0.0526261080124085 0.09440942363517095
8 0.3365058332670485 0.46835109769386507 0.04142497867599957 0.07111613680346807
3 0.26926378926641215 0.4769518239457545 0.03655566534054513 0.05521812101845249
5 0.6477075099459115 0.36044280325200295 0.03827270667568143 0.0685903762801244
3 0.3381325152769117 0.3956493450630291 0.03577441534054513 0.055172618387616626
8 0.6454733952896383 0.28406231377534674 0.043796000676317705 0.07359639469597586
9 0.4632966946212749 0.3071644267601171 0.02724430000795408 0.06014083944842143
9 0.4085182879535476 0.31816211091863184 0.027189756007317812 0.055453339448421436
9 0.3459001092855022 0.33195857138550583 0.031840893340226904 0.05260135523343701
9 0.4672762172979107 0.23354491623677345 0.027262481341499622 0.061703339448421435
3 0.40952735196531975 0.23144336091863185 0.027244300007954258 0.06014083944842143
4 0.3368801926320925 0.23489385558637282 0.05285337468172653 0.11394067363517105
7 0.2822017832988652 0.23729778974488758 0.05991189668204475 0.11669394731269431
5 0.6924585779758192 0.13767316118686307 0.03917213534372692 0.07879212891096028
0 0.6339830066438648 0.13092960849955743 0.03698292667886314 0.09193687101845249
10 0.3970369899745466 0.16424815564284256 0.04419599001431749 0.10797139469597586
2 0.28839778664068305 0.1744792713290361 0.043796000676317705 0.07359639469597586