9 0.6541607187919831 0.6311341443373755 0.03429008346523723 0.05230951674922295
8 0.5849249854850307 0.6242163643535861 0.03920490399835046 0.06034034057054072
3 0.5180640944188039 0.642934285155585 0.030937762932123646 0.04435146753501122
7 0.44672029183237905 0.6548392797789016 0.050597045064577274 0.07647476282028158
9 0.3115185777257564 0.6626967832935582 0.036406512932123734 0.04460617865988183
9 0.7164908857224574 0.5268062092673529 0.03959970909205772 0.04709547787409356
2 0.6505249049227875 0.5415814927657989 0.04701740399835046 0.060704213606069854
9 0.3880476369760987 0.5530263767595829 0.03279577962517113 0.05458049214211709
9 0.580763985880742 0.4722728746926683 0.03279577962517131 0.05458049214211709
1 0.452653357746639 0.4509330297789015 0.04089543613080408 0.09162672787409357
3 0.3973748243605441 0.47379264102760654 0.028889529625171127 0.054398555624352515
10 0.7143697592377071 0.3583836949993292 0.07016539898378564 0.10547305810555185
11 0.648608366917839 0.36612772849777525 0.04262542069139794 0.07064213978475227
3 0.5724406720115462 0.38293854694240936 0.028980457838416386 0.05752355562435252
6 0.4600997963847256 0.38270956865403105 0.03513116943775678 0.08121576674922296
9 0.6412337876092369 0.2978143761404104 0.03143786810497318 0.06153896753501131
11 0.5687593940357277 0.2949483953708328 0.033318616851332014 0.07254924214211718
8 0.44725646707612354 0.31465092742153666 0.03943222453146404 0.06815284057054054
9 0.3880178593959916 0.3127288624915593 0.03288670783841656 0.057705492142117086
3 0.2649524324363875 0.33250416914936914 0.037574207838416564 0.057923815963434676
0 0.39792170830063495 0.24048998945603 0.037634043810936116 0.08679367865988183
6 0.641737555951637 0.14643381265817504 0.04022784639736088 0.09549659057054058
5 0.5791238956850803 0.15325104694240935 0.03504024122451135 0.078090766749223
5 0.5183000559516371 0.15218300661953776 0.03200616943775678 0.08107021753501131
4 0.3968342329112412 0.14379692597379465 0.04642402210332382 0.12075130169541107
3 0.33947036229898553 0.18469806182960552 0.03300036810497318 0.061611742142117176
9 0.2851238430986556 0.1755264230783105 0.03704301042484133 0.06648117865988179
0 0.6845675651228371 0.06876042287342274 0.041077292557294955 0.09787672787409352
3 0.5725305663764783 0.08490130728149155 0.028449260424841326 0.06608091832079958
2 0.5124425125364123 0.08535937965506706 0.033568669437756785 0.08114299214211713
3 0.4613884778966762 0.09709955438600741 0.028449260424841326 0.06608091832079958
3 0.3337264791503175 0.1139681848651348 0.03306856426490725 0.06395549214211713