9 0.3034274902117171 0.6701008265567363 0.03458582032575279 0.05154496941479181
8 0.3733134042768677 0.661562934364271 0.039546138837407166 0.05946657218833344
3 0.43917401725355915 0.6787335569894448 0.031188001814098597 0.04365973423243048
7 0.5099676668907394 0.6889820323881601 0.05102927586071573 0.0753461453265972
9 0.6450693531884086 0.6936903290252783 0.036656751814098595 0.04378702080156245
9 0.24759913086322277 0.5671563580918753 0.03986359736759475 0.0462035059839236
2 0.31281490309574134 0.5804025469214587 0.047358638837407166 0.05964841014423605
9 0.5753421849469068 0.5857310522397922 0.033105165879249124 0.053852351823611144
9 0.3872271152541261 0.5094192061157642 0.033105165879249124 0.053852351823611144
1 0.5170882300449161 0.4850757823881602 0.04141866288402411 0.0907347559839236
3 0.571066401914615 0.5066611480794796 0.02919891587924912 0.05376143284565984
10 0.2605232607149552 0.39857001225218774 0.07076142250267106 0.10390755642076392
11 0.3259845696079626 0.4047849510817711 0.04302580290255768 0.06969555737069441
3 0.4013020281381503 0.4198300292540281 0.029308043283910835 0.05688643284565966
6 0.5139930010963083 0.4169797458190282 0.03559524881887359 0.08045121941479164
9 0.33776037251052027 0.33625315662885447 0.03178820253973793 0.06084723423243057
11 0.4106348773198437 0.3316942496187504 0.03373264845605384 0.07182110182361115
8 0.5312375539988661 0.3485752379352435 0.03981895734906136 0.06727907218833336
9 0.5907762451058586 0.3452697064001047 0.03321429328391083 0.05697735182361115
3 0.7129414217848808 0.36218706230777836 0.037901793283910835 0.05708645459715278
0 0.5854736754130779 0.2732128684442019 0.03812997177703163 0.08597452080156254
6 0.3469593016366133 0.18478157560680586 0.04077382213985139 0.09462282218833336
5 0.40932289238078623 0.19014252925402814 0.03548612141421188 0.07732621941479167
5 0.4703968016366133 0.18765461531006986 0.032470248818873594 0.08037848423243057
4 0.592762874957591 0.1764287874221533 0.04711559137714509 0.11975010875746532
3 0.647676064250485 0.21601927070465332 0.03335070253973811 0.06088360182361115
9 0.7027727920179665 0.20557338639597283 0.03742064364673059 0.06566202080156254
0 0.3089806411996598 0.10805476823611138 0.04163691769334763 0.09698475598392364
3 0.4203174452833438 0.1215925510055212 0.02882689364673059 0.06546199905006947
2 0.48055554083684004 0.12064895326597262 0.03403274881887377 0.08041485182361115
3 0.531009408622855 0.13120589997934073 0.02882689364673041 0.06546199905006947
3 0.657971212706539 0.1451073586605561 0.03343254809323426 0.06322735182361114