8 0.44632926362536207 0.7511564163784156 0.037901793283910835 0.05645907825883114
0 0.5812226187975051 0.7355308954975686 0.03771082032575279 0.05099032825883114
0 0.7131993050951744 0.7363252601553409 0.05263641587924894 0.05342043667008767
3 0.3166814583605517 0.6613040969001831 0.036656751814098595 0.04317328307929138
11 0.43933770836055175 0.6605905037124332 0.037011415879249124 0.05332953307929138
9 0.5771378087233714 0.6511968021134268 0.032668656260602266 0.040806807181592394
11 0.2513962534585611 0.5624853226996863 0.04897570253973793 0.060428960772388504
5 0.31901033939341045 0.5722461420797229 0.04046379809323426 0.06272271379745079
3 0.380111530500403 0.5672041180756178 0.032941474772256465 0.04861930718159222
1 0.5743253219702152 0.5527956635497453 0.04602431733052796 0.08774998487468952
3 0.25762146080762244 0.49605634680198724 0.03779266587924912 0.053334078258831144
9 0.4412697745099533 0.4934257296101322 0.029226197730414506 0.05406533128389342
3 0.513253901914615 0.48988257309246974 0.02919891587924912 0.05328408128389341
10 0.7011904115332619 0.4762917300029157 0.06937997177703163 0.0855425902608836
9 0.27532980517999234 0.41393873839073086 0.03779266587924912 0.053334078258831144
8 0.3830158196079626 0.3945660487937771 0.040682052902557685 0.0689727137974506
6 0.4485316922033009 0.39730925371243314 0.033841775860715725 0.0744005571815923
9 0.5157464740544663 0.3961371182720096 0.028417665879248943 0.05327953610435347
2 0.5779463736916466 0.4043672539088249 0.03825645734906136 0.06661532825883114
3 0.6311805010963083 0.40093318170011794 0.0331324477304145 0.05408805718159222
5 0.2756869584453697 0.3366086239293503 0.04310764845605393 0.07133009933607007
3 0.33031989474303886 0.3378529613615637 0.031733638837407166 0.0587664668225127
9 0.388650749915182 0.32267286807561785 0.028608638837407073 0.058748286104353474
7 0.45909965917100914 0.3183575519170351 0.04422620435383653 0.10336134933607007
6 0.6334548184268363 0.31343772687965765 0.04114584437236992 0.0822539637974506
9 0.39568448911540877 0.25545809699837896 0.031733638837407166 0.0587664668225127
2 0.45142605762706306 0.24732288925105256 0.033759930307219396 0.0720568071815924
9 0.5183407391154088 0.254744503810629 0.028444947730414505 0.05406078610435348
4 0.6932142535433791 0.23498092877325166 0.06001489546082901 0.10813975292686626
9 0.346894814250485 0.19872228366846661 0.027100702539737932 0.060301695745273866
3 0.4606398557202973 0.18478198263519433 0.02718254809323426 0.06264544574527386
3 0.5112301327621394 0.18995529596510674 0.028608638837406986 0.058748286104353474