1 0.20430547129926566 0.67915625066559 0.06613111685133202 0.07258482123840296
9 0.2839020430860203 0.6804265035153817 0.03734688730530315 0.04927395459715278
0 0.4807770430860203 0.6758441870266315 0.03670202962517113 0.05394327080156245
11 0.6791008828194636 0.6751317529467007 0.04460545783841656 0.05725010875746541
9 0.2168940510035791 0.5953261113229165 0.041875262932123736 0.04391430737069442
7 0.2893600843896739 0.5733407021286109 0.061048811757624756 0.0857387846692708
4 0.3530588715366925 0.5843496308902081 0.055602793810936114 0.08639274810013901
3 0.6058883548436451 0.5886143311189578 0.032659387305303156 0.04916485182361115
3 0.2391076832943173 0.5026840164331595 0.038977583465237144 0.05165407218833344
8 0.2903519345479585 0.5124213859242012 0.04467365399835055 0.05959385875746541
10 0.4925736640939874 0.48507371666190924 0.04089543613080408 0.09073475598392378
5 0.431270102732074 0.41857785410472187 0.03313676042484133 0.06557110182361114
3 0.6752103193459792 0.4331988260849647 0.03670202962517131 0.05394327080156245
2 0.2510035927029442 0.335332862272847 0.04285274122451135 0.07750805737069451
6 0.3140120580632081 0.34323497483003446 0.04066811559769068 0.0829222559839236
9 0.37849209521022664 0.35422571979604134 0.028889529625171127 0.053761432845659665
3 0.49333584521022666 0.3515527018442704 0.028912261678482664 0.05454268284565966
9 0.6065488990502926 0.35125980148368 0.028889529625171127 0.05376143284565975
9 0.6778699695834061 0.3417925760849647 0.03679295783841656 0.057068270801562536
3 0.37819423000824726 0.2839677711828122 0.028980457838416563 0.05688643284565975
3 0.44225673000824733 0.2824766999444093 0.028199207838416385 0.05686824905006951
8 0.49321983643473805 0.2750447532310413 0.03481292069139794 0.06951371941479172
2 0.55245844411487 0.27835028476618007 0.03793792069139794 0.06958645459715278
3 0.6110067300082473 0.2785490000969092 0.028980457838416386 0.05688643284565975
9 0.3242856314993154 0.2048082544653122 0.03300036810497318 0.06088360182361115
9 0.38651284685957926 0.21272855081808997 0.028267403998350638 0.059211999050069505
11 0.6109361853393814 0.20047855148368005 0.034972045064577274 0.07498246941479172
5 0.3377547496042886 0.14437924753145803 0.03731579506457736 0.07503702080156253
3 0.44168373165759994 0.14117955271795102 0.028381064264907253 0.06311824905006946
9 0.5032433572844205 0.14521178286631903 0.02670490399835046 0.05917563145888893
0 0.617737766297336 0.12771319871013836 0.0354721502374268 0.09216996941479172
6 0.6670019804039586 0.12500511958795082 0.03788409639736088 0.09456827080156253