5 0.3662644165738679 0.7010232684018528 0.03812725600731781 0.05565284057054054
3 0.4420547572406406 0.7037715868464869 0.03018748667249973 0.04435146753501122
3 0.5732956665738679 0.710665903843379 0.027871008672817867 0.04658605562435234
9 0.6928360072406405 0.715451911286977 0.036501121339908946 0.050111315963434676
8 0.44085643125400364 0.6052249249358281 0.03588350334181776 0.06413742865988184
3 0.6313268899188673 0.6273846770027427 0.031840893340226904 0.052236742142117085
9 0.38310811326386685 0.5298396271693585 0.02796191534054513 0.05439855562435234
8 0.4441001572645032 0.5279903368464869 0.03588350334181776 0.06413742865988184
3 0.5605609512651395 0.5287245450758733 0.027961915340545217 0.054398555624352515
10 0.6402484512651394 0.5324360500382721 0.057368152013044946 0.0987136358558109
3 0.2583268366088663 0.43804377129733696 0.03655566534054513 0.05479881596343468
9 0.3231978586091845 0.43872016749223003 0.03186816534054513 0.054580492142117264
0 0.5036393366088663 0.4494693846129566 0.03208634134309048 0.07333049214211726
2 0.6889137652769117 0.4479369255550007 0.0383272506763177 0.07284034057054053
0 0.2679751039545021 0.3478190316364192 0.04389599801081765 0.08168880169541107
9 0.32880351595322943 0.3600322413135476 0.03193180000795417 0.060049242142117175
9 0.5717359032861384 0.37447369271850844 0.027217028007635945 0.057487168320799586
3 0.6303114719525931 0.37876524048497806 0.027971006007317813 0.05517980562435252
7 0.3337551926320925 0.27037042783131227 0.054415874681726525 0.11341183664159918
2 0.38904212929663806 0.2885789263835702 0.03055111334340861 0.07560146753501132
1 0.5634154206317744 0.2834120450758733 0.043414740014317485 0.10743366439185813
3 0.6162677006285927 0.3093238817174725 0.027998278007635945 0.05752355562435252
6 0.6805301952975926 0.2951201406088126 0.03691929201145392 0.08604881596343468
9 0.3951835886378195 0.2310211375084407 0.027244300007954258 0.059830918320799495
11 0.5593006326384559 0.2339749712545557 0.02820736334340861 0.07549230562435252
11 0.6835739266390922 0.2350730525194714 0.03680111334340861 0.07589256596343477
5 0.33434663331477354 0.15236529052775932 0.033703385343726744 0.078090766749223
4 0.39541140264959174 0.14426600020488778 0.04432325934913557 0.1184075516954111
9 0.4482273199793191 0.17330283684648692 0.02568180000795408 0.05975814371369372
3 0.5036960699793191 0.17588633539874485 0.025699981341499624 0.06132064371369372
6 0.6179494739815463 0.16479263171747244 0.033903380012726636 0.09527826674922299
9 0.6732909546467282 0.1783136302697304 0.02802555000795408 0.05986730562435252