10 0.5291419623280208 0.749064857529345 0.04825893992586625 0.08674972749876275
4 0.5843924575186974 0.7457218515364511 0.04954862141421188 0.07901911465389269
1 0.6549504941791863 0.75643802351729 0.05130209437236992 0.08456975180902226
5 0.800317557881517 0.765616028944357 0.05274554328391083 0.05891133254171699
9 0.39846982648583856 0.6470785543862702 0.033105165879249124 0.05476274310259512
11 0.578375581295162 0.6627455772261917 0.03725695253973811 0.061998710990419426
3 0.6430556401881695 0.6614563941640764 0.033023320325752795 0.052418993102595124
9 0.7860343138719669 0.6915643752808839 0.03762897477225664 0.050320904567984215
9 0.3327232861971527 0.5508343181810801 0.0331324477304145 0.05554399310259513
3 0.46290185951813034 0.5716934520568495 0.02919891587924912 0.05455802521477064
9 0.6494296365599724 0.5760102170948549 0.037011415879249124 0.05496746099041942
8 0.3232912332945951 0.4817158259829963 0.04919395734906136 0.06886286465389269
6 0.5123810151457604 0.4924054217536963 0.033759930307219396 0.07351274310259512
6 0.5756349832945951 0.49494060153645114 0.03529514845605384 0.0728133802577247
3 0.6958110740387679 0.497339662481442 0.03466766587924912 0.0548446302577247
9 0.457527334838541 0.4177872020568495 0.029226197730414682 0.055339275214770646
3 0.5803745577966991 0.42968409373453503 0.029226197730414506 0.055339275214770646
0 0.7050471755827139 0.42686006614491523 0.04497024881887359 0.08189845318850324
0 0.7625595752198943 0.42129614088471606 0.049739594372369925 0.0844878646538925
8 0.38494051750801317 0.32664322365357557 0.03981895734906136 0.06837154172311406
3 0.6258656178708328 0.3478475955435574 0.029389888837406987 0.06002677521477064
9 0.6930803997219983 0.3521499932141367 0.029308043283910835 0.057683025214770645
3 0.7573338726801563 0.36097611657445655 0.037901793283910835 0.058133404567984215
7 0.3891617368379741 0.24654296585165944 0.05093999582364876 0.11886286465389259
3 0.5143353516287641 0.28039674468447473 0.027100702539737932 0.061466444482076096
2 0.5693403101589518 0.2700224886915809 0.03782987141421188 0.07840496099041942
2 0.6343750331171097 0.2788895556294656 0.037748025860715725 0.07606121099041943
3 0.7418155108845912 0.2962175757558536 0.03485863883740699 0.06031338025772479
9 0.346091293916883 0.19671670624072105 0.02866320253973793 0.061548331637205765
5 0.39999754391688297 0.19954181309269745 0.03540427586071564 0.07593838025772479
9 0.45476688947037935 0.20475161352223878 0.028608638837406986 0.059985831637205764
11 0.558209348000567 0.1969158593383673 0.03001737141421188 0.07799552521477064