10 0.5213294623280208 0.7255424390077787 0.04825893992586625 0.08463862041330898
4 0.4656424575186974 0.7189697312604523 0.04954862141421188 0.0768352107723885
1 0.3955754941791863 0.7255919151018694 0.05130209437236992 0.08231305113146821
5 0.2503175578815171 0.7263090117074649 0.05274554328391083 0.05654543667008767
9 0.6453448264858386 0.6309708032727676 0.03310516587924894 0.05330680718159222
11 0.465875581295162 0.6361754119786115 0.03725695253973811 0.06036078307929138
3 0.4008681401881695 0.6311106620768073 0.033023320325752795 0.0509630571815924
9 0.2594718138719669 0.6529396894005621 0.03762897477225646 0.04864657825883114
9 0.7045982861971527 0.5383656676359522 0.03313244773041468 0.05408805718159222
3 0.5754018595181304 0.551673667832344 0.02919891587924912 0.05328408128389324
9 0.3884921365599724 0.5451186199223296 0.037011415879249124 0.05332953307929138
8 0.709228733294595 0.46965657425181045 0.04919395734906136 0.06667896077238851
6 0.5201935151457604 0.4693378908031767 0.033759930307219396 0.0720568071815924
6 0.45688498329459504 0.46818848126045226 0.03529514845605384 0.0712846475406721
3 0.33643607403876785 0.4635822736113216 0.03466766587924912 0.0533158975406721
9 0.5700273348385411 0.39776741783234393 0.029226197730414682 0.054065331283893237
3 0.4475620577966991 0.40252257464459384 0.029226197730414506 0.05406533128389342
0 0.32223467558271396 0.3924203459182245 0.04497024881887359 0.07993293969514967
0 0.2641220752198942 0.38349025263227865 0.049739594372369925 0.08230396077238851
8 0.6365030175080132 0.3106719388113869 0.03981895734906136 0.06662441861791084
3 0.3961781178708329 0.3178657735131257 0.029389888837407074 0.058752831283893234
9 0.3290178997219983 0.3182561380727022 0.029308043283910835 0.056409081283893325
3 0.2651463726801563 0.3233521833504379 0.037901793283910835 0.05645907825883114
7 0.6266617368379741 0.23016228219552862 0.05093999582364876 0.11667896077238851
3 0.503397851628764 0.256783348648699 0.027100702539737932 0.060301695745273866
2 0.4474653101589518 0.24317939090137256 0.03782987141421188 0.07676703307929138
2 0.3828125331171098 0.24827089099956848 0.037748025860715725 0.07442328307929139
3 0.27619051088459123 0.2593669514026146 0.03485863883740716 0.05878464754067201
9 0.666403793916883 0.18274692671113849 0.02866320253973793 0.060310786104353475
5 0.612497543916883 0.18243330932289167 0.03540427586071573 0.074409647540672
9 0.5578918894703794 0.18445889675510507 0.028608638837406986 0.058748286104353474
11 0.45352184800056694 0.17057313787631045 0.03001737141421188 0.07672158128389332