9 0.2796875 0.69609375 0.0359375 0.0453125
6 0.41796875 0.69453125 0.0375 0.053125
10 0.62578125 0.70078125 0.05859375 0.07421875
11 0.759375 0.7046875 0.0515625 0.053125
3 0.35390625 0.60546875 0.03515625 0.0484375
11 0.68671875 0.61328125 0.0421875 0.05859375
9 0.74609375 0.62109375 0.0359375 0.05078125
2 0.290625 0.49453125 0.046875 0.07109375
9 0.3625 0.509375 0.0328125 0.0484375
3 0.48125 0.52421875 0.0296875 0.053125
5 0.3078125 0.415625 0.04296875 0.06640625
2 0.36328125 0.421875 0.04296875 0.06015625
7 0.41796875 0.42578125 0.0484375 0.10546875
3 0.48984375 0.43125 0.02734375 0.05390625
8 0.625 0.43359375 0.03828125 0.06875
0 0.6875 0.43515625 0.03828125 0.071875
0 0.36484375 0.34765625 0.0375 0.0796875
3 0.6125 0.36953125 0.02734375 0.05625
9 0.30625 0.284375 0.0359375 0.05859375
9 0.3765625 0.271875 0.03125 0.05859375
6 0.4390625 0.27265625 0.0328125 0.084375
8 0.49375 0.2796875 0.03125 0.0796875
9 0.55234375 0.2890625 0.02734375 0.05390625
3 0.675 0.28671875 0.0328125 0.05859375
9 0.31640625 0.21328125 0.0328125 0.05625
1 0.44140625 0.1890625 0.0453125 0.12265625
3 0.7296875 0.2171875 0.0359375 0.06015625
4 0.3234375 0.11484375 0.05078125 0.11875
9 0.38125 0.13359375 0.02734375 0.06484375
3 0.44140625 0.14453125 0.0265625 0.0625
5 0.60859375 0.134375 0.03515625 0.0765625
3 0.7359375 0.15625 0.03515625 0.0625