7 0.31644619683960995 0.7662673117390975 0.05988924310014117 0.07558253466927098
9 0.46101835714803546 0.767287563923299 0.030478432629559828 0.04600348423243048
3 0.6078251733006595 0.7746123674942714 0.035851725243233545 0.04066202080156245
11 0.6738592763849146 0.7527023063238547 0.047761390015886106 0.051872277735416715
2 0.7408694983817374 0.7644223627446187 0.04785684740221221 0.057341027735416716
6 0.3899985194850559 0.6718464709334031 0.03926309740221221 0.05714100598392378
5 0.5227019253292544 0.6811877161837504 0.036179007710637735 0.05941202080156245
9 0.5899030620987297 0.6819702726045144 0.03590627232113448 0.04378702080156245
5 0.73251330195246 0.661060973401945 0.05176309740221221 0.05743194671336802
2 0.2593173096630977 0.591429659478646 0.049487531249588115 0.06128364532659738
3 0.33530311120522527 0.5814747376509031 0.03369889001588611 0.05154496941479163
3 0.5196235641273246 0.5888911134102088 0.030532979707460585 0.04912848423243048
9 0.6541212950526012 0.5849874762517366 0.03608355032431163 0.05394327080156245
4 0.7262963039810548 0.5694728854460422 0.0656307284896446 0.09133482123840278
8 0.3295946278443167 0.5055298334905906 0.04796594155801355 0.06359102773541672
3 0.5218639484611677 0.5053155472057991 0.028271050324311632 0.05376143284565984
3 0.7274554293864443 0.5030666354460422 0.03920855032431163 0.0540160059839236
9 0.2746810312528834 0.4276581002080905 0.036179007710637735 0.05941202080156245
9 0.34604751664238675 0.41368782560680584 0.02832559740221221 0.05688643284565966
6 0.5931407049539895 0.4069339050133339 0.034203450486467266 0.08045121941479164
9 0.7172912711066136 0.4137313785121881 0.03608355032431163 0.05394327080156245
3 0.2847202788172514 0.34504562195958355 0.03379434740221221 0.05701371941479172
9 0.5216708538983292 0.33727406202343796 0.027585257710637735 0.059211999050069505
1 0.5783299569825844 0.31514579530593795 0.0439875535707225 0.10410692496187508
3 0.3501737293037187 0.26684919319798645 0.032300031249588114 0.06088360182361115
11 0.5768180499205697 0.26743499391916714 0.03410799310014116 0.07498246941479163
8 0.6434152146932222 0.2580431165443408 0.03727390340856669 0.07739895459715278
0 0.7099032853100732 0.2549012391695145 0.044496068181219074 0.08850010875746524
3 0.3389555856343847 0.19312075246854196 0.03077844155801355 0.06319098423243057
0 0.45648400487126395 0.17631707180708373 0.03128300202859489 0.09209723423243057
10 0.636416966721817 0.16643684479284776 0.053498921265474134 0.11213763050895835
9 0.7039084297901861 0.19536258500920195 0.036206281249588204 0.060974520801562536