9 0.5788813579977321 0.6683706665748074 0.03283234736759475 0.0454943071815924
5 0.31107629910472456 0.6652421631569618 0.044288202539737934 0.060401689695149585
9 0.25105645836055174 0.661685891981527 0.0397817518140986 0.043191463797450605
3 0.7089260112631093 0.5902860523098186 0.037819947730414506 0.05411532825883114
6 0.6430108345840871 0.5766098925707023 0.04054564364673041 0.0650664637974506
2 0.5743873201561168 0.5957553231906656 0.042507447730414684 0.05414259933607006
9 0.5162027979235982 0.5843774616561512 0.029226197730414506 0.05406533128389342
11 0.3805381164352525 0.577355822896078 0.03733879809323426 0.06270453307929139
9 0.31762888866777106 0.5894381872592628 0.036847724772256465 0.04864203307929138
0 0.7071303874866447 0.5075008233870573 0.04779514845605402 0.07135737041330899
10 0.6527975515517953 0.49766273595484395 0.05639882213985139 0.09405907220870695
9 0.5814037011889756 0.5066700972929666 0.029226197730414506 0.05406533128389342
1 0.45040916153326177 0.4777507326351943 0.04587054990733286 0.10571418969514959
2 0.6496204770496913 0.43206955221162263 0.04288939364673041 0.06508009933607006
0 0.46543645000784917 0.4276734645830175 0.03236112141421188 0.07673521682251269
3 0.5841343755057451 0.361371232831586 0.029308043283910835 0.056409081283893325
8 0.3392311032732266 0.351079669207086 0.03998264845605402 0.07131191861791084
3 0.2881770347615723 0.3591876058771736 0.03485863883740716 0.05878464754067192
9 0.6974726784083028 0.29197581733693323 0.0331324477304145 0.054088057181592396
9 0.6395783328548065 0.294655910622879 0.03329613883740699 0.0587755571815924
11 0.3575842883897694 0.27286376561628983 0.03774802586071564 0.07442328307929139
5 0.6921428268643568 0.22092751913233127 0.04009177586071573 0.07443691861791084
4 0.6499652505481542 0.19852125400702075 0.05093999582364859 0.11667896077238851
8 0.587728145376011 0.21372407319066564 0.03872024881887359 0.07989657825883123
3 0.5294791357573642 0.22656041647661151 0.027100702539737932 0.060301695745273866
9 0.4070411405666876 0.2210240096643615 0.02874504809323426 0.06265453610435348
3 0.35550592241785306 0.2205427415139889 0.02944445253973793 0.060315331283893235
3 0.6912822205110872 0.15610194985049047 0.03178820253973793 0.060328966822512695
6 0.6426363893855612 0.13998204616149845 0.03438741288402412 0.09002555718159236
3 0.4750669434692453 0.15189221458301755 0.027100702539737932 0.060301695745273866
7 0.41704611234371924 0.13582685304850323 0.04490825063297219 0.12289259933607007
3 0.3110044434692453 0.1528467022863774 0.03335070253973793 0.060338057181592394