8 0.24564454748823303 0.6403723271310865 0.054147757710637734 0.06106808664159917
8 0.44001215625453105 0.6406868885464072 0.03930400771063773 0.06037672787409356
2 0.5039655620987297 0.6439531296550671 0.03668752232113448 0.044642565963434674
9 0.6243598827155807 0.633661984907916 0.03200002232113448 0.044424242142117085
9 0.7007451047124034 0.640252279159729 0.036782979707460584 0.050111315963434676
9 0.3088906156694521 0.5499977301504051 0.03686480032431154 0.05479881596343468
7 0.36918323336420383 0.5393834077768296 0.05695515787279355 0.08773974855225788
5 0.4431565215136507 0.5499891139393014 0.032300031249588204 0.061611742142117086
10 0.5089724362863032 0.5359950804408553 0.043783002028594885 0.09337116439185814
11 0.5711178802799488 0.553396596156621 0.0338625312495882 0.06168451674922295
3 0.6359343567409983 0.551938949961728 0.03365797970746058 0.04996576674922295
9 0.7061104890462466 0.5564765926419645 0.039072182629559825 0.04709547787409356
9 0.26267986323382014 0.4694048556671337 0.038386390015886104 0.05252784057054072
2 0.4492622455390684 0.46852079011798387 0.03249094602224041 0.07254924214211726
3 0.5149145190780187 0.46390175661953775 0.028271050324311632 0.054398555624352515
6 0.6273054249222174 0.4649119849079161 0.03717844602224041 0.07276756596343467
0 0.26112309172346465 0.3797066548813454 0.046648903408566686 0.07867296360606986
0 0.32122479464556397 0.38002983250776995 0.04192049310014116 0.07611088978475226
5 0.4576980827950109 0.3877245543860074 0.030887535713814883 0.07013271753501131
3 0.2770714200509534 0.3157340461138398 0.03379434740221221 0.05777826674922295
3 0.5192043729730528 0.3075789820124319 0.027503437093786685 0.05514341832079959
9 0.2900992999205697 0.2401882365605459 0.03223184740221221 0.057705492142117176
1 0.583794752842669 0.2296316104246447 0.04871596387914785 0.10765198821317572
11 0.6279850836057899 0.24708878412212779 0.03641083279171564 0.07351242865988183
6 0.6968441777615911 0.23763670140947007 0.03967220048646745 0.08147047787409356
9 0.2959731988649096 0.1720011627392283 0.032272757710637735 0.060049242142117175
3 0.34415160024488134 0.18458889991894672 0.028393781249588114 0.06142980562435252
3 0.41610842086173233 0.17655376799207728 0.0276125312495882 0.061393418320799586
9 0.46127091639750545 0.18303705438600743 0.027503437093786685 0.05514341832079959
4 0.6380652414785833 0.16153227378304552 0.048852331573899656 0.11546448821317572
3 0.6900817090111793 0.1778443244449993 0.032300031249588024 0.061611742142117135
3 0.634236857955519 0.11253184760436312 0.028434691558013724 0.06377355562435252