3 0.33984375 0.7108400489182289 0.0359375 0.04927395459715278
9 0.209375 0.6185642427818054 0.04296875 0.05490635875746541
4 0.346875 0.6106763947579165 0.05859375 0.08886378466927099
9 0.48828125 0.6401976277560759 0.0296875 0.04912848423243048
3 0.5421875 0.6233179458603468 0.03125 0.051508601823611146
7 0.63203125 0.6282580593674647 0.0578125 0.09509560087368066
10 0.209375 0.5295017427818054 0.0734375 0.10405302678548622
3 0.428125 0.5462852800165274 0.0296875 0.05459723423243048
1 0.55234375 0.5262065565176732 0.046875 0.10343477773541672
5 0.6140625 0.5403950366660412 0.0359375 0.06724270459715279
0 0.2984375 0.45555379008451363 0.04296875 0.07521885875746541
9 0.36953125 0.4546803146857982 0.02734375 0.05688643284565984
3 0.41875 0.4668159855636107 0.0296875 0.05459723423243048
9 0.5546875 0.46521450513090234 0.02734375 0.05376143284565984
2 0.61484375 0.4606893528704509 0.0375 0.07196657218833344
11 0.68359375 0.4653391788585063 0.040625 0.06969555737069441
8 0.240625 0.36705564095819426 0.04296875 0.07756260875746532
8 0.3078125 0.3670543345374303 0.04296875 0.06740635875746541
2 0.36015625 0.37052352023288165 0.0421875 0.07207567496187499
9 0.49453125 0.38770840739135376 0.02734375 0.053761432845659665
9 0.62109375 0.3777313825057287 0.03125 0.059321101823611146
5 0.36875 0.29454224848138855 0.0359375 0.07271145459715278
0 0.4390625 0.2905619568782635 0.03125 0.08822735182361115
3 0.62109375 0.31288763250572865 0.0296875 0.059284734232430567
3 0.2703125 0.22964590672576363 0.03125 0.06322735182361114
6 0.37890625 0.22399335913871496 0.0359375 0.08599270459715277
11 0.55 0.23329235790444397 0.02734375 0.07485518284565976
9 0.60546875 0.24215755841753422 0.02734375 0.05688643284565975
3 0.32265625 0.175302592421215 0.0296875 0.06319098423243057
9 0.38125 0.17393880775194412 0.0265625 0.06311824905006946
6 0.4921875 0.15104420877812458 0.02734375 0.09438643284565976
3 0.61015625 0.17798595564399253 0.02734375 0.06313643284565976