3 0.7561407732440089 0.7550566562446452 0.04376984736759475 0.04604888555165907
5 0.34300585618363344 0.7212666684228051 0.04032738883740707 0.05926195170428326
3 0.6735589409373566 0.6574628616023764 0.03771082032575279 0.05140854139585791
3 0.47849197759784534 0.647022419233584 0.02911707032575279 0.05125853693163087
3 0.4226958453838603 0.6554292086008469 0.02911707032575279 0.05125853693163087
3 0.35168394093735655 0.6518445125786064 0.036929570325752795 0.05139490462638267
9 0.747943871244576 0.586842444394092 0.04239832032575279 0.05149036201270896
11 0.6761060767795388 0.5621367248329013 0.044506457349061355 0.06714263555165907
5 0.5509151038213808 0.5654235917168741 0.03499504809323426 0.06307274431795715
8 0.35948157197021535 0.5628638331954574 0.03755705290255769 0.06936365462638268
9 0.30150538086322276 0.5665422122542949 0.037819947730414506 0.05453354139585791
4 0.7437325755984124 0.4835810766993404 0.06989832694917482 0.10115912540538936
0 0.684866007086758 0.4903708189887027 0.04564237141421188 0.07731252232113447
9 0.4259994385751038 0.4936695482924215 0.02919891587924912 0.05360228693163087
11 0.36250985744957787 0.47614508319545745 0.03755705290255769 0.06936365462638268
6 0.3024627348542396 0.47197005194586944 0.0431349303072194 0.07258411201270895
3 0.7342236555428121 0.4200952751572128 0.037983638837406984 0.05922104139585791
7 0.6183357607149552 0.4032196465054125 0.05247521397248338 0.11647047970746058
8 0.43530500590563176 0.4062786424482227 0.03763889845605402 0.07170740462638267
9 0.3745857607149552 0.39896497442915946 0.028608638837407073 0.05905740016215581
10 0.7453099776826635 0.3264816428519645 0.06763642250267096 0.10346196509696401
9 0.6049205906593549 0.3396656611159091 0.028526793283910834 0.056713650162155814
9 0.37515124510585857 0.33800020089020916 0.03165179328391084 0.0567681972400564
2 0.32329856842683624 0.32302403733537277 0.0407911803072194 0.07254320170428326
6 0.6099652439247322 0.26236282142433465 0.03594991288402412 0.09041649431795715
9 0.5042509572642434 0.2675531075451867 0.02866320253973793 0.060619900162155814
3 0.3884622661572508 0.27022236566286156 0.02866320253973793 0.060619900162155814
2 0.32564480762706305 0.25583653733537276 0.0446974303072194 0.07261138555165925
0 0.6201785468272899 0.19374918911908634 0.03444197658635506 0.09195172077900678
9 0.5592584049946578 0.21457415786949824 0.02718254809323426 0.06293637662320543
3 0.44250741461330473 0.20002864244822272 0.02640129809323426 0.06292273985373029
1 0.334169124957591 0.16843199472169895 0.05522819173996467 0.12823014001588606