9 0.7257422841594459 0.6398836985544059 0.040906801131468204 0.05056656603337366
2 0.6609258052366848 0.6385945154922906 0.045621572208706954 0.05549972749876275
0 0.5953689829297819 0.6303150260077401 0.03781361738824671 0.05587154172311415
11 0.3960456938003663 0.6587243882867835 0.03782725292686617 0.05821529172311415
3 0.33903716969806535 0.6578070194490195 0.03543805113146821 0.050279960990419426
9 0.6614257749860638 0.5526570154922906 0.036232936670087666 0.05266465456798421
9 0.5309206635497452 0.5657445929456248 0.027625551131468206 0.049870525214770645
9 0.40361782016560355 0.5653871460886997 0.033094301131468204 0.050157130257724704
3 0.7213507417103806 0.45501405359736 0.037809072208706954 0.05509029172311415
9 0.6572609706331418 0.46305892695767986 0.03624657220870695 0.05500840456798421
3 0.5970910850945224 0.4685553324301752 0.02999657220870695 0.05468085594746519
3 0.5337961995559029 0.47421551221293023 0.02765282220870695 0.05455802521477064
4 0.3268467627876195 0.47100306026762234 0.056781786006157554 0.09435418758467104
5 0.7171086693052819 0.3786972150627493 0.04258747579950324 0.07096095318850333
3 0.655362648228043 0.3866192576903745 0.03156361738824689 0.055543993102595036
1 0.582066048793777 0.36624920398147276 0.038876668519715094 0.10434998530067893
10 0.5351683228960781 0.3726120686353654 0.045894282981095456 0.10237472749876275
7 0.33976491930528185 0.39847296302658436 0.052130647442476176 0.10035852611928178
3 0.5901694402843248 0.31583976820582405 0.027684638465485634 0.06002677521477064
2 0.2894609131569618 0.31910304556830127 0.0379454275949012 0.07852779172311405
9 0.6414506600337038 0.2272409356641071 0.026912478824565156 0.061548331637205765
9 0.34295861787922616 0.25225638229388975 0.027693728824565333 0.061589275214770645
5 0.2859319130587659 0.2544640134561257 0.04104315651766246 0.07400406603337358
8 0.6394932502945876 0.16095751639680173 0.041070427594901204 0.07869156603337357
6 0.5754898376286051 0.15415863975712157 0.030210195647078032 0.09139960594746528
8 0.5176500665513663 0.16187596449692238 0.030151108313060605 0.08124335594746528
3 0.352765409935508 0.1775463093631112 0.027693728824565243 0.061589275214770645
0 0.2832887020899857 0.17181528776638516 0.04271019564707803 0.09205470318850328
11 0.637590382709949 0.08529909712949636 0.03640110831306061 0.08157090456798428
3 0.520284708041914 0.11175313376422776 0.025363614363184794 0.06381019448207606
6 0.4641437923508695 0.09595107134889883 0.02787553600615773 0.09283927521477064
9 0.40310175322145375 0.11711342039895914 0.024568728824565157 0.061425500904511134