8 0.2764172605566021 0.6645793198785608 0.04412787540538945 0.06865814676606821
11 0.33413430317027587 0.66701824513876 0.039372191558013546 0.06450623530067894
6 0.3980877090144746 0.6699108717784401 0.03855003124958811 0.06212154172311415
8 0.4746092987060491 0.6682421511770823 0.03706935186643925 0.06672715456798421
9 0.6689087236249712 0.6713284503634283 0.03668752232113448 0.04485215456798421
10 0.3387320742735943 0.5824794708285005 0.060271072645445935 0.09916451831736559
3 0.4120877536567432 0.5833182745374021 0.028271050324311632 0.05455802521477064
9 0.6739565081209701 0.5610084260531687 0.033753437093786684 0.055625880257724705
9 0.7377326359619916 0.5740573026928489 0.04147047970746058 0.05056656603337366
9 0.470537227682161 0.49907939337516616 0.02748980032431163 0.05451708163720585
3 0.5336548364484589 0.5051379635924113 0.028271050324311632 0.05455802521477064
5 0.7237167747600616 0.4826886742441464 0.04412787540538936 0.06865814676606821
9 0.2913776075517773 0.4335373597926525 0.03691934740221221 0.058133404567984215
9 0.3608543104738766 0.4330183813893786 0.03219093709378669 0.05554399310259513
2 0.4187622678602027 0.4245198066495778 0.03717844602224041 0.07297715456798422
4 0.4769020503276068 0.4027399819097769 0.04241141680124727 0.10447281603337348
6 0.5367855649381035 0.41521232643728145 0.03254549310014117 0.07585649310259512
0 0.7195435178602028 0.40875652928710055 0.04664890340856651 0.07893722749876275
1 0.29613901988879765 0.339623585482393 0.05818642126547413 0.11388543758467104
2 0.3545691286550956 0.3459278171650273 0.039522196022240406 0.07309998530067893
9 0.36045666436891055 0.2769321556996381 0.030710257710637734 0.06014960594746528
0 0.419241329141563 0.26292388738227235 0.03273640787279355 0.08679399310259513
3 0.7172560892878327 0.27150219075248977 0.03379434740221221 0.057969630257724794
3 0.3701004456184987 0.21632552634642446 0.028366507710637735 0.06002677521477064
3 0.43173737500164766 0.2177784837187992 0.027585257710637735 0.059985831637205764
3 0.4897407897743 0.20381115897899843 0.026050031249588025 0.06146644448207601
7 0.5471675060890799 0.17816602781676244 0.040463133116027096 0.12700623530067895
3 0.5934833985405981 0.2077406631628699 0.0276125312495882 0.061548331637205765
5 0.4290720710238881 0.14688945160662362 0.028639243100141164 0.07565177521477065
11 0.5869936651796894 0.1323688489385187 0.03258640340856669 0.07820024310259503
9 0.6454101371765122 0.13945433062115295 0.028366507710637735 0.06002677521477064
3 0.6999612694817605 0.14440078019161168 0.032300031249588204 0.061793993102595035