11 0.3808560314289956 0.7133611704965628 0.03890850600731781 0.0547972559839236
3 0.43974977343249544 0.7405062051658338 0.03018748667249973 0.04365973423243048
3 0.5748787514321773 0.7413082518029519 0.02784373667249973 0.04360518284565984
8 0.6427747760979955 0.7366402420193061 0.03896305000795408 0.059484755983923596
6 0.7099168227641319 0.73429779844007 0.04909202800763594 0.05737739532659738
9 0.37839355541849606 0.6359810529053822 0.03174998667249973 0.043696101823611146
9 0.5112878714194505 0.6461035481557296 0.02784373667249973 0.04360518284565984
11 0.5785844594207232 0.6570423545764935 0.036592028007635946 0.05708645459715278
9 0.6403486627545869 0.6623851244281255 0.035628964672181594 0.041443270801562446
2 0.3133310820734966 0.5485524816669793 0.04755680000795417 0.059684777735416715
5 0.45238449140672393 0.5510079472820489 0.03197725334181776 0.06322735182361114
3 0.5807094860757237 0.5711775897588547 0.027961915340545217 0.05376143284565984
3 0.6977697167409056 0.5629676590973964 0.03652839334022708 0.05161770459715278
9 0.26145895206076997 0.45362053495361127 0.033439756007317814 0.05466996941479181
0 0.4444078120623608 0.4695942931217365 0.0336488413430903 0.0726387194147918
7 0.5115680400620426 0.46881434954250045 0.0416886080124085 0.09235180737069441
9 0.6398748533974971 0.4874214920193062 0.027934643340226904 0.05141768284565984
3 0.33721238271799764 0.38587129692145866 0.03193180000795417 0.059321101823611146
3 0.39658738271799765 0.38725326538631977 0.03031475600731781 0.05459723423243057
3 0.631244193387952 0.41692715406340336 0.027971006007317813 0.05454268284565984
1 0.32217718137331636 0.3019502386008336 0.05750451201463571 0.1091217332825
5 0.4582692227084526 0.31839546903354204 0.030523841343090476 0.07256598423243057
9 0.6349953547103617 0.33656750683694503 0.027217028007635945 0.05686824905006951
3 0.2808522000318167 0.24084843123013916 0.033512481341499624 0.06091996941479163
10 0.4603306146960441 0.22706195421590314 0.041970418682362974 0.11657055737069441
4 0.5221493620305441 0.2370922240675352 0.039599396682044666 0.1141722559839236
9 0.5691970846992257 0.2530270018029519 0.027217028007635945 0.05686824905006951
9 0.6295351480346802 0.27005215406340327 0.027189756007317812 0.05452449905006951
2 0.29086245202099903 0.161415504368403 0.03608349801081765 0.08050577080156254
6 0.4565419960216353 0.16995796903354204 0.030705654678545004 0.08819098423243057
0 0.5683607433561353 0.18115200180295185 0.028389176678863138 0.09048018284565976
8 0.6380465346912716 0.19605160961048665 0.03686474801081765 0.08052395459715278