9 0.20825867697187866 0.7028638076656305 0.04312764469597585 0.045097816033373664
3 0.28206790329435527 0.7137846975342937 0.0379774131118273 0.050279960990419426
3 0.41896866381769904 0.717824823608147 0.03232665258848364 0.04686835594746519
5 0.4781161506635193 0.7248427855030777 0.035952181527678914 0.055625880257724705
9 0.6041249138176991 0.7275284514910226 0.03752238680346807 0.042467460990419426
0 0.28091419794797884 0.6259571489137747 0.04569120257436623 0.06236720318850324
6 0.3504377426721896 0.6162789337394838 0.038796460466874017 0.06434246099041943
9 0.485510692686307 0.6382468662357723 0.03043792889684287 0.05455802521477064
0 0.6825144953030255 0.6328987042045562 0.049089218359381806 0.06721847749876275
11 0.29565850838661795 0.5342609718445532 0.04426521046687402 0.06462906603337366
7 0.6802533162650083 0.5371767684289074 0.06391755780780314 0.09447701831736559
9 0.3117000083160308 0.46065637550802646 0.03829593152767874 0.05574871099041943
8 0.37309253462439 0.45603747455808674 0.03699874203690508 0.0735946302577247
6 0.4352208083019134 0.4522407671857119 0.03570925782192056 0.07820024310259513
3 0.6745640293627182 0.47340419549812884 0.03843243942018652 0.058092460990419426
3 0.2532497424604281 0.3878496393028363 0.03829593152767874 0.05574871099041943
9 0.4392705424463106 0.3827095171857119 0.029702181527678916 0.055298331637205766
3 0.6672667398295922 0.4103309854122205 0.036088689420186525 0.057969630257724704
1 0.31840357657659046 0.29174260119776696 0.04970313936371688 0.1178768967660682
9 0.38330053448321566 0.3076818617132165 0.029975197312694313 0.059985831637205764
3 0.44511799502067684 0.32267609791840657 0.029975197312694313 0.059985831637205764
2 0.5647402502823488 0.3273779652858326 0.0389329683593818 0.06668621099041942
9 0.6107429950206769 0.33135613636216027 0.03282718152767874 0.05546210594746528
5 0.26873677652012073 0.2295834379233553 0.04260399992941277 0.07622498530067894
9 0.3290827423192537 0.24293328697341568 0.03296368942018653 0.057805855947465276
4 0.3842630659826596 0.22388339382539207 0.0487853814712091 0.11549220318850333
8 0.4950717633659411 0.24536332541716935 0.03414675782192056 0.07811835594746527
3 0.6786200107351051 0.2557663161449152 0.03466269731269449 0.060231493102595034
11 0.39315221857114324 0.1788984424459111 0.03557274992941286 0.07585649310259504
10 0.5637300290803695 0.16981444877748916 0.049748641994552756 0.1186581467660682
3 0.6191231843702762 0.20092832993972515 0.03098396046687384 0.06393302521477065
2 0.6799619738328151 0.19236223541222058 0.046646757821920556 0.07877345318850333