11 0.1872931866934958 0.686526454525174 0.05375901136870649 0.05600726087441501
0 0.3243156842220379 0.6926425088600675 0.04435217787060939 0.05484400889724857
9 0.6500014337277463 0.6817116901535369 0.03300084239534584 0.044242089923887916
4 0.33511787444993685 0.5806690908752901 0.05890676779449713 0.08663517836490087
1 0.3976178744499369 0.5781224110275143 0.053805432319233584 0.07628792737631773
9 0.5934423690127294 0.5958816195070209 0.03331917737631773 0.052054589923887916
9 0.4702860533091293 0.5174448961987667 0.029412927376317732 0.05189542243340171
5 0.5280030528148377 0.5174329673395742 0.035263679353484 0.0614932569200823
9 0.5931333042977125 0.507759536997507 0.029412927376317732 0.05189542243340171
8 0.22107657357508442 0.43166519958225813 0.05323242935348409 0.062225427376317734
3 0.47756665410743204 0.4344732287082807 0.02872717787060921 0.054207338935304605
9 0.602566654107432 0.42937986901272945 0.03322367688202608 0.04971083992388792
8 0.35739075836577594 0.3403160049057348 0.035709348326844824 0.0724307569200822
9 0.5370955044114433 0.3517124668452826 0.029635761862998145 0.05736417243340188
6 0.6038200893924153 0.34119411950702094 0.03918451680591382 0.08115184091247105
2 0.30465968920213476 0.2753886832706357 0.045307182813525235 0.07828150889724857
3 0.3689304362363853 0.2868090029285685 0.029635761862998145 0.05736417243340188
7 0.4261991081754955 0.2595169910655704 0.047361772737412974 0.10956334239534585
3 0.5451891887078432 0.2679277158566994 0.029635761862998145 0.05736417243340188
9 0.6052499382135516 0.2678202865032154 0.02950842787060921 0.054239172433401886
2 0.6577846892021348 0.2609999421307032 0.0388661818249421 0.07333934091247105
0 0.24800512399282632 0.1919023626241198 0.04575285178688589 0.08921900889724857
3 0.3097092865403964 0.20888693277634415 0.03363751235728962 0.059867089923887826
3 0.37533428654039647 0.2062129189361797 0.029731262357289623 0.05970792243340188
5 0.4225912885175628 0.19492790905034796 0.032711682319233756 0.07542842292769344
3 0.4845182855518132 0.20644372920257226 0.028950012357289622 0.05967608893530461
11 0.5395241205327851 0.19640288433576858 0.0326161818249421 0.07308467292769345
3 0.597767702053716 0.20260912197847886 0.029013679353484 0.06123858893530461
10 0.2658412228139627 0.11786002616027307 0.056401191710773804 0.12085101087441492
6 0.3206733028520188 0.1312248477953722 0.04122451927737192 0.09293425790866539
9 0.48972705038056086 0.13603572870828068 0.027546679847775656 0.06351867193911023
3 0.6561333003805608 0.129255193613578 0.02989042984777566 0.06361417243340188