11 0.23180857807534777 0.7028422909216581 0.05281718189572917 0.055706852176918176
0 0.369581335009202 0.7193626467267734 0.043423998100139014 0.054598219962933216
9 0.6954171363959729 0.7330829286627568 0.03225010875746541 0.04406002404661713
4 0.3732310522397922 0.6078621515360968 0.05743259992375007 0.08631201143274544
1 0.43573105223979225 0.610044699629331 0.052508710581076555 0.0759920703257528
9 0.6332061174942714 0.6427009761230189 0.03243194671336802 0.05187252404661713
9 0.5046979513661116 0.5546875662342196 0.02852569671336802 0.05173611479078986
5 0.5625650027528823 0.5590501732204614 0.03421265226045147 0.061302087748947895
9 0.6272450985925699 0.5542833168671917 0.02852569671336802 0.05173611479078986
8 0.24933634450850733 0.44975449645662097 0.05218140226045147 0.06192957032575279
3 0.5066767190335421 0.4720114754900468 0.027798998100139017 0.05405258293962447
9 0.6316767190335421 0.47637657167651515 0.03237739532659738 0.04952877404661713
8 0.38014862699357665 0.3684549111547437 0.034467225398715315 0.07223958774894798
9 0.5610537880877434 0.39350701877395755 0.02865298328249999 0.05720486479079003
6 0.6272782001318407 0.3880134761230189 0.03779224715020853 0.08094246515360962
2 0.3231160705728128 0.2993303997219983 0.043969511967847284 0.07803571996293313
3 0.38828712889343775 0.31565729336872883 0.02865298328249999 0.05720486479079003
7 0.44395524743454884 0.29262158665263965 0.045478113791458344 0.1093130018140986
3 0.5637956219595835 0.31007695988095013 0.02865298328249999 0.05720486479079003
9 0.6240064233463544 0.31452141242068804 0.028580248100139018 0.054079864790789946
2 0.6762410705728128 0.3116617964487717 0.03761040919430556 0.07312996515360962
0 0.26095960305788213 0.21129219718226033 0.04422408510611113 0.08897321996293313
3 0.3239141979476391 0.2330059952754946 0.032613784669270895 0.05968502404661713
3 0.3895391979476391 0.23529767077339053 0.028707534669270805 0.05954861479079003
5 0.43619599240055573 0.2275595818433162 0.031414960581076554 0.07525546034428628
3 0.4990233007211808 0.24380462993655044 0.027926284669270985 0.05952133293962456
11 0.553528962765278 0.23790185951813042 0.031360409194305564 0.07291171034428627
3 0.612322734516771 0.2485417483555375 0.02796265226045147 0.06108383293962456
10 0.27409407627239596 0.13837305235440348 0.05432643692972228 0.12055060217691826
6 0.32992650218420155 0.1559350637871489 0.03962750408406261 0.09271577885594055
9 0.4997305091180557 0.17357397549004672 0.02645470364722229 0.0633730192372937
3 0.6661367591180557 0.17938500978828287 0.028798453647222288 0.06345486479078999