11 0.7803297902095702 0.7272733320895846 0.05187611738824671 0.05600726087441501
0 0.642761612516473 0.733389386424478 0.04249657220870695 0.05484400889724857
9 0.31696672697785355 0.7224585677179475 0.031499984874689524 0.044242089923887916
4 0.6371615731906657 0.6214159684397005 0.055959629390299345 0.08663517836490087
1 0.5746615731906657 0.6188692885919249 0.051213042056281924 0.07628792737631773
9 0.37763658226585195 0.6366284970714314 0.03154543667008758 0.052054589923887916
9 0.5046854164766115 0.5581917737631772 0.02763918667008767 0.05189542243340188
5 0.44685928093799204 0.5581798449039848 0.033162478824565154 0.06149325692008212
9 0.3820564375538503 0.5485064145619175 0.02763918667008758 0.05189542243340188
8 0.758369473560008 0.4724120771466686 0.05113122882456533 0.062225427376317734
3 0.5012609555078312 0.4752201062726913 0.02687157220870695 0.054207338935304605
9 0.37626095550783123 0.47012674657714 0.03153180113146821 0.04971083992388792
8 0.626056943309387 0.38106288247014536 0.03322611133812252 0.0724307569200822
9 0.44547910900043153 0.39245934440969316 0.02767100292686635 0.05736417243340188
6 0.37911831079582964 0.38194099707143153 0.036401108313060516 0.08115184091247105
2 0.6819165787498106 0.3161355608350463 0.042632927594901206 0.07828150889724857
3 0.616991015518094 0.32755588049297907 0.02767100292686635 0.05736417243340188
7 0.5608864612633678 0.3002638686299809 0.0435959847764936 0.10956334239534585
3 0.4412779432111911 0.30867459342111003 0.027671002926866174 0.05736417243340188
9 0.38110805767257167 0.3085671640676259 0.02765282220870695 0.054239172433401886
2 0.32879157874981046 0.3017468196951138 0.03635565651766246 0.07333934091247105
0 0.7425727984991896 0.23264924018853037 0.04269656010845857 0.08921900889724857
3 0.6799591690106943 0.24963381034075466 0.031590888465485634 0.059867089923887826
3 0.6143341690106943 0.24695979650059022 0.027684638465485634 0.05970792243340188
5 0.567513711165172 0.23567478661475852 0.030119292056281922 0.07542842292769344
3 0.5049318979334554 0.24719060676698285 0.026903388465485633 0.05967608893530461
11 0.45028984972885355 0.23714976190017914 0.030105656517662283 0.07308467292769345
3 0.3916461027539156 0.24335599954288947 0.026912478824565333 0.06123858893530461
10 0.7281562953759315 0.15860690372468364 0.052253367290050964 0.12085101087441492
6 0.6725966417851353 0.17197172535978272 0.03803178600615773 0.09293425790866543
9 0.5029972140920382 0.17678260627269127 0.025363614363184794 0.06351867193911027
3 0.33659096409203826 0.17000207117798855 0.027707364363184706 0.06361417243340188