3 0.2375 0.7328125 0.0421875 0.0484375
7 0.3890625 0.69765625 0.053125 0.0875
5 0.665625 0.7 0.0421875 0.05859375
2 0.24921875 0.634375 0.05625 0.05625
0 0.37890625 0.6078125 0.0375 0.06640625
4 0.509375 0.603125 0.0421875 0.09140625
3 0.5921875 0.61640625 0.03125 0.05078125
5 0.25390625 0.5421875 0.046875 0.06484375
3 0.31796875 0.54375 0.03515625 0.05390625
9 0.44921875 0.53046875 0.02734375 0.05625
9 0.63984375 0.51953125 0.03515625 0.053125
1 0.3890625 0.4390625 0.0515625 0.09375
3 0.51015625 0.440625 0.0296875 0.05390625
9 0.5703125 0.44921875 0.0296875 0.053125
9 0.7015625 0.43203125 0.0328125 0.05625
9 0.50390625 0.3734375 0.02734375 0.05390625
3 0.5796875 0.37109375 0.0296875 0.05859375
9 0.703125 0.365625 0.0359375 0.05390625
6 0.45546875 0.278125 0.03125 0.08984375
9 0.51328125 0.30234375 0.0265625 0.05625
10 0.5765625 0.28515625 0.046875 0.103125
3 0.62890625 0.29609375 0.03125 0.05859375
8 0.68359375 0.27890625 0.040625 0.0765625
2 0.390625 0.2140625 0.03125 0.08203125
0 0.68984375 0.2046875 0.03828125 0.09140625
6 0.33515625 0.15390625 0.0359375 0.09609375
8 0.38203125 0.15390625 0.03828125 0.0765625
11 0.453125 0.1546875 0.03125 0.0796875
11 0.4984375 0.15 0.0296875 0.0796875
3 0.55859375 0.14765625 0.0265625 0.06484375
9 0.61953125 0.1578125 0.02734375 0.06015625
3 0.6765625 0.14296875 0.03125 0.06484375