11 0.4723312365391509 0.7589929284020819 0.037506011678482665 0.055370590912470874
9 0.6718455032321983 0.7772667204168668 0.03709683471887839 0.041308090912470875
5 0.8075556826990848 0.7749932490857789 0.05467077962517095 0.05528967787060921
9 0.3307454786215921 0.6666078157407811 0.03875026293212365 0.04449675790866543
3 0.5253449247815261 0.6768781067669829 0.028753137305303156 0.04955167243340188
3 0.5979329786215921 0.677494872090022 0.028753137305303156 0.04955167243340188
9 0.6622682632613281 0.6894802189339921 0.03718776293212365 0.04443309091247105
1 0.8059584272888085 0.6664631660819733 0.07200904381093594 0.08798943133065044
8 0.5297619886507219 0.5873208582498576 0.037687868104973175 0.06162059091247087
5 0.583091577130524 0.596516786120467 0.037687868104973175 0.06162059091247087
9 0.3928409986798518 0.49434549657714 0.03281851167848249 0.05517958992388792
9 0.45938364099971984 0.5017388439154016 0.031256011678482486 0.055115922927693364
8 0.7119858037735589 0.49408414729889294 0.042693616851332016 0.07274909190105419
4 0.4561927933487177 0.4188945104173044 0.04587845282385157 0.10175084239534567
10 0.7051387587089816 0.41967439631030984 0.05447220282385157 0.10210101087441484
3 0.7552296869222269 0.42483674018853035 0.037506011678482665 0.055370590912470874
6 0.3337662123907631 0.34133590171033623 0.03981866943775678 0.08121550790866543
3 0.44888274703049913 0.355390425930624 0.028912261678482487 0.05502042243340188
3 0.5156838021242063 0.34484685676698285 0.028199207838416385 0.05733233893530461
9 0.33817491607254446 0.2783093196951138 0.03281851167848249 0.05517958992388783
0 0.3903368096460538 0.2741921640676259 0.037611311757624756 0.08580750741437378
2 0.4557572211662517 0.2698349279077904 0.03340954506457727 0.07549208992388783
3 0.5081464352728743 0.27353027228030247 0.02670490399835046 0.059612421939110226
9 0.5614078275927424 0.28038245015091173 0.028131011678482486 0.0549885889353046
3 0.6268282391129404 0.27602521399107627 0.02904865399835046 0.05970792243340188
7 0.6904133659934022 0.2622293108350463 0.059037682369880426 0.12491642836490087
3 0.3336261569013444 0.2024325692008222 0.03300036810497318 0.06142958992388783
9 0.3952312466347877 0.20104116555050067 0.03150606426490725 0.06370967292769344
6 0.44608069279472173 0.2054540929268184 0.032347150237426806 0.09261592292769345
0 0.5061460145814763 0.2047802722803025 0.032301686130804086 0.09105342292769344
2 0.5638675863682311 0.20401095113949497 0.03340954506457727 0.07549208992388783
11 0.6225749966347877 0.21030471349678465 0.03504024122451135 0.07789950692008221