4 0.41420350398715333 0.6900972190194782 0.057450783719340315 0.08806324400710608
3 0.4933279595342367 0.6953369176854256 0.03086944671336802 0.05233710594746519
5 0.6983421146444797 0.6650375067858633 0.04827515226045147 0.06261286465389268
9 0.7713074891695145 0.6745110040723299 0.04409614532659738 0.050689396766068026
6 0.34338055128986167 0.6046377538451873 0.04842062262517368 0.06886286465389269
11 0.6324430512898616 0.5894886301461831 0.03982687262517359 0.06841248530067894
3 0.6839146323119103 0.5828801040269014 0.037173998100139015 0.05500840456798421
9 0.35228146618375045 0.516564543759279 0.036520034669270805 0.060436210990419424
3 0.49041724581902824 0.503067530530296 0.02865298328249999 0.057683025214770645
9 0.6770450768410768 0.4893757654922906 0.037173998100139015 0.05500840456798421
0 0.7520087092498964 0.4838826820460625 0.048602460581076555 0.0766753646538925
8 0.29553919728204897 0.4311493441888203 0.04860246058107638 0.0766753646538925
3 0.4247363880114934 0.4368936538906157 0.030996733282499987 0.05780585594746519
10 0.6180317931217365 0.4072083966545265 0.05094686379145834 0.11035100180902227
5 0.6758442931217366 0.4041785719147257 0.039935975398715226 0.07309998530067893
8 0.2964100598392364 0.3677452634561257 0.0469126740119445 0.07112472749876275
3 0.3541680084524656 0.36237168871632486 0.032613784669270895 0.060231493102595124
9 0.4891060529053822 0.3459134497976013 0.02874390226045147 0.061589275214770645
9 0.5414679867009726 0.3439514801007546 0.027871733282499988 0.057642081637205765
11 0.6742077515186115 0.3338660719147257 0.04000871058107656 0.07622498530067894
2 0.7318384135627086 0.32302374717492494 0.0447507619678472 0.0788143967660682
6 0.2974439233463544 0.27773773914586614 0.04026328371934031 0.08716248530067894
1 0.4221166150257294 0.257124266735486 0.0495662017473613 0.11808161465389251
7 0.47911149743454884 0.2525728855732501 0.04333438554295146 0.11853531603337349
0 0.5339262840036808 0.25517558514370875 0.03334113649288195 0.09148149310259504
9 0.604711562689028 0.2718031631628699 0.028798453647222288 0.06393302521477065
9 0.2968977562682641 0.22066554556830126 0.03661095364722229 0.06434246099041943
3 0.4202988886770836 0.21263396031305087 0.027962652260451294 0.061548331637205765
3 0.4748954696991321 0.20586165988350955 0.02645470364722229 0.063810194482076
9 0.5929551386770836 0.20358542967121332 0.026400152260451292 0.06146644448207601
3 0.4213334053945835 0.15626112958035626 0.028017203647222287 0.06389208163720576
2 0.7129572077312849 0.11672948157109264 0.040063261967847194 0.07856873530067894