4 0.4017923633812261 0.6970510377567972 0.055964174569839285 0.08709326143274546
3 0.48075315553570375 0.703670570789089 0.029982936670087668 0.05181796034428636
5 0.6861082760472085 0.6769641939325814 0.04722497882456515 0.061793161069925696
9 0.7588417940993853 0.6877082317741966 0.04325055113146803 0.0499380018140986
6 0.33252421291368783 0.6103893406593548 0.04726134026088378 0.0680431610699257
11 0.6215867129136878 0.6002950557281466 0.038667590260883775 0.06774306070710594
3 0.6731264870159889 0.5945882035512282 0.03624657220870695 0.05437996515360979
9 0.34295265280522924 0.5225073947430389 0.035497138465485634 0.05982143330244423
3 0.4811975413689108 0.5114285070867581 0.02767100292686635 0.05720486479078986
9 0.6678935654712117 0.5010018946582209 0.03624657220870695 0.05437996515360979
0 0.7428844751121322 0.49682033694633976 0.047306792056281924 0.0758556610699257
8 0.28775154751723087 0.4361358743246188 0.047306792056281834 0.0758556610699257
3 0.4167305203898678 0.4441343688823232 0.03001475292686635 0.05728671034428619
10 0.6103668909013725 0.4178372197932971 0.049064734776493604 0.10950397477225646
5 0.6681793909013726 0.4158183628070554 0.03869486133812252 0.07243056070710593
8 0.2897271379745064 0.3727727787711225 0.04571247579950324 0.07033234736759483
3 0.34752600243588694 0.3684101717848809 0.031590888465485634 0.05968502404661713
9 0.4826277102814093 0.35431541153326185 0.027693728824565157 0.06111111479079003
9 0.534976005460949 0.35326877750517816 0.026889752926866173 0.05717758293962456
11 0.6677703247427897 0.3455058628070554 0.03871304205628192 0.07555556070710594
2 0.7255373729473916 0.33567450582081376 0.0434141775949012 0.0780630018140985
6 0.29232944232742836 0.2828199013664608 0.03877667456983911 0.08649306070710594
1 0.4172476290957118 0.26439230517999235 0.04754768657189175 0.1172619110699257
7 0.47426978873663217 0.26083823004491613 0.04130223175143151 0.11782490626060227
0 0.5289891049934108 0.2643972504633362 0.031772695647078034 0.09093502404661713
9 0.5994197796614458 0.2822543838584476 0.027707364363184793 0.06345486479079003
9 0.29277889422102227 0.2257613695152954 0.0355198643631847 0.06372768330244423
3 0.4162073038619427 0.2198883370311578 0.026912478824565156 0.06108383293962456
3 0.4708720779642436 0.2140723574495778 0.025363614363184794 0.0633730192372937
9 0.5888635538619427 0.21385904792359822 0.025349978824565154 0.0610292692372937
3 0.4182238009350764 0.1635564914776615 0.026926114363184796 0.06342758293962455
2 0.7102704003693423 0.12913432914179146 0.038726677594901206 0.07789931070710594