9 0.40091300294670085 0.69921875 0.032250108757465236 0.04296875
9 0.45570960572024255 0.69453125 0.03068760875746541 0.04296875
3 0.7167562084937842 0.68984375 0.03928135875746541 0.04296875
5 0.3294939042572217 0.6125 0.039590483282500075 0.05625
9 0.3913944922131245 0.6046875 0.02852569671336802 0.05078125
3 0.46237913943958286 0.609375 0.03074216014423605 0.0453125
11 0.6533859991469787 0.59296875 0.04193423328249999 0.05625
9 0.7243160949866662 0.6 0.039226807370694415 0.040625
9 0.27978615140743013 0.5328125 0.03699216014423614 0.0453125
3 0.405821974545694 0.521875 0.028471145326597204 0.0484375
10 0.46298051111482597 0.51640625 0.04740363649288195 0.08984375
4 0.5312947532310413 0.5015625 0.04037238649288213 0.08984375
9 0.6457566435236455 0.51796875 0.03399444671336802 0.05078125
7 0.7282970398001731 0.49609375 0.06858830547083343 0.09375
6 0.27559092030913157 0.44453125 0.04464165919430565 0.071875
1 0.33205912585621494 0.43515625 0.05770535685760425 0.09609375
0 0.5805329934473955 0.43359375 0.03441267401194459 0.06875
0 0.6533710814032982 0.42578125 0.03995415919430556 0.071875
5 0.2868752188461108 0.3625 0.04373312262517359 0.06640625
3 0.46407349848138857 0.36875 0.02781718189572917 0.05390625
9 0.5867479322769789 0.36796875 0.027798998100139017 0.053125
8 0.6415627188461108 0.3625 0.03681097539871523 0.07109375
11 0.7065701230064233 0.35546875 0.04217062262517359 0.06640625
3 0.6433629146095484 0.28515625 0.030996733282499987 0.05625
9 0.3596068168699998 0.225 0.02865298328249999 0.05625
6 0.5302102575994443 0.2125 0.029380335106111134 0.0875
3 0.30733710847312484 0.1546875 0.03265015226045147 0.06015625
2 0.3518501746775346 0.15546875 0.03982687262517359 0.06640625
8 0.4760143732907638 0.1578125 0.03290472539871523 0.07109375
2 0.5291757408819443 0.15625 0.0330320119678472 0.0765625
3 0.6400950570863541 0.15703125 0.028707534669270805 0.05859375
3 0.6978893732907638 0.1578125 0.034212652260451296 0.06015625