9 0.44975413667987124 0.6822196620160975 0.033251301695410976 0.044242089923887916
9 0.5042233128585536 0.6753038171492938 0.031688801695410974 0.04417842292769336
3 0.764942489037236 0.6599839287848305 0.04028255169541097 0.04452859140676253
5 0.37227764598549606 0.5984932608372338 0.0409011358558109 0.05780984140676253
9 0.4336325229499668 0.5881659144875554 0.029708924730940466 0.05189542243340188
3 0.5049445967712843 0.5899565661607106 0.03179796360606986 0.04652217292769336
11 0.6948054633966729 0.5657829426249948 0.0432448858558109 0.05790534190105419
9 0.7662266991286493 0.56991734429815 0.04017338978475227 0.04218484140676253
9 0.31700364102309736 0.5209067717116488 0.03804796360606986 0.04677684091247105
3 0.4422754687733564 0.5048440785180003 0.029599762820281584 0.04955167243340188
10 0.49905200764848595 0.49705148315690495 0.04949703990858687 0.09169009288963732
4 0.5663293988809801 0.4794382188224489 0.04246578990858687 0.09140359140676253
9 0.6819372822555918 0.49116494460216115 0.03517767473094047 0.052118256920082116
7 0.7629496877561097 0.46594742730195565 0.07077272642635143 0.0964558473382617
6 0.3066418757216164 0.43288018969642633 0.046316381926869356 0.07362584239534584
1 0.3624552280789813 0.42121317783342827 0.05994438833701023 0.09835392836490087
0 0.6108199534718753 0.40952762543852 0.03601458271265763 0.0700870069200823
0 0.6831123304363462 0.3987546101154808 0.04162888192686935 0.07343484140676253
5 0.3121962088485589 0.35046693771926 0.04528042080199892 0.06812525889724856
3 0.4898310572769823 0.34949073365119654 0.029073223945152195 0.0549885889353046
9 0.6124509199734295 0.34371162444993686 0.029036836641598996 0.054207338935304605
8 0.666883708848559 0.3360145295831331 0.038467494623316514 0.07252625741437377
11 0.7313999731165826 0.3263410992410659 0.04371792080199892 0.06806159190105418
3 0.663281365796819 0.2586707795831331 0.0323073858558109 0.05745967292769336
9 0.37532329342324344 0.2101337563886096 0.0299636358558109 0.05736417243340188
6 0.5450535965663966 0.19069405380342092 0.03141912799792799 0.08861417243340183
3 0.31814218610347983 0.1420177677573161 0.03405182237357547 0.06142958992388783
2 0.36270982340703284 0.14098450836577592 0.04137417080199892 0.06796609140676262
8 0.48703773531769157 0.1382667321683218 0.034561244623316514 0.07236708992388782
2 0.5400899607105858 0.1345395542977125 0.03481595574818712 0.07783583992388783
3 0.6510638480141386 0.1308004475679107 0.030072797766469605 0.05970792243340188
3 0.7089127353176916 0.12922601870871825 0.035614322373575646 0.06149325692008221