1 0.2345578489432866 0.30812999164729754 0.07773061114173085 0.20345487141421187
5 0.20074697208707004 0.5381523083448533 0.07187552088084707 0.13685764845605383
5 0.26689712939029936 0.09367811124741092 0.054642569085449025 0.1284449477304145
2 0.4058697675611974 0.3516047170525262 0.05863972267624522 0.14420635698624168
2 0.36475090563389967 0.6680729652384277 0.07198006001026273 0.15482639845605384
3 0.2631525650784283 0.7926240427357566 0.06082893657189174 0.1177257025397381
4 0.4813697373105764 0.4401612747644073 0.06741982503737738 0.17653770734906135
3 0.42288857503737737 0.18895094962933107 0.05144030103327228 0.1150545703257528
3 0.31763396935659555 0.35633436787083284 0.0475022347764936 0.1094494110699257
3 0.3976674238824681 0.552839834838541 0.05377496067419276 0.11357391587924895
3 0.4585645381474569 0.6822842873782791 0.04752496067419258 0.1133556610699257
3 0.4866925206844554 0.28100452957373073 0.04982780405833438 0.10640625662342203
0 0.3488965631335207 0.09107395561978085 0.053929496778546235 0.1401364158792491
0 0.6429753787029282 0.5606250861044855 0.061805629292103606 0.1513467343909035
10 0.654760743753484 0.16970990942546316 0.06351357503737738 0.1764012980932342
7 0.8398725837197801 0.43705864444933873 0.0863470870394302 0.20766122177703164
8 0.7655144957965876 0.8132912730351268 0.07043119554888229 0.15711558475372306
11 0.8036295149289188 0.11476449299805988 0.052289728726369236 0.12680060217691827
6 0.8110198341125636 0.17672877965854875 0.05395676785578516 0.14482391587924912
6 0.8624435170702182 0.6917015044308054 0.07196642447164336 0.15248264845605383
8 0.6503510205862595 0.3515501864673052 0.06489426785578516 0.14520586179556502
9 0.5879999697493791 0.10645345207640178 0.0514175751355733 0.1111483203257528
9 0.5857930960164204 0.26415682467174006 0.04908746067419258 0.11341022477225646
9 0.7290931232419793 0.1918329352861788 0.04984143959695366 0.10875000662342194
9 0.7441555627407372 0.36419900860715654 0.04982780405833438 0.10640625662342193
9 0.7439651860809124 0.465734226755991 0.056141436571891745 0.11756201143274544
9 0.7530866977883773 0.6910070452676453 0.054565301033272284 0.1151636977304145