9 0.28125 0.7515625 0.03828125 0.05078125
9 0.425 0.7453125 0.0328125 0.0484375
3 0.4984375 0.75703125 0.0296875 0.0484375
8 0.290625 0.65859375 0.0484375 0.0625
9 0.4984375 0.6703125 0.0296875 0.053125
2 0.6984375 0.65078125 0.0453125 0.06640625
5 0.22578125 0.571875 0.0484375 0.06640625
6 0.30390625 0.559375 0.040625 0.07109375
3 0.42265625 0.571875 0.02734375 0.05625
3 0.4984375 0.58203125 0.0296875 0.053125
3 0.5609375 0.58203125 0.0296875 0.05390625
9 0.3109375 0.4859375 0.03515625 0.053125
9 0.36875 0.48046875 0.03125 0.05625
7 0.62890625 0.47421875 0.05546875 0.10234375
0 0.246875 0.39765625 0.046875 0.084375
9 0.30625 0.415625 0.03125 0.05625
3 0.37109375 0.40703125 0.03125 0.05859375
1 0.4359375 0.40234375 0.0453125 0.10234375
0 0.5015625 0.40625 0.03125 0.08203125
5 0.38125 0.34140625 0.0328125 0.071875
2 0.44140625 0.33671875 0.0359375 0.071875
10 0.49765625 0.3125 0.03828125 0.115625
8 0.55703125 0.3234375 0.0328125 0.0796875
9 0.609375 0.3359375 0.03125 0.05625
3 0.68125 0.34453125 0.03515625 0.05859375
11 0.2640625 0.25859375 0.04296875 0.07421875
11 0.50078125 0.26171875 0.0296875 0.0765625
6 0.60859375 0.25390625 0.03515625 0.08984375
3 0.6671875 0.27265625 0.03125 0.06015625
3 0.32109375 0.19921875 0.03125 0.0625
4 0.434375 0.18203125 0.0375 0.11875
9 0.61171875 0.20078125 0.0265625 0.06484375