9 0.29874281135784786 0.7548351400381801 0.03946319671336811 0.05122669267186346
9 0.44234734099312567 0.750257822724361 0.03393989532659738 0.04881930800445424
3 0.5160575979269797 0.7628310954009969 0.03081489532659738 0.04878294533736351
8 0.3059539396826047 0.6619754780394527 0.049892203647222286 0.06306362133990877
9 0.5140391966164589 0.6761123454009969 0.030923998100139016 0.05347044533736352
2 0.7135846017267019 0.6589083060948138 0.046858122625173595 0.06693350867281786
5 0.23909178837208384 0.5745022026973168 0.04998312262517368 0.06696987133990895
6 0.31692584764263937 0.562911269374589 0.042279725398715315 0.0715664646721816
3 0.43596678837208386 0.5767930507240429 0.02865298328249999 0.05656817333704538
3 0.5119844277147575 0.5878310954009969 0.030923998100139016 0.05347044533736352
3 0.5744844277147575 0.5885583487428147 0.030942181895729347 0.054251695337363515
9 0.3222478208571532 0.4895555853755435 0.03639274810013893 0.053534080004772555
9 0.3799330342880213 0.484759544716725 0.03255923328249999 0.05661362667090888
7 0.6399438139232989 0.4815367367520415 0.05785082722232637 0.10298918734086335
0 0.2561305519554517 0.4005289007001803 0.04883884992375007 0.08492044000636341
9 0.31592377925402815 0.41918854137490713 0.03255923328249999 0.05661362667090888
3 0.3805675075025351 0.4113493167170431 0.032613784669270895 0.058957376670908876
1 0.44530215472899337 0.4074163420591791 0.04769457722232655 0.10287100867281787
0 0.5110180737069447 0.41208620806808777 0.033159298536979166 0.08239487667090888
5 0.3891963186729517 0.34584249538508854 0.03448540919430556 0.07225680800445433
2 0.44924346589940994 0.34185497672658816 0.03761040919430556 0.07229317067154524
10 0.5049297682361115 0.3182907547342242 0.040972451747361305 0.11607044267186346
8 0.5645593413743752 0.32991914540895106 0.034667247150208524 0.08006930800445441
9 0.6171940321038197 0.3430282200827235 0.03255923328249999 0.05661362667090888
3 0.6892690538553128 0.35245831142581396 0.036520034669270986 0.059002830004772557
11 0.27008133634038217 0.2616663953691801 0.04469621058107638 0.07471873667249973
11 0.5068728215227433 0.26754586740131503 0.0314695119678472 0.07690794533736342
6 0.6145034835668405 0.2609878794159507 0.03724738649288213 0.09025283000477255
3 0.6735336446610072 0.28041967942390494 0.03265015226045147 0.06051987667090888
3 0.325730617875521 0.2029550140435889 0.03270470364722229 0.06286362667090888
4 0.4386118243725349 0.18708566072563365 0.04026393692972228 0.11918635200509069
9 0.6163919854667015 0.2078992420830416 0.028071755033993107 0.06515283267027261