6 0.48190777659805495 0.7263168971052916 0.03641093189572917 0.055133933302444225
9 0.41864471039364515 0.7277454770496912 0.03237739532659738 0.04952877404661713
4 0.7563103241851037 0.6082290628997227 0.07078658510611113 0.08990080290255768
8 0.6062739565939231 0.6150296783234849 0.03739220364722229 0.06375496515360979
2 0.5563830593674648 0.6120882167980722 0.03739220364722229 0.06375496515360979
3 0.3481705158644786 0.636532689208076 0.033939895326597205 0.049583337748947895
5 0.7547854981970481 0.5395881903043843 0.052181402260451294 0.06192957032575279
3 0.6847093875397217 0.5318873069092729 0.03868194671336802 0.05209077885594056
11 0.4236264171749995 0.5472494451985257 0.03661095364722229 0.06372768330244441
9 0.35814688753972174 0.5432911206964217 0.02852569671336811 0.05173611479078986
2 0.7458663995075691 0.45325138622070044 0.050164960581076556 0.07591022477225665
9 0.6780067522811107 0.4509374072720925 0.037246733282499986 0.05750496515360979
9 0.6147255022811107 0.4531472372164922 0.02865298328249999 0.05720486479078986
10 0.547883494397326 0.4406497264167191 0.044587761017916706 0.10459821996293321
11 0.4970840606017358 0.4432042967424719 0.03435812262517359 0.0675520877489479
3 0.3005720833031593 0.46802079138499425 0.03641093189572917 0.055133933302444225
0 0.6798069480445482 0.37359365727209254 0.042479747150208524 0.08110615626060227
3 0.3643274184092705 0.3783655251429255 0.03255923328249999 0.05734127404661713
3 0.3026632197960414 0.37817704138499425 0.03646548328249999 0.057477683302444224
9 0.6761202100123956 0.29722213023025057 0.032650152260451294 0.06124752404661713
3 0.6165451882609025 0.3078893009188231 0.031051284669270807 0.059630460344286276
3 0.5533184896476733 0.3077553808632228 0.027926284669270985 0.05952133293962447
7 0.49706914285805526 0.276153205998299 0.04333438554295146 0.11782490626060227
8 0.4404372831506594 0.2945237492822098 0.0345945119678472 0.07770833774894799
3 0.30891452621680526 0.3108258502780017 0.03255923328250008 0.05734127404661713
9 0.6150749136596179 0.2369046783234848 0.03265015226045147 0.06124752404661713
6 0.445816420593472 0.23110609002638266 0.031669533719340316 0.08619296034428628
0 0.3771391557758331 0.23038189292894035 0.034849085106111136 0.08864583774894799
5 0.3187636113229165 0.22305303176634741 0.04000871058107647 0.07555556070710594
9 0.6087898524892011 0.1715524968351391 0.028707534669270986 0.05954861479078995
9 0.5519768080362846 0.1641690719702153 0.027926284669270985 0.05952133293962456
1 0.3181473219039929 0.1489161273198437 0.04593270868121539 0.1288442518140985