6 0.518092223401945 0.7175051667809146 0.03641093189572917 0.05574871099041943
9 0.5813552896063549 0.7134074869981596 0.03237739532659738 0.050075243102595125
4 0.2436896758148964 0.6231597817734913 0.07078658510611113 0.0911030348257091
8 0.39372604340607686 0.6168611148810351 0.03739220364722229 0.06438340456798422
2 0.44361694063253526 0.6095532259168831 0.03739220364722229 0.06438340456798422
3 0.6518294841355214 0.6158497342846261 0.03393989532659738 0.050157130257724704
5 0.2452145018029519 0.5542460074632318 0.05218140226045147 0.06281758254171699
3 0.31529061246027823 0.5404048354823929 0.03868194671336811 0.052746541723114146
11 0.5763735828250005 0.5329796805757244 0.03661095364722229 0.06434246099041943
9 0.6418531124602783 0.5232904200602749 0.02852569671336802 0.05221427521477064
2 0.25413360049243094 0.46695404737732354 0.050164960581076466 0.07675725180902226
9 0.32199324771888926 0.4587044561291794 0.037246733282500076 0.058133404567984215
9 0.3852744977188893 0.45538802634642445 0.02865298328250008 0.057683025214770645
10 0.452116505602674 0.43702312867584514 0.044587761017916706 0.10533595318850324
11 0.5029159393982642 0.43514304613412824 0.03435812262517359 0.0681258802577247
3 0.6994279166968407 0.44283495816534424 0.03641093189572917 0.05574871099041943
0 0.3201930519554518 0.3813607061291794 0.042479747150208344 0.08181656603337348
3 0.6356725815907295 0.3585695007929695 0.03255923328249999 0.057887743102595035
3 0.6973367802039586 0.3529912081653443 0.03646548328249999 0.058092460990419426
9 0.32387978998760447 0.30451160108622527 0.03265015226045147 0.061793993102595035
3 0.3834548117390975 0.30999363919129463 0.031051284669270894 0.06014960594746528
3 0.44668151035232667 0.30433345940853973 0.027926284669270985 0.059985831637205854
7 0.5029308571419447 0.2677508282463038 0.04333438554295146 0.11853531603337357
8 0.5595627168493407 0.2812091406616327 0.0345945119678472 0.07828213025772471
3 0.6910854737831947 0.2860493696307336 0.03255923328249999 0.057887743102595035
9 0.3849250863403822 0.2387361148810352 0.03265015226045147 0.061793993102595035
6 0.554183579406528 0.2181326085494571 0.031669533719340316 0.08671210594746528
0 0.6228608442241669 0.21140457372374805 0.034849085106111136 0.0892196302577248
5 0.6812363886770836 0.1989588054063823 0.04000871058107656 0.07622498530067894
9 0.3912101475107988 0.17270167910538642 0.028707534669270895 0.06002677521477064
9 0.4480231919637154 0.16033779794315048 0.027926284669270985 0.059985831637205764
1 0.6818526780960071 0.12461722467368767 0.04593270868121539 0.12959564676606822