8 0.28125 0.665625 0.04296875 0.0625
8 0.33515625 0.66953125 0.040625 0.06484375
9 0.5421875 0.69375 0.03125 0.05078125
5 0.35546875 0.58515625 0.03828125 0.06015625
7 0.41328125 0.5734375 0.053125 0.09375
3 0.29921875 0.49609375 0.0359375 0.05390625
5 0.35 0.49609375 0.040625 0.06484375
3 0.41875 0.4984375 0.0296875 0.05390625
3 0.48515625 0.51171875 0.02734375 0.053125
10 0.68828125 0.503125 0.05859375 0.0875
9 0.29765625 0.415625 0.0328125 0.05625
11 0.48046875 0.428125 0.0328125 0.06875
9 0.54765625 0.4234375 0.02734375 0.05859375
0 0.67265625 0.4203125 0.0421875 0.0765625
11 0.74375 0.440625 0.0453125 0.06875
1 0.29765625 0.328125 0.0609375 0.103125
2 0.36328125 0.3328125 0.03828125 0.0796875
9 0.43203125 0.34296875 0.02734375 0.05625
9 0.61015625 0.346875 0.02734375 0.05859375
6 0.6796875 0.34765625 0.0421875 0.0796875
3 0.74140625 0.36875 0.0359375 0.05859375
3 0.42734375 0.26953125 0.02734375 0.05859375
9 0.49375 0.27734375 0.0265625 0.05390625
6 0.55625 0.271875 0.03125 0.0875
9 0.68125 0.28046875 0.03515625 0.05625
4 0.49921875 0.17734375 0.0375 0.11875
9 0.32890625 0.13125 0.0328125 0.06484375
3 0.38671875 0.1390625 0.02734375 0.0625
2 0.4890625 0.1265625 0.03125 0.07421875
3 0.54921875 0.13671875 0.0265625 0.0625
0 0.67890625 0.1265625 0.0359375 0.09375
3 0.72890625 0.1515625 0.03515625 0.0625