8 0.20911359512316374 0.6793624253659984 0.05549017473094038 0.05139941534054522
5 0.2784457919800106 0.6676624040419981 0.044916547766469604 0.05908464600572696
6 0.35117481658711647 0.6669453360518613 0.04130139619489306 0.06528919267186346
9 0.6163631689444813 0.6794111627545869 0.03830267473094047 0.05119942067154533
3 0.23457382154951517 0.585857873368862 0.03986517473094038 0.05121760200509069
7 0.2814852088530681 0.5856220633752253 0.06266912799792798 0.08818180000795409
10 0.424526733460174 0.5857231553946336 0.04689857878371626 0.08487498667249974
1 0.560228793013468 0.5755770907463145 0.04264772642635144 0.09419544267186346
2 0.6853186842459623 0.5918844380967228 0.03924874462331651 0.07151192067154533
6 0.24429988606520786 0.4945152580362711 0.04642554383752824 0.07471873667249973
11 0.29528018920836097 0.5076152420432708 0.043645146194893056 0.06531646467218159
2 0.3608324146012551 0.5099413580521794 0.044698223945152014 0.054397146005727134
0 0.6830712876367844 0.5058742127625411 0.04553513192686935 0.07236589600572696
9 0.24850154259918317 0.4210868487030438 0.038411836641599174 0.05354317067154515
3 0.32034015529563026 0.4227044400461343 0.03376072394515202 0.05426987667090888
9 0.43912654259918316 0.42330497139558804 0.029818086641599174 0.0534431733370452
3 0.489235704509842 0.42154302406904226 0.029182385855810723 0.05655908267027261
3 0.6820952925991831 0.4261321687619047 0.035432385855810725 0.05663180800445424
5 0.31963598800828796 0.3539089867122706 0.04081124462331651 0.07153010200509069
8 0.4327545721686878 0.3419367927275426 0.034597631926869356 0.07223862667090888
0 0.5530306848651347 0.3441180054105419 0.034961504962398846 0.08005112667090888
3 0.26687916914936916 0.2782544587046346 0.03405182237357547 0.06051987667090888
9 0.38384834532805157 0.284305558720543 0.02780182237357547 0.06044715133672707
3 0.4460208595960752 0.29206406206236074 0.027729047766469606 0.058884651336727066
3 0.2826176391655798 0.20886865937299817 0.03405182237357547 0.06051987667090888
9 0.3928637803980741 0.22500328405472475 0.03014557237357556 0.060474423337045294
11 0.4967893010762386 0.20901575206872408 0.030800543837528237 0.07453692333704529
9 0.340487951200073 0.15795159671386147 0.029473484284234262 0.06280908267027252
3 0.4981912892894142 0.1621316614019514 0.027910984284234174 0.06279090133672711
4 0.5659438695208726 0.1339981180776328 0.04366657092583352 0.11607044267186337
9 0.6199036234498141 0.15025946475172336 0.029582646194893057 0.06515283267027257
9 0.6661065353604728 0.14845206409131398 0.030363896194893058 0.06516192333704529