8 0.240625 0.6765625 0.053125 0.05078125
5 0.309375 0.6640625 0.0421875 0.05859375
6 0.38203125 0.6625 0.03828125 0.06484375
9 0.64765625 0.671875 0.0359375 0.05078125
3 0.26171875 0.5828125 0.0375 0.05078125
7 0.30859375 0.58203125 0.05859375 0.0875
10 0.4515625 0.58046875 0.04296875 0.084375
1 0.58671875 0.56875 0.03828125 0.09375
2 0.7125 0.58359375 0.0359375 0.07109375
6 0.2671875 0.49140625 0.04296875 0.07421875
11 0.31875 0.50390625 0.040625 0.06484375
2 0.384375 0.50546875 0.0421875 0.05390625
0 0.70625 0.49765625 0.0421875 0.071875
9 0.26796875 0.41796875 0.0359375 0.053125
3 0.33984375 0.41875 0.03125 0.05390625
9 0.45859375 0.41796875 0.02734375 0.053125
3 0.50859375 0.415625 0.0265625 0.05625
3 0.7015625 0.41796875 0.0328125 0.05625
5 0.3359375 0.35 0.0375 0.07109375
8 0.4484375 0.33671875 0.03125 0.071875
0 0.56875 0.3375 0.03125 0.0796875
3 0.2796875 0.275 0.03125 0.06015625
9 0.396875 0.2796875 0.025 0.06015625
3 0.459375 0.28671875 0.025 0.05859375
3 0.2921875 0.20546875 0.03125 0.06015625
9 0.403125 0.2203125 0.02734375 0.06015625
11 0.50625 0.203125 0.02734375 0.07421875
9 0.34765625 0.15390625 0.0265625 0.0625
3 0.50546875 0.15625 0.025 0.0625
4 0.571875 0.12734375 0.03828125 0.115625
9 0.6265625 0.14296875 0.0265625 0.06484375
9 0.67265625 0.140625 0.02734375 0.06484375