9 0.6982336650813201 0.6939847003634283 0.033758057370694414 0.042344630257724704
9 0.6295018488769104 0.6983689851891374 0.03068760875746541 0.04452460594746519
3 0.49719784194305616 0.6935696997976013 0.03068760875746541 0.04452460594746519
5 0.36423987157833393 0.6942801079836303 0.04187968189572917 0.05603531603337366
2 0.6782283299752089 0.6074264026474203 0.03973595364722229 0.06450623530067894
9 0.6283010651575699 0.6131717916115724 0.03399444671336802 0.0525008802577247
2 0.563130006836945 0.6025076085494572 0.03432175503399311 0.06656338025772471
3 0.493598756836945 0.6061515869527311 0.02852569671336802 0.05221427521477064
11 0.42724705822371584 0.6119755410457455 0.03733765226045147 0.062039654567984215
0 0.5610752379352435 0.5142263585494572 0.034267203647222286 0.0642196302577247
4 0.4337314879352435 0.5209001616925318 0.04896613649288213 0.0923003646538925
0 0.3736843407087852 0.5287403171650273 0.03904562262517368 0.06837154172311415
6 0.30615134859256987 0.5174177148356067 0.043842225398715316 0.07330470318850324
1 0.7505358218070837 0.4206014320460625 0.06609908510611114 0.09085737336031982
8 0.6779886745806254 0.42909668475959595 0.04676720364722229 0.06487472749876275
9 0.5596569018792017 0.4532888585494571 0.02852569671336802 0.05221427521477064
3 0.37044893151447955 0.4569472043201571 0.03248649810013893 0.05476274310259512
3 0.3131994759673962 0.450561085482393 0.03639274810013893 0.05496746099041942
3 0.6692663315907295 0.35680892695767985 0.03255923328249999 0.057887743102595035
9 0.48650838297750026 0.36873347410786084 0.027871733282499988 0.057642081637205765
3 0.36692258159072944 0.37265409147528683 0.030996733282499987 0.057805855947465366
7 0.6721172682361114 0.2776570154922906 0.05336334897381949 0.11359883254171699
8 0.37854910619201415 0.3008643006566839 0.0391001740119445 0.07071529172311405
5 0.31032578305375025 0.29348889190482813 0.03915472539871532 0.07305904172311406
10 0.6116505872903126 0.2002590338096563 0.049275261017916704 0.10558161465389251
9 0.32436879283739606 0.22470127035353063 0.03108765226045147 0.061712105947465276
9 0.7115953826931599 0.15903981230378728 0.02874390226045147 0.061589275214770645
6 0.6588152215989933 0.14303303200063397 0.034903636492882126 0.09156338025772479
3 0.6042550081681252 0.15136783243017526 0.02645470364722229 0.063810194482076
3 0.5521112799196182 0.16270480212702196 0.026400152260451292 0.06146644448207601
9 0.4894294419637154 0.15816778833221204 0.026363784669270984 0.05990394448207601
11 0.3182811405769446 0.16479068181891984 0.03766496058107647 0.0761021545679843