9 0.3569913014455941 0.7352513019458693 0.034941566033373485 0.041197744317957155
9 0.425782245023159 0.7372325876596844 0.031939396766068204 0.043486947240056396
3 0.5571993413596859 0.727818451700988 0.03193939676606803 0.043486947240056396
5 0.6896842927391669 0.7238867025117669 0.0434501068519765 0.05461536201270896
2 0.370374370758328 0.6480649476437982 0.04155673620519007 0.06316820170428343
9 0.42053814506858755 0.6520627008902091 0.03547383254171699 0.051353994317957154
2 0.4846449106724197 0.6391320527566482 0.03621081693788462 0.06541649431795715
3 0.5541761606724197 0.6403457252399385 0.030005082541716986 0.05125853693163087
11 0.6207052414051144 0.6438486006453278 0.03909015547249552 0.06078354139585791
0 0.48001828640758876 0.5508508027566482 0.03608798620519007 0.06307274431795715
4 0.6073620364075888 0.553073596181101 0.05158351141996072 0.09066195616851011
0 0.667763947872978 0.5588111274306891 0.04098020409301455 0.0670608149348082
6 0.7341735198992454 0.5451401396055537 0.04591336555840364 0.07183013555165907
1 0.2842310736081471 0.4639160442352316 0.06864818068726616 0.08861821509696402
8 0.3571329850735363 0.46987176379642237 0.04858798620519007 0.06329093262955983
9 0.4768246873575285 0.48991330275664835 0.030005082541716986 0.05125853693163087
3 0.6655596387370094 0.4869634009696394 0.034034163274411534 0.053670470779006864
3 0.7220995658062309 0.47858388514132677 0.03794041327441171 0.05373865462638268
3 0.36035648236000284 0.39733824472169893 0.034197937584671045 0.056795470779006776
9 0.5432918130926975 0.4028729987788887 0.029510437584671045 0.056713650162155814
3 0.6627002323600029 0.4026156745085897 0.032635437584671044 0.0567681972400564
7 0.35153368102595034 0.3183501741048479 0.05659523801421233 0.11182389001588611
8 0.6456931168015991 0.3312900994275118 0.041103034825709095 0.0694045649348082
5 0.7130886567156909 0.3215389983718516 0.04122586555840364 0.0717483149348082
10 0.40591024253676816 0.23890418181548564 0.05227955223856355 0.1039432061685102
9 0.6939015654675467 0.2532975129823482 0.032840155472495525 0.0606744472400564
9 0.30324558796878387 0.20120753855318876 0.030496405472495436 0.06063353693163096
6 0.35460669210722684 0.1833712021080251 0.03752101141996071 0.09041649431795715
3 0.4095807971501809 0.18979452597128704 0.02827548620519007 0.06293637662320543
3 0.4623749265033946 0.19930193952612343 0.028152655472495524 0.060592626623205435
9 0.524465490727746 0.19258038108413703 0.02807076831736559 0.059030126623205434
11 0.6954364099950512 0.19322308359919926 0.03982713986866315 0.07484604139585782