9 0.74375 0.7311657858417618 0.040625 0.05056656603337366
3 0.41953125 0.7001117011523383 0.03125 0.044606493102595124
3 0.284375 0.684434712233615 0.0375 0.04727779172311415
3 0.74765625 0.6415267537295863 0.03828125 0.052787485300678935
9 0.68359375 0.6311381303692665 0.0375 0.052746541723114146
5 0.42734375 0.6122398869279871 0.03515625 0.060436210990419424
1 0.3515625 0.6059246099041942 0.0515625 0.07692102611928178
5 0.28125 0.5998959379233553 0.04296875 0.06240814676606821
6 0.73671875 0.547984793643678 0.0453125 0.06878097749876275
8 0.4828125 0.5307718809350933 0.03515625 0.07059246099041942
3 0.3640625 0.5307984571452321 0.03125 0.05476274310259512
11 0.60625 0.4528659661903438 0.0328125 0.07046963025772471
8 0.55625 0.4518080772261916 0.0375 0.07305904172311414
3 0.3671875 0.44033723145549164 0.0296875 0.05546210594746519
9 0.603125 0.3878584418800842 0.0296875 0.05546210594746537
9 0.55390625 0.38371649649349704 0.0265625 0.052173331637205764
9 0.48671875 0.3864453488229177 0.0265625 0.059985831637205764
9 0.42421875 0.3823886126177276 0.0265625 0.057642081637205765
7 0.36328125 0.3627887635676673 0.046875 0.1079253646538925
4 0.60546875 0.29970002261277884 0.04296875 0.1100643967660682
0 0.5453125 0.2918598671402834 0.0296875 0.08593085594746527
3 0.48984375 0.29754662313317726 0.025 0.0599039444820761
2 0.31875 0.2909237296464694 0.0359375 0.07844590456798431
9 0.7171875 0.2602424542045561 0.0328125 0.061875880257724794
3 0.60703125 0.2466569097679086 0.0265625 0.059985831637205764
11 0.540625 0.23614545567489414 0.0296875 0.07577460594746528
2 0.428125 0.223999580505552 0.02734375 0.08346427521477065
3 0.71015625 0.19190521200647223 0.03125 0.061793993102595035
6 0.6546875 0.17571696799936604 0.0375 0.09180904172311406
0 0.54140625 0.15806139925245902 0.02734375 0.09283927521477064
10 0.4859375 0.1489044052453528 0.0375 0.12462154172311402
9 0.43671875 0.16194995985876565 0.025 0.063810194482076