6 0.31875 0.7359375 0.0453125 0.053125
1 0.3765625 0.72734375 0.05546875 0.0796875
5 0.51484375 0.7265625 0.03515625 0.05390625
8 0.58046875 0.7140625 0.0359375 0.0625
3 0.64375 0.728125 0.0328125 0.04296875
9 0.25625 0.64921875 0.040625 0.0484375
2 0.31640625 0.65078125 0.046875 0.05625
3 0.37890625 0.63671875 0.03125 0.053125
2 0.44140625 0.6359375 0.0359375 0.06015625
0 0.50625 0.6421875 0.0328125 0.0625
9 0.51640625 0.55625 0.02734375 0.05390625
3 0.69609375 0.5515625 0.0359375 0.05078125
9 0.26640625 0.4765625 0.0328125 0.05390625
4 0.38125 0.4703125 0.0515625 0.09375
6 0.44375 0.46328125 0.0328125 0.07109375
7 0.62890625 0.4671875 0.046875 0.09765625
9 0.5015625 0.40625 0.0265625 0.053125
3 0.6328125 0.39140625 0.0296875 0.05625
3 0.27734375 0.340625 0.03515625 0.05625
9 0.3359375 0.328125 0.02734375 0.06015625
3 0.39140625 0.32890625 0.02734375 0.05625
3 0.45546875 0.325 0.0265625 0.05859375
8 0.68671875 0.31953125 0.0421875 0.071875
0 0.27890625 0.25625 0.03828125 0.08515625
5 0.38671875 0.2640625 0.0328125 0.071875
11 0.45234375 0.2546875 0.0296875 0.071875
3 0.56328125 0.26328125 0.025 0.06015625
10 0.6265625 0.2390625 0.040625 0.11328125
9 0.68125 0.26484375 0.03125 0.05390625
9 0.2828125 0.19453125 0.03125 0.0625
9 0.50546875 0.196875 0.025 0.0625
11 0.62109375 0.196875 0.03515625 0.07109375