2 0.2827485731976358 0.7002159866327288 0.05614514619489306 0.06546191534054521
3 0.4856381327509297 0.7095802539385938 0.032052674730940464 0.05112669533736351
10 0.5625452351082946 0.6993052779280943 0.05471107878371626 0.08496589334022708
6 0.7003363335367181 0.7039553205760951 0.04353598428423435 0.0629727146721816
3 0.7767168970189534 0.6991581852323683 0.04299017473094047 0.051253964672181594
6 0.27725624441391955 0.6158591679662744 0.05848889619489306 0.06548918734086336
9 0.49658844127076646 0.625813781269912 0.032052674730940464 0.05112669533736351
8 0.558215145985496 0.6063365279280942 0.03924874462331651 0.07151192067154533
3 0.6191355293601075 0.6220427965865947 0.033615174730940466 0.051144876670908876
9 0.6962245682352372 0.6156740705760951 0.038448223945152196 0.054324420671545325
9 0.7524381809316842 0.614238292568459 0.04053726282028158 0.04888294267186346
3 0.3551222251834972 0.5422574886219111 0.0376669739451521 0.05431533000477255
9 0.2912715868464869 0.446854629296638 0.038448223945152106 0.054324420671545325
11 0.42117741066780445 0.4500330786123662 0.039139582712657627 0.06916817067154532
3 0.6162180829175454 0.45870700258595826 0.03230738585581072 0.05659544533736351
4 0.28845049379474696 0.3695017886298653 0.06584978597964533 0.10617782200827239
8 0.3526221557054058 0.3711001039545021 0.048660131926869445 0.07240225867281787
9 0.6000793525622526 0.3807274532543218 0.03219822394515219 0.054251695337363515
0 0.3558691261359012 0.2897682879535476 0.040012877997927986 0.08791817067154524
3 0.42196716108208926 0.2991609219446389 0.030145572373575468 0.060474423337045294
7 0.4782706650110306 0.28287230327023016 0.04601032092583353 0.11609771467218159
0 0.5406978904039248 0.28058254992841236 0.03376287799792799 0.08784544533736342
2 0.6625557737785364 0.2955797465786404 0.04575345574818712 0.07705339600572705
5 0.7258734110820892 0.29562465257004994 0.04173804383752824 0.07466419267186346
9 0.3607342545481139 0.22639613128582034 0.029473484284234353 0.0628090826702726
5 0.535697867244561 0.22357857192873057 0.03470679383752824 0.07458237667090888
3 0.5996340887085138 0.23690472792014003 0.030145572373575645 0.060474423337045294
1 0.3043515138537389 0.14028645595959277 0.052878905086233274 0.12945169000636336
9 0.4200150552100677 0.1733342186107753 0.027910984284234174 0.06279090133672711
11 0.5248652210496679 0.15882572859645777 0.03339900496239867 0.08003294533736342
9 0.6522089710496679 0.15734394991250406 0.03270764619489306 0.06518919533736342
3 0.704280893299409 0.16768146590550434 0.034160984284234176 0.06286362667090888