6 0.30834352312861796 0.6691279792769343 0.046335257710637734 0.060440092889637496
3 0.4381810275928448 0.6830060899610689 0.032095479707460586 0.04971083992388792
9 0.503492381894916 0.6677113538012334 0.028230140015886106 0.05189542243340171
0 0.5682406745085897 0.6648847841433005 0.033903441558013545 0.06383700692008212
5 0.6379901128201924 0.680217965473951 0.03696025771063773 0.06005809091247087
3 0.3116809829505761 0.5919752302655176 0.03686480032431154 0.05458934091247105
9 0.3685758652558244 0.5864865756266129 0.03608355032431154 0.054557507414373776
9 0.4334877991032003 0.59303500596868 0.030573890015886108 0.05199092292769336
9 0.619947450483172 0.5857994620139099 0.028284687093786686 0.05502042243340188
2 0.7496894975610727 0.5942088226980443 0.043428446022240406 0.07281275889724856
11 0.31311502353565507 0.4952275642579063 0.04334662540538945 0.06812525889724856
9 0.7453371883083074 0.5237689887056556 0.03682389001588611 0.05224559091247105
0 0.31970021428288975 0.42523339923887826 0.03967220048646736 0.08124734140676253
8 0.38232294520816634 0.43481132908665393 0.03941310186643907 0.06640359140676252
3 0.6197956716692159 0.44292621250820147 0.02832559740221221 0.05736417243340188
3 0.740739417204989 0.4392666547132668 0.03609718709378669 0.055338757414373774
3 0.3769984711827486 0.353402161596168 0.03066934740221221 0.05745967292769336
3 0.43964847564697546 0.36454259144394363 0.027585257710637735 0.05967608893530461
4 0.49940925933219554 0.34433752079742774 0.03777846387914785 0.10693309091247105
11 0.6752723299490466 0.3561875578692968 0.03717844602224041 0.07255809091247105
8 0.7314814196406211 0.35613581973229486 0.03961765340856669 0.07812234140676262
2 0.31416150608578464 0.2868248152464895 0.043442082791715644 0.07359400889724857
9 0.3783603737805364 0.29724766209045955 0.030710257710637734 0.05980342292769345
5 0.438162067774182 0.27938634144394364 0.03249094602224041 0.07236708992388782
3 0.4954251428552598 0.2949914368050389 0.026022757710637733 0.059612421939110226
9 0.553251279624735 0.2981283656642314 0.02598184740221221 0.05726867193911023
7 0.6160552426931041 0.2733631290101043 0.04742619926865146 0.12294009288963732
9 0.3239126071414449 0.21930173421985028 0.03066934740221221 0.05745967292769345
1 0.6663767966708637 0.2043703898845192 0.04504153896022593 0.12050084239534575
3 0.38378643912238164 0.16084724707143153 0.027612531249588113 0.06123858893530465
10 0.6076097228076016 0.1473272110253267 0.048893241882325175 0.11753500988583174
6 0.7139279066549775 0.15556281676654532 0.039849478489644596 0.09140359140676262