9 0.2773655485757769 0.6678722594679698 0.038027258672817865 0.045530668617910844
11 0.5383757739099586 0.6601041695016736 0.03577441534054522 0.05332953307929138
9 0.5992769112428677 0.6628746454975685 0.03171362400540882 0.0400255571815924
6 0.27372347525463997 0.5780557805452087 0.04760225334181776 0.06277271077238851
9 0.468218362587549 0.5800490308397961 0.027934643340227085 0.050940331283893414
3 0.5408473405872309 0.5819700791425939 0.027871008672817867 0.04547158128389341
8 0.6696990465865946 0.5859076245185255 0.04137952534213589 0.06508009933607006
3 0.7204893872533673 0.584830937848438 0.03650112133990877 0.04864657825883114
11 0.349605269931594 0.501838193309387 0.038981231341499625 0.0603789637974506
3 0.6620507259309577 0.5047076214934634 0.033403393340226906 0.05097214754067192
2 0.7308552699315941 0.4996201456939602 0.04608520667568143 0.06666987041330899
5 0.2998785372772298 0.4115086299794745 0.042914753341817755 0.06274543969514976
9 0.4724529712762754 0.4175353953011768 0.027217028007635945 0.056404536104353475
9 0.7239791086091845 0.4191968474893583 0.03578350600731781 0.05411078307929138
9 0.36702113128582037 0.3478410397185908 0.027217028007635945 0.056404536104353475
1 0.4220086232893202 0.3217416271508042 0.04408690201304495 0.09634373487468953
3 0.5958910186187294 0.34963430211342683 0.027961915340545217 0.05328408128389324
8 0.6638961312858204 0.3461138714934634 0.03903577534213589 0.0650664637974506
10 0.7248972659532293 0.3402905974893583 0.06525337734722676 0.10271645472226432
9 0.30302281329568354 0.27556203962039494 0.03578350600731781 0.05411078307929138
3 0.3678302006285927 0.27830978971859077 0.030342028007635947 0.056422716822512695
0 0.4282591706317744 0.2545223108940255 0.030642020011135786 0.0822039668225127
3 0.653822244629229 0.2719587540070208 0.030342028007635947 0.056422716822512695
2 0.7178029286282744 0.27861729928475637 0.04366873134149962 0.060406234874689525
5 0.31402449530554677 0.2028467022863774 0.038336341343090476 0.07209316861791085
6 0.37899551464036485 0.19153195238457327 0.03224088267822669 0.0853380571815923
3 0.43351938263845585 0.20527628981678667 0.027262481341499622 0.060310786104353475
9 0.48109381663750134 0.2120302838648583 0.025699981341499624 0.060301695745273866
7 0.5986449433084102 0.180098506933887 0.04428689668204484 0.11353123487468948
3 0.6576290446371832 0.2133468232888615 0.02802555000795408 0.058752831283893324
4 0.48537333131763705 0.1127933531466991 0.03728291868236298 0.11583407825883123
0 0.6008710619828189 0.12305816657480736 0.032295426678863134 0.09002555718159236