4 0.26754605632385475 0.6823277102289953 0.07118597539871532 0.07230742248329011
5 0.34536193179882 0.6676827832814782 0.04420524810013893 0.0538750223211343
8 0.4171823804120492 0.6640844504897626 0.04422343189572917 0.054656272321134305
11 0.48338860866055616 0.6543315750843732 0.03412173328249999 0.056822744317957155
3 0.5482323586605562 0.6531997232179341 0.028398410144236053 0.04578978693163087
9 0.2818248022397921 0.5906350880700166 0.03711944671336802 0.05140854139585791
0 0.4057344277147574 0.5751855917234646 0.03661095364722229 0.06311365462638267
3 0.47695546428388946 0.5794133957012242 0.02852569671336802 0.05125853693163087
3 0.5972497804882991 0.576532083202048 0.028471145326597204 0.04891478693163087
3 0.6713776115103477 0.5713303401019069 0.03399444671336802 0.051353994317957154
3 0.29141604815572963 0.49902428652788905 0.03711944671336802 0.05140854139585791
6 0.4742285481557296 0.49583328247069935 0.03279562262517359 0.06695172077900687
6 0.529333622243924 0.4792400718379623 0.03285017401194459 0.06929547077900686
3 0.6544427250174657 0.481745688721935 0.03248649810013902 0.053670470779006864
3 0.27876927137024343 0.42577770130054154 0.038736498100138926 0.0537795649348082
0 0.4720464926848962 0.40208328247069935 0.03297746058107638 0.07476422077900687
1 0.5248623681598614 0.3878747321463878 0.03817410685760425 0.09672104139585783
2 0.6629260658231602 0.40969341071875787 0.04355128466927098 0.059330135551659245
9 0.35035202422003503 0.3448083449698755 0.03248649810013902 0.053670470779006864
9 0.4111258700597225 0.3367134269508123 0.028580248100139018 0.05360228693163096
10 0.5233531131258683 0.3230309821463878 0.0430798124046877 0.10617786201270878
9 0.5766781348773614 0.3306974318220762 0.02865298328249999 0.05672728693163096
9 0.34239274743454884 0.2714799391256769 0.028707534669270805 0.05907103693163096
9 0.46906435020809045 0.27395828247069937 0.027926284669270985 0.05905740016215581
7 0.5175375645888891 0.24106791599376365 0.04086334897381967 0.11160570170428334
9 0.5741876080918752 0.2572735685915514 0.026363784669270984 0.059030126623205434
3 0.6953722770698266 0.2590661193229001 0.03255923328249999 0.056795470779006776
5 0.40458231648875015 0.18989297402871297 0.03292290919430556 0.07242047077900678
11 0.4547823382402433 0.19761397078230208 0.031414960581076554 0.07473694724005649
2 0.6278561623284377 0.17896160795881433 0.03761040919430556 0.07250229139585782
8 0.6879214933504862 0.17400532670922625 0.042479747150208524 0.08039661201270887
9 0.513156576272396 0.120001439532714 0.026509255033993106 0.06528012662320544