0 0.326437839377121 0.6387325954686782 0.042537478824565336 0.06162946996293304
11 0.6969861678323439 0.5320237161651 0.040965888465485635 0.060012406260602266
9 0.6446696889095828 0.5385391001931836 0.030001117388246713 0.05494296034428636
9 0.39401115875715764 0.5683903244172861 0.03155907220870695 0.05421627404661713
0 0.7597629029034252 0.4430951362207004 0.04883747579950324 0.07044147477225664
3 0.5660492643397437 0.45611103530972646 0.02765282220870695 0.054079864790789856
9 0.5114344872123805 0.47052076489130645 0.02687157220870695 0.05405258293962447
3 0.6836316740788598 0.3855852257837468 0.031563617388246715 0.05499752404661713
3 0.6211089481811609 0.3838615238769811 0.02767100292686635 0.05720486479079003
2 0.39065383371978024 0.3942534199707823 0.03168179205628174 0.07531002404661713
6 0.33051121925839966 0.39869787251052025 0.03636929205628183 0.0754737151536097
8 0.6136049995090207 0.30285706053746997 0.0316954275949012 0.07765377404661714
2 0.5683743127407372 0.3185019079050647 0.03554259026088378 0.06763393330244423
10 0.5018453428931624 0.2997271152541261 0.03889484923787414 0.10680556070710594
3 0.4410032916634984 0.3182613496450295 0.02688975292686635 0.05717758293962456
7 0.3916618218159235 0.2988863562684515 0.04754768657189175 0.1172619110699257
9 0.7311510478118185 0.22608125101149032 0.03159997882456515 0.06124752404661713
8 0.6819459333504378 0.2301437576349123 0.038667590260883775 0.06774306070710594
3 0.6147902496072165 0.2379587468351391 0.02767100292686635 0.05720486479078994
5 0.5031124062230748 0.24889130155179529 0.030101111338122523 0.07213046034428627
5 0.4491788851458359 0.24608624928220985 0.02776190651766246 0.07282986479079004
4 0.3913345688890574 0.24263635626845148 0.0475022347764936 0.1094494110699257
6 0.5581584545258726 0.17429804011904987 0.030182924569839287 0.08619296034428628
3 0.5003732256031114 0.18100439710529156 0.025349978824565154 0.0610292692372937
9 0.38240902078265127 0.1859052066312712 0.030014752926866173 0.05728671034428627
3 0.32699026775758916 0.19643596806401656 0.03159997882456533 0.06124752404661713
9 0.721098816060387 0.11000238322547547 0.031590888465485634 0.05968502404661713
3 0.6562459757013073 0.11070427687220596 0.030037478824565332 0.06119296034428627
11 0.6124687046240684 0.10754456053746994 0.031681792056281924 0.07531002404661713
9 0.5578084757013073 0.11414179011904987 0.025349978824565335 0.0610292692372937
9 0.4960806353422276 0.1147345563611187 0.024582364363184794 0.06334573738612823
1 0.4389584817514315 0.10110113149619493 0.03352609318774995 0.12380208774894799