2 0.5758588201057033 0.6890732039937013 0.045752913274411534 0.05487584239534584
8 0.4323987471749248 0.7042737341454881 0.03872166327441171 0.05458934091247088
3 0.37462719075248974 0.7058481630046807 0.03206222749876284 0.04652217292769336
9 0.2969149485544059 0.716030929316303 0.03806656603337348 0.04208934091247087
3 0.2449363687262224 0.6963206071869124 0.040161332541716985 0.05230925790866543
9 0.7122300893275803 0.6008808428152752 0.04094258254171699 0.05234109140676253
9 0.6357494764827101 0.6024380256288004 0.03559666327441171 0.054462006920082115
1 0.4357904200602748 0.6098061511416825 0.04739065637700648 0.08612584239534585
9 0.2521966700602749 0.6172870231945236 0.037817582541716986 0.05221375741437377
9 0.5810420443251059 0.5157948714841873 0.034034163274411534 0.054398339923887915
3 0.4483523750578005 0.5188628161607106 0.030127913274411534 0.054239172433401886
11 0.39156678652318977 0.5164991615218059 0.03921298620519007 0.06396434091247087
7 0.2437058186353654 0.5264219426621759 0.07164702792830405 0.10270584733826169
9 0.6980867814348071 0.4244920977581911 0.040447937584671044 0.05777800790866543
9 0.5754338534610743 0.44430187346135364 0.03247166327441171 0.05433467292769336
0 0.515642773632891 0.4249098863129349 0.03682497060135788 0.0778995069200823
8 0.39989494290019634 0.4319649940313199 0.03653836555840364 0.0724307569200823
3 0.3324241598835096 0.4549833413695815 0.0340751068519765 0.05517958992388792
11 0.26704482134889884 0.452969855209746 0.04579053482570909 0.07046900889724857
9 0.32944632406243224 0.37792609285245626 0.03432076831736577 0.059867089923887916
5 0.6359663189740496 0.28591902908884154 0.039704309135968605 0.07333934091247105
3 0.5161484639310954 0.29625830429771255 0.02963326831736559 0.05967608893530461
5 0.4632281818189199 0.2945167321683218 0.03497586555840364 0.07236708992388782
3 0.2893812460432711 0.30939626874589926 0.03576043758467105 0.05758700692008221
3 0.6357859345324532 0.21498444657932753 0.032840155472495525 0.06136592292769345
2 0.5818387409548885 0.21796220794803403 0.04098020409301455 0.06793425790866543
3 0.46535060379975873 0.22426789916451623 0.028152655472495524 0.06117492193911023
4 0.7057918973318951 0.1287166827391631 0.05906181874690706 0.1154459278706093
6 0.5322348886254679 0.15293938581864336 0.03205226141996072 0.09095792243340184
10 0.4691959780645897 0.1360184826626134 0.04216092378986112 0.120214340912471
6 0.41184050147033807 0.15940424452561147 0.03225697930778502 0.09486417243340184
0 0.30653552578059756 0.16057676676873292 0.04208568068726608 0.08902800790866543