9 0.2695639954248594 0.6681271784772568 0.038027258672817865 0.04618532218833345
3 0.34313785542645026 0.6781366516917705 0.03652839334022691 0.05161770459715278
3 0.4672747894254957 0.6682141781929163 0.030278393340227083 0.05147223423243066
3 0.5377054680935411 0.6767338865897912 0.031840893340226904 0.051508601823611146
8 0.601840693427723 0.6814928153513884 0.04359600600731781 0.05490635875746541
0 0.40913447807922365 0.5742290952710066 0.035983500676317705 0.07191202080156245
11 0.5968617447485417 0.5893962343293397 0.03671020667568144 0.06724270459715279
9 0.7297378794159507 0.5917737390789924 0.03656475600731781 0.05474270459715278
3 0.3457072300684059 0.4959962989182289 0.03190452800763595 0.05697735182361115
9 0.3604686167249973 0.4214138730064233 0.027998278007635945 0.05688643284565966
3 0.41752713872531544 0.422430205928333 0.027998278007635945 0.05688643284565966
9 0.4731686113939972 0.4359829064414232 0.027961915340545217 0.05376143284565984
5 0.6659828200588609 0.4182102589306244 0.03908122867599957 0.0696410059839236
0 0.4712328467138615 0.3367823402370135 0.030678382678226868 0.08584723423243057
10 0.5423175060470887 0.33434636483829816 0.039472127347226584 0.10323475598392359
8 0.6003663633831795 0.35331326396461754 0.039053956675681435 0.0672972559839236
4 0.6712873907144978 0.3368147885659022 0.05672326201463562 0.10910354948690974
9 0.3095226400381801 0.27412195212861085 0.03197725334181776 0.06322735182361114
9 0.36975161537236184 0.2789717998681594 0.027262481341499622 0.06077449905006951
2 0.5448425220400891 0.28271112965593703 0.03599259134309048 0.07269327080156254
9 0.6035089973742709 0.28759734498666617 0.028043731341499623 0.06079268284565975
9 0.7183527473742709 0.28492432703489523 0.03585623134149962 0.060974520801562446
11 0.4259283426957259 0.2042068827900691 0.03057838534372692 0.07725348423243057
2 0.4790351613621805 0.20140788468993015 0.03066929201145392 0.08506598423243066
1 0.6030539166931806 0.1813291611910759 0.03969030334977184 0.1219847559839236
5 0.7191334500318167 0.2177004594437147 0.03914486334340879 0.0751097559839236
3 0.31749767735518086 0.1535912465815275 0.030414753341817757 0.06319098423243057
7 0.3733385973504083 0.11712576329902746 0.04371473201781732 0.13223192496187502
3 0.4306971113542263 0.14392334622093714 0.027289753341817758 0.06311824905006946
6 0.5321232513526354 0.12984070279420096 0.028461902013044948 0.09673018284565975
6 0.5969942733529536 0.13067519776020783 0.0323136080124085 0.09213360182361115
3 0.6457681280235443 0.15845405243361058 0.02807100334181776 0.06313643284565976