9 0.45740864332982695 0.74418592774659 0.028343858757465413 0.04440177521477064
9 0.3097160257386464 0.7348850915868285 0.03920862357510417 0.04184998530067894
9 0.7029373892457643 0.6657587918346557 0.03862739532659738 0.05040279172311415
6 0.6530101244281254 0.6662634028705037 0.04187968189572935 0.056035316033373486
9 0.45762488924576433 0.6529025084792847 0.02847114532659738 0.049870525214770645
3 0.3183987350854519 0.6385833016727368 0.0370648953265972 0.050320904567984215
9 0.6438331865484728 0.5737074106724197 0.03237739532659738 0.050075243102595125
2 0.5782081865484727 0.5702681501569702 0.03435812262517359 0.0681258802577247
3 0.5179792013661115 0.5639904946844747 0.02852569671336802 0.05221427521477064
5 0.4445962527528824 0.5624855483933764 0.03655640226045147 0.061998710990419426
11 0.37886214997934076 0.5543587878779268 0.03733765226045147 0.062039654567984215
1 0.3130371282278476 0.5423257773624772 0.06462750408406262 0.09468173620519008
3 0.25340820829996574 0.5618293718899817 0.03868194671336811 0.052746541723114146
11 0.6419784393982642 0.49401991067241974 0.037483122625173594 0.06828965456798422
8 0.5768619324644101 0.478902843734535 0.03661095364722229 0.06434246099041943
9 0.258366505602674 0.47313536408806567 0.03946319671336811 0.052787485300678935
0 0.6876890232701045 0.4129237189038772 0.04229790919430556 0.07400406603337348
3 0.6305850380877434 0.4068098377416412 0.030996733282499987 0.05780585594746519
2 0.3822020894745142 0.3961335300760107 0.042279725398715315 0.07322281603337358
7 0.26069011217593785 0.3718185255534549 0.06956957722232655 0.10586489767057934
4 0.6296024599154864 0.33106953131920613 0.05089231240468752 0.10800725180902226
3 0.565576327506667 0.3292746579588863 0.027871733282499988 0.057642081637205765
0 0.5052564233463543 0.31909075248639085 0.0330320119678472 0.07820024310259503
9 0.45244054787138915 0.32958783921197926 0.028598431895729172 0.055339275214770646
3 0.3853803344405211 0.3315354415413999 0.02865298328249999 0.057683025214770645
9 0.6123409183123613 0.25993815976790857 0.028017203647222287 0.06389208163720576
6 0.5663017196991321 0.25986623869158093 0.033159298536979166 0.08366899310259504
3 0.27409603590354187 0.2437720906823173 0.03655640226045147 0.061998710990419426
10 0.49958503875333343 0.17599917175369623 0.04013665036059031 0.11524654172311406
8 0.4523833836430905 0.19303286352223878 0.032977460581076555 0.07585649310259504
5 0.33884756050482656 0.17615854477533177 0.037719511967847286 0.07844590456798431
3 0.27040668502986126 0.18583675994962268 0.03655640226045147 0.061998710990419426