1 0.2296875 0.6515625 0.07421875 0.09140625
3 0.30703125 0.67890625 0.0375 0.05078125
3 0.45546875 0.671875 0.03125 0.05078125
5 0.6453125 0.66484375 0.040625 0.06015625
11 0.25390625 0.5765625 0.0453125 0.06640625
9 0.3875 0.5859375 0.0296875 0.05625
3 0.446875 0.59453125 0.02734375 0.05390625
0 0.51328125 0.5765625 0.03125 0.071875
9 0.5828125 0.59609375 0.03125 0.0484375
3 0.64140625 0.59609375 0.0328125 0.053125
11 0.38984375 0.4984375 0.03515625 0.06875
9 0.45 0.503125 0.0296875 0.05390625
2 0.6390625 0.50546875 0.03828125 0.06875
10 0.7140625 0.4921875 0.0625 0.08984375
9 0.5109375 0.41796875 0.0265625 0.05625
8 0.40234375 0.34609375 0.03515625 0.071875
7 0.52421875 0.325 0.03828125 0.12109375
6 0.58125 0.3390625 0.0328125 0.08203125
9 0.3421875 0.28515625 0.0296875 0.06015625
9 0.39609375 0.2734375 0.02734375 0.05625
2 0.453125 0.27265625 0.03125 0.07421875
0 0.578125 0.2640625 0.03125 0.08515625
5 0.63125 0.27890625 0.0328125 0.0765625
9 0.6890625 0.28984375 0.0328125 0.06015625
9 0.29140625 0.2046875 0.03515625 0.0625
3 0.346875 0.21015625 0.0296875 0.06015625
3 0.4078125 0.2078125 0.0265625 0.06015625
6 0.46484375 0.20703125 0.0296875 0.09140625
8 0.5734375 0.2078125 0.03125 0.0796875
4 0.634375 0.2015625 0.046875 0.115625
3 0.4125 0.1515625 0.0265625 0.0625
3 0.46953125 0.15 0.025 0.06015625