11 0.7154713319281342 0.7602588483541114 0.04727679328391084 0.056513620413308985
7 0.6415973223094873 0.7473316014773694 0.05590774881887377 0.07999657220870696
5 0.5748909719466677 0.7383515112164856 0.037901793283910835 0.05645907825883114
4 0.5042337315653145 0.750437899878363 0.045833344372369925 0.08228123487468952
3 0.3007813493513294 0.7398811531980127 0.039191474772256554 0.04865566861791084
3 0.7642684412766286 0.6590008753832787 0.04239832032575279 0.051017599336070064
3 0.6301662597882829 0.6660316045024315 0.033023320325752795 0.0509630571815924
3 0.5707912597882829 0.665686170857406 0.03146082032575279 0.0509539668225127
9 0.5061831227649743 0.6496884661351416 0.02919891587924912 0.05328408128389324
9 0.6873487880112512 0.5812253333269968 0.0331324477304145 0.05408805718159222
9 0.4314435283926044 0.5672390596174793 0.02919891587924912 0.05328408128389341
1 0.3629837050716267 0.552781128997516 0.061004476586355064 0.09174259328594588
6 0.29609630543444637 0.5609839935570923 0.04545139845605402 0.07134373487468934
9 0.6844569117877158 0.4984128333269968 0.03321429328391083 0.05643180718159222
8 0.5632813162342195 0.4953645804983264 0.039982648456053836 0.07131191861791084
10 0.36615085588993335 0.46453624043383446 0.054382454353836526 0.10342043667008767
9 0.30818458846673813 0.48216410196834864 0.03477679328391083 0.056440897540672094
0 0.6173934081595188 0.4121026286047324 0.03782987141421188 0.07676703307929138
9 0.5585814033501955 0.4055117401392468 0.028608638837406986 0.058748286104353474
2 0.3778398348385411 0.39664930366555096 0.03861112141421188 0.07677157825883114
9 0.3086905307548571 0.40718228268650797 0.03321429328391083 0.056431807181592394
9 0.4912550048941414 0.3340407402374426 0.028526793283910834 0.056404536104353475
11 0.6140178930985764 0.27070546896381203 0.03392362141421188 0.07674430718159239
3 0.5565600571637269 0.2805253756778662 0.02866320253973793 0.060310786104353475
3 0.4913070793962455 0.2684293757760621 0.02866320253973793 0.060310786104353475
2 0.4310689838427493 0.26573564695149676 0.03852927586071573 0.07442782825883124
3 0.31574408420556893 0.2736567103796051 0.03329613883740716 0.0587755571815924
0 0.6593006220471842 0.20301397491574039 0.03912947658635506 0.09161532825883123
3 0.5549950679635002 0.213342420857406 0.02710070253973811 0.060301695745273866
8 0.43575399464252235 0.19858905356735507 0.03403274881887377 0.07986930718159235
5 0.38489089908902613 0.19594986689726748 0.03540427586071573 0.07440964754067196
6 0.31538693094019155 0.1963265959182245 0.04381697658635506 0.09164259933607007