9 0.27109375 0.6625 0.0375 0.05078125
0 0.33984375 0.66875 0.040625 0.05859375
3 0.471875 0.66484375 0.0296875 0.0453125
3 0.5296875 0.68046875 0.0296875 0.0484375
1 0.5953125 0.665625 0.0421875 0.08515625
9 0.66796875 0.68125 0.0328125 0.05078125
5 0.74140625 0.68125 0.0453125 0.05859375
3 0.33828125 0.58046875 0.0328125 0.05078125
3 0.41640625 0.58984375 0.0296875 0.05078125
6 0.478125 0.5796875 0.0328125 0.0625
2 0.5421875 0.58203125 0.03125 0.06875
9 0.596875 0.5890625 0.0296875 0.053125
3 0.409375 0.4984375 0.0296875 0.05390625
8 0.4671875 0.49375 0.0359375 0.06015625
3 0.2953125 0.41640625 0.0328125 0.05390625
9 0.35234375 0.4171875 0.03125 0.05078125
11 0.53984375 0.42109375 0.03125 0.06875
0 0.58828125 0.4265625 0.0328125 0.07421875
4 0.296875 0.3296875 0.05546875 0.10234375
3 0.53984375 0.35546875 0.0265625 0.05625
6 0.72109375 0.35078125 0.04296875 0.0765625
9 0.48359375 0.284375 0.025 0.05859375
9 0.53515625 0.290625 0.0265625 0.053125
9 0.64765625 0.29296875 0.0265625 0.05625
3 0.70390625 0.28515625 0.0328125 0.05625
9 0.3140625 0.2203125 0.03125 0.06015625
5 0.42578125 0.2046875 0.0296875 0.071875
11 0.4859375 0.2078125 0.0296875 0.07421875
2 0.5375 0.2203125 0.03125 0.06640625
8 0.4234375 0.1421875 0.0296875 0.0765625
10 0.64453125 0.1453125 0.04296875 0.11328125
7 0.71015625 0.12734375 0.05546875 0.125