9 0.7813267387707846 0.7175807096207831 0.041238921004335086 0.05189512061225567
3 0.7161189677240972 0.7132174700456244 0.0403211631118273 0.049528638558944314
9 0.440026904584035 0.7024691528112162 0.03765889469597585 0.04399169239901042
3 0.37164863090651173 0.697415591449303 0.038758663111827296 0.0494831744523216
2 0.30243589932236314 0.7049074941940122 0.05897245257436623 0.0617702257851052
6 0.5798335862528882 0.6037097408953069 0.03668022362105354 0.06736099623907635
7 0.7720218152767879 0.5175125134608491 0.06818782885449046 0.09947481426490726
9 0.6315333231692957 0.5239480330568904 0.03438968152767874 0.054815532132453625
6 0.5607202942301005 0.517400167854911 0.036953239406069115 0.07204849623907635
1 0.3047965179217413 0.5170210492877194 0.07264781570031094 0.0957049565847754
3 0.7542813074548673 0.4413364583671419 0.03907718152767892 0.054951924452321596
9 0.7001398390248984 0.45230270209893586 0.038568947312694314 0.05961669239901042
9 0.6267100443006877 0.4411355330568904 0.03452618942018652 0.05715928213245362
8 0.5725762811465082 0.4387977947353729 0.041686242036904984 0.07296613855894449
3 0.5013460232540004 0.43852266158670494 0.03282718152767892 0.05477006802583091
3 0.3813975443006877 0.4482733977966514 0.03452618942018652 0.05715928213245362
8 0.7474782996329468 0.364842154527076 0.049635249929412775 0.07553720909205772
10 0.6294262496470642 0.3534082125237771 0.04924811305535748 0.10906276293212373
11 0.5648478101562905 0.3732864550019296 0.03539073940606911 0.07200303213245363
9 0.5085978101562905 0.37492316284034616 0.030619939420186527 0.05704562186589701
3 0.4387935443712749 0.37225881558505547 0.030619939420186527 0.05704562186589701
3 0.3748752575395719 0.3631626119032741 0.03310019731269431 0.05945756802583091
9 0.6748682812876824 0.28713234316516256 0.03631620257436623 0.06111099623907634
2 0.6179735391801902 0.29113553305689044 0.03557274992941277 0.07512803213245363
5 0.4978507549793232 0.2844572872135256 0.03414675782192056 0.07742631802583091
0 0.4461062444559795 0.28283260273207406 0.03620978676111584 0.08606553213245363
4 0.5540104787415511 0.20065293705524095 0.04423438936371689 0.11671613855894432
3 0.4429665629283007 0.22892635273207404 0.03006620257436623 0.06092913981258556
0 0.6696207972138722 0.14329141495191722 0.040616565700310935 0.09477294239901032
9 0.6166701024614267 0.16126617663039972 0.031120468359381804 0.06563937186589693
5 0.5549135551063801 0.1489767767886843 0.034328768345264396 0.08055131802583096
11 0.324490307737216 0.15646398251552976 0.042740507821920556 0.07767637061225567