11 0.6419806866934958 0.7187203282999372 0.04535626235728962 0.060094251814098595
4 0.5107134406478285 0.6953596954529798 0.04640676779449713 0.0858755018140986
9 0.7025772884803818 0.6332119034350134 0.037911176882026255 0.04969246515360961
3 0.6370796224727705 0.6277952279371174 0.034881677376317734 0.0519270877489479
9 0.31780304045754804 0.6103869508104574 0.03341467787060939 0.05421627404661713
6 0.7030494737653648 0.5448215260303517 0.0498036818249421 0.07351191106992569
0 0.5228035582520452 0.5330506684111379 0.035741181824942105 0.0730208377489479
0 0.460893807263462 0.535582902169069 0.03414684832684482 0.07218502404661713
9 0.39563622178819846 0.5434747585223385 0.03341467787060939 0.05421627404661713
2 0.32495630726346203 0.5308358600662846 0.04586559832684482 0.07259425181409859
8 0.2662352232710733 0.5319147212288774 0.05316876235728962 0.060367070325752795
5 0.7007640735750844 0.46650555307219366 0.045674597338261694 0.0679067518140986
10 0.5785534925484452 0.4512848024392214 0.05273502224312132 0.10716022477225665
3 0.5159434046017236 0.47100453619715277 0.029540261368706487 0.05486111479078985
9 0.45441565559030683 0.46416176995508385 0.02875901136870649 0.054833832939624474
6 0.33257248908840403 0.45912455117327716 0.041209931824942016 0.07321181070710595
9 0.575663255894318 0.3878125794810635 0.03197951186299797 0.05728671034428636
7 0.5245145913695816 0.37585572730414524 0.04211585722409339 0.11459077885594056
3 0.46029292387909565 0.37752486550858017 0.028950012357289622 0.05952133293962456
3 0.28650525540002636 0.38006204454985515 0.03354201186299814 0.05734127404661713
5 0.5234096892021348 0.3069693180483181 0.0326161818249421 0.07291171034428627
3 0.4695206852478021 0.323864152169069 0.028854511862997968 0.05717758293962456
9 0.41371635422116276 0.3109623588851582 0.026606262357289624 0.05943948738612823
11 0.28305660323257964 0.31109378974053176 0.041209931824942016 0.07321181070710595
2 0.7059303705327851 0.24371289381636654 0.045116181824942106 0.07334821996293313
8 0.6450565375289796 0.24002240942546318 0.041528266805913996 0.08102431070710595
3 0.588042533574647 0.25680811614155236 0.028950012357289622 0.05952133293962456
9 0.5305483685556188 0.2469767591553107 0.029109179847775658 0.06342758293962455
1 0.40943737250995155 0.22397079037350393 0.04299260771838505 0.11696181070710594
3 0.29229895205371603 0.23787454454985518 0.03370117935348409 0.06124752404661713
9 0.5831905488976861 0.1838790476298981 0.02989042984777566 0.06345486479078999
3 0.3620967988976861 0.17615828375008197 0.02989042984777566 0.06345486479078999