9 0.7718180464487717 0.6390347588228865 0.03927332032575279 0.05230925790866543
9 0.7019966197697494 0.6559622736516341 0.03458582032575279 0.052118256920082116
10 0.6506697327464408 0.6424064510279518 0.056262412884024116 0.09200842787060921
3 0.5693750927279074 0.6668427183281574 0.03126984736759475 0.04652217292769336
8 0.44682797013256914 0.6749655775294171 0.03733879809323426 0.06393250741437377
9 0.37929572975121595 0.6902350918638731 0.03743800181409851 0.04443309091247087
9 0.3202481119652011 0.7020294377192601 0.03665675181409851 0.04440125741437377
3 0.7021478979927178 0.5706786896592453 0.03466766587924912 0.054462006920082115
1 0.6371950205880561 0.5701958700013126 0.04825893992586625 0.0862213428896375
5 0.4494594076113646 0.5934927430427367 0.03499504809323426 0.06383700692008212
6 0.3149479983555375 0.5950618547154545 0.0491393936467305 0.0667537598858317
8 0.696503044001701 0.47624294015353696 0.04763145734906136 0.0682525928896375
4 0.3726935217691824 0.5011725918638732 0.05405507213985139 0.09581917737631773
11 0.737824959247978 0.4049290142600939 0.042943957349061354 0.06806159190105418
9 0.6767783318433163 0.4042870271116752 0.034694947730414503 0.05524325692008229
3 0.6171950007177902 0.4231444564651593 0.029226197730414506 0.05502042243340188
3 0.5578745644201211 0.42712630232054616 0.028526793283910834 0.05733233893530461
3 0.5038864688666248 0.42697906368925265 0.02919891587924912 0.054239172433401886
9 0.3819569051642939 0.43038258939241525 0.0331324477304145 0.05517958992388792
9 0.7350149285779388 0.3244602642600939 0.0370386977304145 0.055338757414373774
0 0.6119048107919239 0.33886495695945085 0.03548612141421188 0.0778995069200823
7 0.5006126467267734 0.33322906368925265 0.0413740228654909 0.11246550790866543
0 0.31131453375008195 0.3565896037268712 0.04106399881887359 0.08124734140676253
3 0.7235119441870355 0.2639047662372603 0.03712054328391083 0.05768250741437377
3 0.48781998084752426 0.2805497326626134 0.028526793283910834 0.05733233893530461
3 0.4372842675080132 0.2896501600389311 0.028526793283910834 0.05733233893530461
6 0.31195688529402804 0.28536851973448246 0.043598721777031633 0.08681159190105418
11 0.43124010943331237 0.2061837440313199 0.0298536803072194 0.07298917243340189
9 0.7081275024470707 0.137006685210621 0.03499504809323426 0.0638370069200822
2 0.5408581568935744 0.14147530380342094 0.034114594372369925 0.08330458992388783
5 0.48700647059590524 0.14523431517212743 0.02993552586071573 0.07533292243340188
2 0.37240825725639415 0.1569450893924152 0.03852927586071564 0.07568309091247101