9 0.5944275453937818 0.7012128900779511 0.028594012932123648 0.04328692333704538
3 0.7275355620868291 0.7129145534293138 0.03953151293212365 0.04341419267186346
9 0.3235263605166188 0.5973135413749071 0.03670202962517113 0.053534080004772375
3 0.46681335926297757 0.6099146333943153 0.028821333465237232 0.05109942333704538
9 0.5169952156894683 0.6167464360677697 0.028594012932123648 0.04328692333704538
9 0.5913048939027137 0.6207350494111783 0.032727583465237055 0.051144876670908876
3 0.7137565554229116 0.6151310340944957 0.03741508346523723 0.05119942067154533
0 0.7983816080093364 0.6247065761059496 0.053381064264907255 0.06309998400699968
9 0.32594065518548476 0.5192430853755435 0.03741508346523714 0.05119942067154515
3 0.3914065308123054 0.5145379513844521 0.03281851167848249 0.05426987667090888
2 0.5284662616119755 0.5278475680696786 0.03764240399835046 0.05901192067154533
5 0.7917475116119755 0.5309111227720861 0.05025606426490725 0.06306362133990877
9 0.3936844331613033 0.43177999538508854 0.03288670783841656 0.05661362667090888
5 0.46587768190766204 0.443553836728179 0.03325042069139794 0.06911362667090888
8 0.5912952190546805 0.4325174340785873 0.034903848904643195 0.07225680800445441
8 0.7065481460142847 0.4479162620941775 0.04427884890464338 0.07236589600572696
1 0.46142821113712185 0.34431690539463355 0.046196701570210406 0.11143748667249972
11 0.5861243342566599 0.3621685714114964 0.03331861685133184 0.07145737667090887
3 0.6443914753228868 0.37846628075267785 0.03295490399835046 0.058957376670908876
3 0.7073544765765281 0.3682651247612684 0.03444920783841639 0.05663180800445433
10 0.7832266547897733 0.37227191943822247 0.0726000771970309 0.10627781934277233
6 0.4045584340192331 0.268680558720543 0.037634043810936116 0.08556533000477255
9 0.46831705713877125 0.2858231527291335 0.028199207838416562 0.05655908267027261
9 0.5191665032987054 0.2887577960693604 0.028312868104973177 0.06046533267027261
4 0.5822886289255259 0.2840253900779509 0.04532452335696498 0.10830339600572696
7 0.5165068530612784 0.19735154606936045 0.04408027210332364 0.1192227146721816
2 0.6412711723407506 0.21754696208622332 0.037474919437756785 0.08009658000477256
3 0.7034445634069775 0.23389012476126836 0.03463106426490725 0.06288180800445434
11 0.3415917695960413 0.14455216804581608 0.03825616943775678 0.08010567067154524
0 0.4712338054894186 0.144498718730088 0.032347150237426806 0.09175169533736342
6 0.6930178772761733 0.14395546809354115 0.04335284639736088 0.0942227146721816
3 0.7506856247688909 0.16649408676794988 0.03704301042484133 0.06525283000477251