9 0.5378199095448253 0.7112393091838353 0.029595646766068028 0.04376437186589684
3 0.6701001430364819 0.7252600082467632 0.04053314676606821 0.04408262061225567
9 0.2751328810506943 0.6026609648980455 0.037940413274411534 0.05414794239901042
3 0.41752842096478604 0.6177584306540208 0.030005082541716986 0.05157687186589684
9 0.467200872344267 0.6254632820659467 0.029595646766068205 0.04376437186589684
9 0.5412558480340075 0.6307478271305239 0.033911332541716986 0.05169053213245363
3 0.6642805902320914 0.6272855095004044 0.03859883254171699 0.0518269244523216
0 0.7482052108788777 0.6383343212580292 0.05483798620519007 0.0640003155185486
9 0.2839147388071819 0.5246723572179135 0.03859883254171699 0.0518269244523216
3 0.349826343850136 0.5211130996960661 0.0340751068519765 0.054815532132453625
2 0.48593094018666283 0.5368099590255507 0.03900826831736559 0.0596394244523216
5 0.7492121901866629 0.5444706609914725 0.05171298620519007 0.06390938730530316
9 0.35885386307201284 0.4384369920159342 0.034197937584671045 0.05715928213245362
5 0.43015565298610464 0.4514658409205775 0.034853034825709096 0.06965928213245362
8 0.5565920002271426 0.44262570150370334 0.03657930913596861 0.07282974623907634
8 0.6706987658309749 0.46002981334047044 0.04595430913596861 0.07310253087881229
1 0.4337929873368438 0.35220162681395484 0.04878273801421251 0.11218776293212365
11 0.5571519222079815 0.372222273290458 0.03497586555840364 0.07200303213245363
3 0.6141455506566839 0.3895294452354972 0.034320768317365594 0.05950303213245363
3 0.6780000107425922 0.3804332415537158 0.03576043758467105 0.05720474623907625
10 0.7536174864323326 0.3857632507249158 0.07505863297125828 0.1074919027447093
6 0.3830360707830719 0.275610383082161 0.03961909995457145 0.08617919239901033
9 0.44545750565420955 0.2938579294003796 0.029510437584671045 0.05702288981258556
9 0.49611592492151485 0.29767926286561674 0.029715155472495525 0.06092913981258556
4 0.559683779964469 0.2940518091838353 0.047837713703953 0.10904003087881246
7 0.5009063234966054 0.20627301286561672 0.046848423789861114 0.11993206677218975
2 0.6241424276350485 0.22863740934211987 0.03933249491161739 0.08071044239901033
3 0.6850423060837508 0.2460582415537158 0.03608798620519007 0.06345474623907635
11 0.3301301560383223 0.1504452470304991 0.040113744911617386 0.08073317445232168
0 0.45989954319345205 0.15265626788018166 0.03447789857509047 0.09227006802583096
6 0.6819383175037116 0.1559871710206024 0.04553822930778502 0.09493206677218971
3 0.737823147331895 0.17952161091233024 0.038554566937884616 0.06586669239901033