3 0.3297110308641594 0.744907230813958 0.041238921004335086 0.051672255983923776
3 0.4008047808641594 0.7432525054152428 0.03857665258848364 0.04614895459715278
9 0.4656562361399487 0.7284438165856594 0.035633663111827474 0.04920121941479181
11 0.5917938019108469 0.7450656592912148 0.04063968152767874 0.054779072188333444
1 0.673923762448308 0.7314194269586454 0.06350803413027997 0.08573878466927098
0 0.7522230676958623 0.7460254811952078 0.05419394731269449 0.05977569671336802
3 0.3154294520096689 0.6474510025654512 0.04371917889684287 0.05407055737069442
5 0.6662940019955513 0.6541484121410065 0.04169394731269449 0.059484755983923776
10 0.25974932843096754 0.5376590816876388 0.07242030254613133 0.09140755642076392
9 0.45385564420186564 0.5526989341768399 0.03250866311182747 0.04912848423243048
9 0.656608917879389 0.5550205811189578 0.0340711631118273 0.04916485182361115
3 0.7254422178652715 0.5682823409026037 0.03907718152767874 0.05474270459715278
3 0.2604325969174062 0.4687999789140971 0.04142093152767874 0.05479725598392378
8 0.3350685758707188 0.46080433453743036 0.046836473621053545 0.06740635875746541
8 0.4572543890107809 0.4767358462209371 0.03944120257436623 0.06099270459715278
6 0.6489413600715859 0.4636688825057286 0.04039675782192056 0.07739895459715278
3 0.26980832594130594 0.388003920593472 0.04077618942018653 0.05712282218833344
0 0.5871778364646497 0.383746299583819 0.036027776237772 0.08275860182361114
7 0.65257532331047 0.3783126107542356 0.05471686305535748 0.10893989532659729
9 0.704820362773009 0.3888312302452772 0.03865995257436623 0.060974520801562446
9 0.26787482864272905 0.31451186920670116 0.04091269731269431 0.05946657218833336
11 0.5256341207361038 0.32102940045749956 0.03557274992941277 0.07494610182361114
2 0.638134120736104 0.3184109338924995 0.040578768345264395 0.08052395459715278
4 0.7010135523343698 0.29660736265409665 0.059586373578701314 0.11217399810013892
9 0.3458108418674959 0.2422900706697219 0.03645271046687402 0.06326371941479163
9 0.40164361291418327 0.24724902118281217 0.030619939420186527 0.05688643284565975
6 0.45969133134415224 0.23651023651354128 0.03492030254613141 0.09053473423243057
5 0.5766436129141832 0.24317585097058983 0.03713524992941295 0.07498246941479163
3 0.6282971181758551 0.24353822046163143 0.03310019731269431 0.059284734232430567
2 0.34263336298477043 0.17430313687413168 0.04011603676111584 0.08597452080156254
9 0.40040036035393445 0.17217628600045107 0.028776718359381802 0.06542563145888894
3 0.6845779392790122 0.1890312519967703 0.03098396046687384 0.06313643284565976