3 0.6790579139820826 0.780658317260837 0.04064642473094047 0.05234109140676253
3 0.6079641639820826 0.7777614689339921 0.03804796360606986 0.04677684091247105
9 0.5429577481424823 0.7618062050938276 0.03506851282028158 0.04977450692008212
11 0.41704806555365914 0.7762440953982763 0.04001072394515202 0.05543425790866543
1 0.3347813751069531 0.7611509945999735 0.06252357878371625 0.08676251235728963
0 0.25667349173234155 0.7744057282883512 0.05351029776646961 0.06066292737631791
3 0.6922000769261987 0.6833522357399061 0.043099336641599 0.054780341901054186
5 0.341508718158693 0.6839345785923624 0.041010297766469604 0.06015359140676253
10 0.7465858240307146 0.5744202461200294 0.07137203990858687 0.0925814308363588
9 0.5527073914418914 0.586088622090022 0.031943512820281586 0.04964717292769336
9 0.350036155709915 0.5848749960828483 0.03350601282028158 0.04971083992388792
3 0.28137604694240936 0.5969492317483923 0.038448223945152016 0.055370590912471054
3 0.7451004067433723 0.5054792451314463 0.040791973945152014 0.05546609140676253
8 0.6703915051717957 0.49617322931411534 0.046061670801998925 0.06815709239534584
8 0.5484244598865254 0.5099890371090501 0.03873932237357565 0.06162059091247105
6 0.3566372202256076 0.49356424657714 0.03950345574818694 0.07802684091247088
3 0.7347857990093238 0.42443749216569665 0.04011988585581072 0.05777800790866543
0 0.41745274979511227 0.4146380919382352 0.03507066687305756 0.08330458992388792
7 0.3520096863128769 0.4080578280980708 0.05345894789030421 0.10978617688202608
9 0.29990137675958295 0.4176755672236559 0.03795807237357547 0.06158875741437377
9 0.7358624555432993 0.3509044916714051 0.04022904776646961 0.06012175790866543
11 0.47824900868645237 0.3529312707974277 0.03470679383752824 0.07549208992388783
2 0.3657490086864524 0.34834724707143155 0.03964900496239876 0.08115184091247105
4 0.3026325785788285 0.32542440022746144 0.058291997104515936 0.1131021778706093
9 0.6571060628630627 0.27724947437119957 0.03572348428423418 0.0638370069200822
9 0.6013462144346394 0.28123929600629866 0.0299636358558109 0.05736417243340188
6 0.5431891120772745 0.26947678364900896 0.03387203990858687 0.09105342292769344
5 0.4263462144346394 0.2741085924325268 0.036269293837528235 0.07555575692008229
3 0.37471093982753356 0.2735700815581119 0.03241654776646961 0.05980342292769345
2 0.6594905082721676 0.20924889087310236 0.0391224660872691 0.08658875741437377
9 0.6017143955757206 0.20611196201390988 0.02802014619489306 0.06586242193911022
3 0.31781027646913274 0.21802573570272502 0.030254734284234353 0.06361417243340188