11 0.3578125 0.6921875 0.03828125 0.0625
3 0.43125 0.70078125 0.0296875 0.05078125
9 0.4890625 0.709375 0.03125 0.053125
3 0.5640625 0.7140625 0.03125 0.0484375
7 0.6390625 0.6828125 0.0578125 0.09140625
2 0.4234375 0.6078125 0.03515625 0.071875
9 0.4984375 0.62265625 0.0296875 0.0484375
3 0.61953125 0.61796875 0.0328125 0.053125
9 0.696875 0.61875 0.0328125 0.05078125
9 0.75625 0.6078125 0.0421875 0.0484375
3 0.30390625 0.5390625 0.0359375 0.05390625
9 0.36875 0.534375 0.03515625 0.05390625
3 0.43671875 0.5390625 0.02734375 0.05390625
5 0.48984375 0.51953125 0.0328125 0.06875
9 0.69609375 0.521875 0.0359375 0.05390625
1 0.621875 0.42890625 0.0515625 0.103125
9 0.7421875 0.4546875 0.0375 0.05859375
3 0.378125 0.378125 0.0296875 0.05859375
3 0.6234375 0.3734375 0.0296875 0.05859375
8 0.67578125 0.36328125 0.03828125 0.0765625
11 0.7359375 0.3703125 0.04296875 0.071875
10 0.31875 0.2796875 0.0515625 0.11640625
6 0.5484375 0.28984375 0.0296875 0.084375
5 0.7375 0.30859375 0.0421875 0.07421875
3 0.38671875 0.234375 0.02734375 0.06015625
8 0.43125 0.225 0.0359375 0.07421875
9 0.5515625 0.2359375 0.0265625 0.05859375
0 0.6125 0.2203125 0.0328125 0.08984375
4 0.38125 0.146875 0.046875 0.11640625
2 0.5546875 0.17578125 0.0328125 0.06875
6 0.61015625 0.14921875 0.02734375 0.09609375
0 0.7203125 0.165625 0.040625 0.09140625