6 0.37473377518245543 0.7304191978152326 0.037813617388246804 0.055215778855940555
7 0.44887980230981855 0.7455109736759482 0.051213042056281924 0.0759920703257528
3 0.5169030944642963 0.7385094947273404 0.027607370413308983 0.046267364790790036
1 0.6480621908735 0.7587178457231323 0.05119940651766246 0.07364832032575279
3 0.384595109393215 0.6471528300292178 0.03151362041330889 0.04640377404661713
2 0.4524865913410382 0.6628076010806099 0.037809072208706954 0.05443452885594056
8 0.5142780642136753 0.6524628673226787 0.03626475292686635 0.05750496515360961
9 0.5837593172387374 0.6634847020764018 0.03154543667008767 0.05187252404661713
5 0.6502019286750558 0.6595536594254632 0.03860850292686635 0.05758681070710594
9 0.26091723575845227 0.5498462656939147 0.03859032220870695 0.05446181070710594
3 0.31946553396305416 0.5597049045313217 0.03546532220870695 0.05435268330244423
3 0.647499630372258 0.5867882820208015 0.03310793667008767 0.0519270877489479
8 0.2629660699692118 0.4663070793962455 0.04102497579950324 0.07016865626060227
9 0.3902416422761147 0.4824727711362103 0.03155907220870695 0.05421627404661713
10 0.45126095550783124 0.4705382555271136 0.042755647442476175 0.09912946996293322
5 0.5871393681738137 0.485441547629898 0.03553349990180408 0.0660714333024444
9 0.39540638612779466 0.4006052122432028 0.031577252926866174 0.05734127404661713
0 0.4602955879231928 0.39505710588993337 0.031681792056281924 0.07531002404661713
9 0.5188029795119362 0.4119469947273404 0.02767100292686635 0.05720486479079003
3 0.5883978620254936 0.4034375794810635 0.02765736738824671 0.05486111479079003
4 0.27021600946796975 0.29465033420556896 0.05919371369925477 0.10517113883740717
6 0.345942717313492 0.3066716737686154 0.036428379390299345 0.08562996515360961
3 0.3981592022863774 0.3303745577966991 0.030014752926866173 0.05728671034428627
3 0.4653467022863774 0.3327207969969259 0.026889752926866173 0.05717758293962447
9 0.3985773588040398 0.2584995577966991 0.030014752926866263 0.05728671034428627
0 0.4611773527539156 0.24349460588993335 0.030178379390299347 0.08541171034428618
11 0.5236228105994379 0.25505215398316755 0.031681792056281924 0.07531002404661713
3 0.6454887202403583 0.2608706227649743 0.030028388465485632 0.059630460344286276
2 0.28735857855341884 0.1686607530800429 0.04344599385167989 0.08353175181409855
9 0.4068125605012421 0.18611612630835336 0.027693728824565157 0.06111111479078994
9 0.5232415363989411 0.18627487213200214 0.024582364363184794 0.06334573738612823
11 0.5888347201421624 0.19403529762989807 0.0316954275949012 0.07765377404661714