3 0.41660950326612045 0.6671875 0.03420767100433508 0.05078125
9 0.4856402243269253 0.67578125 0.03278167889684287 0.053125
9 0.560230700649402 0.6828125 0.03531514469597585 0.04296875
0 0.6245585111586281 0.66484375 0.0467454683593818 0.06484375
4 0.21968827161138474 0.5875 0.07186656570031094 0.09375
3 0.42778149267218957 0.59609375 0.03278167889684287 0.053125
0 0.48829405844308765 0.5765625 0.039023973621053545 0.06640625
9 0.5512567900272363 0.58203125 0.0340711631118273 0.0484375
9 0.6282820216113848 0.5875 0.03889517100433508 0.05078125
3 0.2343492820641413 0.51015625 0.04063968152767874 0.05390625
9 0.3082873110033365 0.5015625 0.03296368942018653 0.05625
5 0.37317656363417234 0.50078125 0.03916048151356133 0.06875
11 0.4357675688958443 0.49921875 0.039023973621053545 0.06640625
3 0.49596932152668016 0.4984375 0.03282718152767874 0.05390625
9 0.3694970977644522 0.41640625 0.030756447312694314 0.05859375
6 0.43911935302612404 0.41484375 0.03745376834526439 0.0796875
3 0.6245486188111397 0.41015625 0.036088689420186525 0.05625
3 0.6922975609327493 0.42734375 0.03921368942018653 0.05625
11 0.32111207664717767 0.3484375 0.04246749203690507 0.071875
10 0.3825501055863728 0.33984375 0.05674209463950612 0.10234375
9 0.5053960713855059 0.35 0.03084745257436623 0.06015625
7 0.6854776845114505 0.31640625 0.06316639988706055 0.11875
2 0.4436310897307701 0.2703125 0.034328768345264396 0.0796875
1 0.5625021870716994 0.24140625 0.050385678826255643 0.12734375
9 0.3304555265201207 0.21484375 0.030756447312694314 0.05859375
5 0.45044180282847995 0.20703125 0.03414675782192056 0.0765625
8 0.6152323449218547 0.19453125 0.036027776237772 0.08203125
2 0.3418095264495336 0.140625 0.04241428413027979 0.084375
6 0.5118336001129394 0.11875 0.03303157885449046 0.09765625
8 0.5622130317112054 0.1390625 0.03961550782192056 0.0765625
3 0.6182355185570259 0.14296875 0.031120468359381804 0.06484375
3 0.6807355185570259 0.14296875 0.0350267183593818 0.06484375