8 0.6567265918525342 0.6866028943373754 0.04427798328249999 0.05825130169541097
9 0.5288009603936452 0.7175340248165029 0.028343858757465413 0.04424230562435252
5 0.45763447521128403 0.7239702694398193 0.03243194671336802 0.052236742142117085
3 0.3951526590068744 0.7261000037240537 0.030687608757465325 0.04435146753501122
9 0.723461456593923 0.6023327481424824 0.03862739532659738 0.05018409057054054
0 0.6508597579806938 0.6033730173729047 0.03959048328249999 0.05803297787409356
1 0.5937375890027425 0.6099355405322686 0.044042247150208345 0.08165241439185814
9 0.458998913090937 0.6318191567433723 0.028343858757465413 0.04424230562435252
10 0.3223347144777078 0.6358431848651348 0.057378048536979254 0.08461474855225788
6 0.2595437737482633 0.6512541691493692 0.046676284669270894 0.060704213606069854
2 0.7114537254956245 0.5147064696064352 0.04832970364722229 0.06468323821317572
8 0.657383821335312 0.5242484435515872 0.04442345364722229 0.06450130169541098
2 0.5839099537441316 0.5292313500855625 0.03435812262517359 0.06793451674922295
3 0.2778956898764231 0.5668962857747576 0.03855466014423623 0.04705909057054054
3 0.7044965170987496 0.4447942299455173 0.03639274810013902 0.05476242865988183
0 0.6521527670987496 0.4472321792835635 0.03982687262517359 0.06818922787409357
9 0.4582209291428468 0.4640687305646899 0.028580248100139018 0.054398555624352515
9 0.3399248708222218 0.4836257134011821 0.03381260875746524 0.04449701674922295
11 0.703171712862187 0.367596029159729 0.04373312262517359 0.06837116439185813
7 0.655770036000451 0.3588781546764577 0.05774172444878474 0.10023974855225788
3 0.5884734332269094 0.3666949627820095 0.03094218189572917 0.055288967535011224
9 0.47005008833715245 0.3917206956185018 0.02781718189572917 0.05514341832079959
9 0.7033184896476733 0.2942313037668349 0.03641093189572917 0.055543678659881836
9 0.5194883503049997 0.3129385701017731 0.02781718189572917 0.0551434183207995
3 0.4672355192829511 0.31147026943981937 0.02630923328249999 0.05741439371369372
3 0.27953549753145807 0.32879697229252225 0.03641093189572917 0.055543678659881836
6 0.6308635678199304 0.22190684760436313 0.03712009992375016 0.08601242865988183
5 0.4658925312507984 0.23505331865403106 0.02901665919430556 0.07314855562435252
3 0.3476510243169442 0.2522665514905233 0.02865298328250008 0.05752355562435252
3 0.288330575703715 0.2526882365605459 0.03255923328249999 0.057705492142117176
11 0.5771222784010067 0.15027159615662106 0.03134222539871523 0.07247646753501132
4 0.4631506973789582 0.15167789247534863 0.038519598973819666 0.11261131596343472