8 0.31820817723586814 0.7141688512890021 0.04362327800763603 0.05674998667249973
9 0.44526102589914096 0.7376870726050482 0.02784373667249973 0.04328692333704538
5 0.5163184132320501 0.7399848219287305 0.031840893340227085 0.051144876670908876
3 0.5788275038988229 0.7384763185869128 0.03018748667249973 0.04331419533736351
9 0.2543098565802312 0.633673376631138 0.038063621339908774 0.04887385200509069
0 0.32699337858054944 0.6304841946212749 0.038935778007635945 0.05669544267186346
1 0.3839791752466858 0.633726825946866 0.04311474801081774 0.08017839600572696
9 0.5181723619112313 0.6477882312619577 0.02784373667249973 0.04328692333704538
10 0.6549183839115494 0.6438536145767314 0.056423270011135784 0.08267668734086335
6 0.717272933243186 0.6556263612349136 0.045994300007954084 0.05912100867281787
2 0.2693996019255489 0.545228494629229 0.04760225334181776 0.0630454400063634
8 0.3232240359245944 0.5516324886219112 0.04369600334181776 0.06299998667249973
2 0.39664335459104894 0.5523404659452753 0.033585206675681434 0.06678805800445424
3 0.7018393845878672 0.5722235152371408 0.038027258672817865 0.04574885200509051
3 0.2788115119350939 0.474815997294729 0.03577441534054513 0.053534080004772375
0 0.3311552619350939 0.47420692262095665 0.039053956675681435 0.06685169267186346
9 0.5248143552673668 0.47976493726132147 0.027961915340545217 0.05344317333704538
9 0.6426194732654577 0.49245474657864036 0.03331248667249973 0.04335055800445424
11 0.28283648794559346 0.3974358846276382 0.042960206675681435 0.06689714600572697
7 0.3306200072804115 0.3859438539545021 0.05660508334659031 0.09830168734086335
3 0.3977529632797752 0.38984955661204795 0.0303147560073179 0.054251695337363424
9 0.5154944466104572 0.40800811592936687 0.027189756007317812 0.054215332670272606
9 0.28525351062222926 0.3239802032940927 0.03578350600731781 0.05431533000477255
9 0.46872908195418395 0.332000146602503 0.027189756007317812 0.054215332670272606
3 0.5211182852880475 0.3274848219287305 0.025654528007635947 0.05654090133672707
3 0.7085182879535477 0.33389681190327714 0.03578350600731781 0.05431533000477255
6 0.3603540552991834 0.24733533995068407 0.03613804201145401 0.08478408000477247
5 0.5251341706317743 0.25088595926163965 0.028180091343090474 0.0721931733370453
3 0.6429665606301835 0.2612320185789586 0.027998278007635945 0.056568173337045294
3 0.7023688326305016 0.25819737790423164 0.03190452800763595 0.05661362667090888
11 0.41668641864259204 0.1724711526098208 0.030514750676317703 0.07143919533736347
4 0.5307943719764556 0.16723766526100334 0.03722837468172653 0.11135567067154524