3 0.30234375 0.7046875 0.0375 0.0484375
1 0.353125 0.69921875 0.0609375 0.0765625
2 0.43203125 0.7109375 0.0375 0.06640625
2 0.5078125 0.69921875 0.03515625 0.06640625
7 0.7984375 0.71640625 0.0828125 0.0765625
9 0.30703125 0.60625 0.0375 0.05390625
4 0.37109375 0.60078125 0.05546875 0.09140625
5 0.44765625 0.60234375 0.03515625 0.06484375
3 0.5734375 0.6265625 0.03125 0.05078125
8 0.6421875 0.60546875 0.04296875 0.06640625
5 0.70703125 0.61875 0.04296875 0.06015625
11 0.7875 0.63125 0.0515625 0.06484375
0 0.3109375 0.51953125 0.0453125 0.071875
9 0.384375 0.53125 0.0328125 0.053125
11 0.50546875 0.5203125 0.03515625 0.06484375
3 0.57734375 0.52421875 0.0296875 0.053125
6 0.63671875 0.51953125 0.0421875 0.071875
9 0.70546875 0.52578125 0.0359375 0.05625
3 0.7640625 0.525 0.03828125 0.05390625
9 0.3140625 0.44921875 0.0328125 0.053125
0 0.4484375 0.44453125 0.03125 0.0765625
3 0.5015625 0.44296875 0.02734375 0.05390625
6 0.56796875 0.4328125 0.03515625 0.0765625
8 0.7609375 0.4375 0.040625 0.071875
3 0.45390625 0.3609375 0.02734375 0.05859375
9 0.50625 0.28828125 0.02734375 0.0625
3 0.75625 0.30859375 0.0375 0.05859375
9 0.33359375 0.22578125 0.0328125 0.0625
9 0.46015625 0.22265625 0.0265625 0.06484375
9 0.51484375 0.21875 0.025 0.0625
3 0.69609375 0.23046875 0.03125 0.0625
10 0.75078125 0.13671875 0.0640625 0.11875