3 0.35937643372774625 0.6890260419502567 0.03300084239534575 0.044606493102595124
1 0.5615291827391631 0.6831091553609537 0.054109179847775656 0.06520227611928178
9 0.6212861847163295 0.6706224434660232 0.03287350840295691 0.04148149310259512
7 0.7663904376820789 0.6489853816165212 0.07702009783255317 0.07263963986866315
5 0.3581906185184378 0.6033342034156459 0.03813401136870649 0.055789654567984216
8 0.4309742025108266 0.5964014507021125 0.03535917984777566 0.0642196302577247
9 0.4864429525108266 0.5934944566950062 0.029317426882026078 0.049870525214770645
0 0.560103286997507 0.584177010403908 0.038229511862997965 0.058133404567984215
11 0.6222040389746732 0.5715674677762828 0.040573261862997964 0.05825623530067894
3 0.30662280133196296 0.5296377538451873 0.034881677376317734 0.0525008802577247
9 0.4215302183281574 0.5220565479431505 0.029317426882026255 0.049870525214770645
3 0.7404221397729761 0.4827362618742459 0.03956917737631773 0.052746541723114146
3 0.30433740114168256 0.4517993588881414 0.03341467787060939 0.05476274310259512
10 0.49559907110362644 0.42618412596231164 0.0421012697716634 0.09575623530067894
3 0.6193867395826956 0.41112129070706127 0.03185217787060921 0.05468085594746519
9 0.6803242395826956 0.40792769165700093 0.03341467787060921 0.05476274310259512
9 0.30677133444949933 0.3729340524657062 0.03735276136870649 0.05574871099041943
11 0.37752950342286 0.35831163048486736 0.03864334733826169 0.06828965456798422
9 0.49074708642666565 0.3539373117379604 0.02875901136870649 0.05529833163720586
4 0.3092516887078432 0.273797189620836 0.05954343775644109 0.10290699400710616
6 0.3801862712173572 0.2739775740624323 0.038403266805913994 0.08152996099041943
3 0.4917776872249684 0.271247642470655 0.028854511862997968 0.057642081637205855
9 0.6093644352478021 0.27444016225835877 0.02963576186299797 0.057683025214770645
3 0.6642111027382881 0.2676678618288174 0.03344651136870649 0.055543993102595036
0 0.43367336855561883 0.20490999152071537 0.03315735129259441 0.08671210594746528
8 0.5548944525480076 0.19543873699815956 0.034274182319233584 0.07585649310259504
9 0.6096137860461048 0.19179143656861827 0.027387512357289624 0.05990394448207601
2 0.6649233685556188 0.19279069256151207 0.03886618182494193 0.0737584045679843
5 0.32405562943003374 0.1592024231124926 0.04052418231923358 0.07618404172311406
2 0.4424700484033945 0.14208244290019634 0.03046343281352524 0.07799552521477064
6 0.5526090523577272 0.11760034204111372 0.03325285178688588 0.08905585594746528
3 0.6663532173767552 0.11943507971664183 0.029794929353484 0.061589275214770645