2 0.7291605835991992 0.7026302243518756 0.04164775771063774 0.05953930737069442
8 0.661795805596022 0.6909101679311116 0.04781593709378669 0.05499727773541672
0 0.39290943790127036 0.6768424422480559 0.036919347402212296 0.05708645459715278
3 0.2734736452875965 0.6795290715227432 0.039031272321134305 0.043859755983923776
9 0.4648468932590017 0.5926142190335421 0.028189229707460583 0.04907393284565984
9 0.34532928002847685 0.5906133483082294 0.032136390015886106 0.051508601823611146
4 0.7213502633893853 0.523614871578334 0.06253300202859488 0.0928245860560418
3 0.4712548060030592 0.5123273069894448 0.028230140015886106 0.05141768284565984
7 0.40325878246410884 0.5091828167730906 0.053158002028594886 0.09260638050895835
1 0.6540888510523649 0.4283374327487506 0.05480232264544593 0.09733024810013902
8 0.39718033197764147 0.42938621399954896 0.038659125405389363 0.06727907218833344
11 0.3471803319776415 0.4282224510817711 0.03709662540538945 0.06724270459715279
0 0.2791161245913153 0.4211717108654168 0.04426424310014117 0.07521885875746541
6 0.7108785933417272 0.37108928362243115 0.043482993100141164 0.07520067496187507
3 0.646802456572252 0.36881696238402834 0.03219093709378669 0.05463360182361114
9 0.471802456572252 0.3647437921718059 0.025940937093786687 0.054488131458888846
3 0.40863030072805334 0.3695209047289934 0.02754434740221221 0.05686824905006951
9 0.28197234334172716 0.3611063798433683 0.036042640015886106 0.051599520801562535
5 0.5813899163942102 0.2899821411456255 0.03094208279171564 0.07256598423243066
9 0.5261120811668626 0.2996285916587157 0.02598184740221221 0.056831881458888935
11 0.407239350241586 0.2898334047289934 0.034053446022240405 0.07185746941479172
9 0.5780915925309482 0.23524008975885463 0.026022757710637733 0.05917563145888893
3 0.5271876116056717 0.22702689304548654 0.026050031249588202 0.060738131458888935
3 0.46715409253094825 0.2326579907850351 0.026022757710637733 0.05917563145888893
3 0.40617568222252276 0.2288959047289934 0.027585257710637735 0.059211999050069505
2 0.3584512483751469 0.22388044319798645 0.0371784460222405 0.07193020459715278
5 0.30288704098882074 0.21712064371107664 0.037232993100141165 0.07505520459715279
6 0.6859392743497292 0.15028582114149364 0.03909550202859489 0.09227907218833335
9 0.6378154200476581 0.16712717581489636 0.028366507710637735 0.05923018284565975
3 0.4103898494308071 0.15714819129812535 0.026050031249588202 0.060738131458888935
10 0.356074496346552 0.13245600940239613 0.044260288960225845 0.11973192496187504
9 0.2979171229697575 0.15609222473312526 0.03077844155801355 0.06319098423243057