3 0.7347048573311019 0.7111231511230897 0.038531234874689346 0.043859755983923596
11 0.45582587840834066 0.7223022661488191 0.03546532220870695 0.05394327080156245
9 0.39021905912649996 0.7269547049784024 0.031481804156530305 0.04057110182361114
6 0.33094859825591555 0.7463054234432637 0.04326418667008758 0.05178135875746541
9 0.2559576886149951 0.7496135678199304 0.0408568041565303 0.040789307370694416
9 0.6545719297362005 0.6364153982732981 0.035406234874689343 0.04378702080156245
3 0.5272327249157405 0.6401606069545135 0.029951120413308985 0.04600348423243048
2 0.4037952249157404 0.6430336466577774 0.03784088846548563 0.05946657218833344
4 0.3194202249157404 0.6449974965815276 0.06136929205628192 0.07563708605604162
6 0.40010662265280406 0.5462313818401385 0.033176114363184794 0.06326371941479181
0 0.576146427005726 0.45227809403673563 0.031663611338122524 0.07182110182361115
9 0.5246884661351416 0.471446974545694 0.027657367388246888 0.05454268284565984
3 0.332469149878363 0.4704514382609025 0.03312157220870695 0.05388871941479163
7 0.2590634661351417 0.4776294650463887 0.06457156010845858 0.08899107123840296
3 0.5796208849494443 0.37796842505878425 0.02767100292686635 0.05688643284565966
11 0.4491430445903646 0.37944261892236075 0.030087475799503237 0.06944098423243057
9 0.39609076746300154 0.3931791170224997 0.029982936670087668 0.051472234232430567
2 0.26568110479701906 0.4063720608860762 0.04572611133812261 0.07214841014423605
3 0.6307334121750031 0.29942454454982587 0.03001475292686635 0.05694098423243057
10 0.5720805748409856 0.29063207921909673 0.0428147347764936 0.10879442496187508
3 0.5081135236113216 0.30852940045749955 0.02687611738824671 0.05452449905006951
8 0.4557334121750031 0.30349771476204823 0.035569861338122524 0.07191202080156245
0 0.27616408684303817 0.32799248774781226 0.0434141775949012 0.07756260875746523
9 0.6928243460164204 0.22765734090260356 0.03550622882456533 0.060974520801562536
5 0.5678470719141193 0.23447299819704814 0.030105656517662283 0.07256598423243057
8 0.5171067285299777 0.2426861949104162 0.031668156517662284 0.07260235182361115
3 0.3898084303253758 0.2534626535916316 0.026903388465485633 0.059211999050069505
9 0.34135729478675636 0.2522462989182289 0.027684638465485634 0.05923018284565975
3 0.6830402798578377 0.15756304644968694 0.030028388465485632 0.059284734232430567
1 0.386960165396457 0.16679845497840246 0.04595791549465282 0.11199216014423614
5 0.33857720755093473 0.1773008503049997 0.03635565651766246 0.07271145459715278
9 0.2792885659621911 0.1935265687698609 0.035497138465485634 0.059412020801562535