3 0.2992000702265864 0.712426592361606 0.040032092395345845 0.04519837891096028
11 0.5782973212151695 0.700869653153181 0.03732092787060921 0.055172618387616626
9 0.6440496552075584 0.7001724321629632 0.03287350840295691 0.04166385523343692
6 0.7041568256637939 0.714682982219433 0.04503792737631773 0.05328389469597585
9 0.7792204926599883 0.7118772296591842 0.04224850840295709 0.042209886803468065
9 0.3757678874130613 0.6312228240163418 0.03690709239534575 0.04501636838761662
3 0.5031434709111584 0.6245871451900861 0.03153384288963732 0.04704159997176518
2 0.6265809709111585 0.61739772951801 0.03988751235728962 0.06077787628012441
4 0.7109559709111585 0.6124834453877301 0.06396168231923358 0.0777679552052021
6 0.6257586171471062 0.5203407189946663 0.03535917984777566 0.06441111049510884
0 0.44553526486592865 0.4407805635635852 0.03414684832684482 0.07291385523343692
9 0.4978299353221642 0.4557461399284142 0.029540261368706487 0.05549884207925739
3 0.6897946008354838 0.43908374274277673 0.03497717787060921 0.055036110495108835
7 0.7634549353221642 0.4402752454441998 0.06762785178688588 0.09123121572854594
3 0.438604832546695 0.3667893267177648 0.02963576186299797 0.05784259207925739
11 0.5690099155505006 0.3576278873681654 0.03248884783255335 0.07047909997176519
9 0.6226442515200559 0.36703370847132255 0.03175667737631773 0.05251034997176518
2 0.7535268369953194 0.3695910191217232 0.04820934832684483 0.07373290258848364
3 0.38389081623507265 0.2924487503529359 0.03197951186299815 0.05797909997176518
10 0.4420707307598091 0.2788798030402415 0.04658052273741298 0.1102696420651399
3 0.5068017342198503 0.29155483731169574 0.02875901136870649 0.055453339448421346
8 0.5588908162350726 0.28225616104568874 0.03805309832684482 0.07314136838761662
0 0.7394059871855998 0.2921030559534261 0.04608843281352506 0.07906514469597585
9 0.3185258014063251 0.2257764608198098 0.03760742935348409 0.06220386838761662
5 0.44368496889681097 0.22240228988606187 0.0326161818249421 0.07360409997176517
8 0.49475272037968576 0.22647586888172677 0.0341786818249421 0.07369510523343692
3 0.6224148053606579 0.22687144005547108 0.028950012357289622 0.06014083944842143
9 0.6707568048663661 0.22170652694364373 0.029731262357289623 0.060186342079257396
3 0.3250357865775775 0.1549179292497787 0.03207501235728962 0.06032284997176514
1 0.621225037071869 0.1400161821629633 0.049832856729801735 0.11357665258848364
5 0.6700445390490353 0.146570019051136 0.0388661818249421 0.07396812101845249
9 0.7300243755128821 0.15795556910760572 0.03754376235728962 0.06064136838761662