9 0.7359451390756937 0.664136748079436 0.03753097749876275 0.04715496099041942
5 0.6666628725673502 0.657583532905145 0.04057076831736559 0.060559041723114146
11 0.5899775418346558 0.659252253506503 0.03900826831736559 0.06047715456798421
7 0.4586899202833582 0.6504648309598372 0.056025349954571445 0.08785852611928177
6 0.3986565010160528 0.6559612364323326 0.04176145409301437 0.06841248530067894
6 0.2602114767057933 0.6600832496613157 0.05862140547249543 0.06306324400710625
9 0.7214898134313816 0.5826377645877795 0.03859883254171699 0.05266465456798421
10 0.6543056354576491 0.5712742186807939 0.05302318068726599 0.09003850180902226
9 0.5933681354576491 0.5744678177308542 0.0325126068519765 0.05546210594746519
11 0.32384020748391645 0.5737086584131715 0.04624423620519007 0.06475189676606821
9 0.7069116570543752 0.4987950310961228 0.0387626068519765 0.055789654567984216
0 0.6560927855030776 0.48579042006027484 0.03966336555840364 0.07297715456798422
3 0.5832318176152532 0.4856919227738083 0.0301688568519765 0.055339275214770646
8 0.2666651153312611 0.48426437811001827 0.05191770409301446 0.06894475180902226
8 0.7091115649017198 0.406239038898039 0.04439180913596861 0.07400406603337366
3 0.6448852905914603 0.4064714122583588 0.032635437584671044 0.05780585594746519
5 0.3988767497728574 0.4060464456137298 0.039540534825709094 0.07063340456798421
9 0.28242955619529253 0.4113657886708963 0.03576043758467105 0.05796963025772488
3 0.6978188608087054 0.3402422246736877 0.03588326831736559 0.06031338025772479
9 0.6393479415414 0.3456567429910534 0.0325126068519765 0.05546210594746528
0 0.4683427227490644 0.32641649932263145 0.03176565637700666 0.08580802521477064
3 0.4055937392574078 0.3398891791053864 0.032635437584671044 0.057805855947465276
3 0.277755344300362 0.3520726758260261 0.0387626068519765 0.055789654567984306
3 0.692407664517607 0.26688661182881745 0.034197937584671226 0.057887743102595035
2 0.46588943012143924 0.26465680574506656 0.03526247060135788 0.07820024310259503
9 0.401455115897088 0.2758676226829513 0.02963326831736559 0.059985831637205764
3 0.29319223654387433 0.27292408638690413 0.038104187584671045 0.058092460990419426
3 0.6893368962002413 0.20829286182881743 0.034402655472495526 0.061793993102595035
1 0.5070666287873868 0.18337582824630377 0.04248847241038014 0.1268834045679843
9 0.2964942989592033 0.21634653776638518 0.0356376068519765 0.05562588025772479
4 0.5093827233148913 0.12293297320334964 0.041997149479601606 0.11750840456798431
2 0.3529656269783644 0.14288138229388972 0.03711157564431193 0.08375088025772479