9 0.6229411305697317 0.677296374284573 0.03565623667249973 0.04501636838761662
7 0.5520201032384134 0.666593363690642 0.05417042667886314 0.09293792889684287
4 0.4830610179026408 0.6885663452042035 0.046330654678545004 0.09013915258848364
9 0.27421272923300466 0.7225905476373953 0.03652839334022691 0.05287437101845249
11 0.7475058732495493 0.573231958612497 0.049210206675681434 0.06922741311182748
3 0.6184814445815039 0.5908961427004245 0.033430665340545215 0.055036110495108835
9 0.4770479225811858 0.6014758688817269 0.03181362133990895 0.05025760523343692
3 0.42168826058245834 0.5953315556710774 0.03186816534054522 0.05494510523343692
8 0.35059451058245844 0.5994722950771465 0.03911759134309047 0.07410462891096029
0 0.27002576324795846 0.6127528160532467 0.04764770667568143 0.06913640785015537
8 0.6773757339274579 0.49456019801856604 0.04611247867599957 0.07138915258848363
9 0.4202990305935943 0.5134368135635852 0.03186816534054522 0.05494510523343692
3 0.34352744525782164 0.5358648213855058 0.03187725600731781 0.05572635523343692
9 0.27956494259232156 0.5310022871140516 0.038935778007635945 0.05847962891096028
5 0.4743785506047301 0.42831138466674235 0.032077250676317705 0.07291385523343692
10 0.27599559460536643 0.4351815528990672 0.059039740014317485 0.10883594468185845
5 0.6612432986155479 0.3377942585277923 0.03914486334340861 0.07644837891096028
3 0.4267955732813661 0.35769504777856964 0.02802555000795408 0.060186342079257396
2 0.3549387546149115 0.3603187898154747 0.04137952534213598 0.06720988680346807
0 0.7232625879615018 0.2412763033225902 0.0432511080124085 0.09386339206513998
3 0.6589910026257291 0.262976269051136 0.03194998134149962 0.06197635523343701
2 0.6035313432925019 0.26542570584048664 0.036892020011135784 0.08412437101845249
9 0.5316290712921837 0.2719556978773917 0.027289753341817758 0.06404708944842144
1 0.42252679129536547 0.25488856619442113 0.03963575934913557 0.11863587891096028
6 0.3504427059595928 0.27704355823132615 0.03849088267822669 0.08734037628012441
11 0.6599091599697742 0.184070019051136 0.03686474801081765 0.08178062101845249
3 0.597218255967547 0.20411647951800999 0.03038748134149962 0.06188534997176518
3 0.48401882196850143 0.20368311098921904 0.02731702534213589 0.06639083944842143
9 0.36115348663272884 0.22879577403045914 0.03197725334181776 0.06432010523343692
3 0.3009517832988652 0.23620572660482536 0.03194998134149962 0.06197635523343692
9 0.5832653913112738 0.12841852950389251 0.027262481341499622 0.061703339448421435
6 0.301225050644501 0.1456262292356613 0.04330565201304486 0.0985508920651399