2 0.3074429205628184 0.752772858252186 0.043296002926866264 0.0577505018140986
3 0.4480588302037388 0.756121091461963 0.031499984874689524 0.04406002404661713
11 0.5166997458947835 0.7397718943645207 0.035469867388246715 0.055133933302444406
3 0.6393787217924825 0.7479613949974929 0.035406234874689524 0.0441964333024444
9 0.7814889537403056 0.7396454419096008 0.0408568041565303 0.04126240626060227
9 0.44903954722264333 0.6561756551642939 0.029951120413308985 0.046349210344286365
5 0.5022099990180413 0.6658433210435429 0.03548350292686635 0.057477683302444404
9 0.5818247761454044 0.6561260698624166 0.03154543667008767 0.05187252404661713
0 0.6443247761454044 0.6583086179556509 0.040974978824565335 0.06157490626060227
0 0.3806117340891226 0.5748958841129017 0.038667590260883775 0.06774306070710594
5 0.4516554871141846 0.5687847825689556 0.03161361436318479 0.06359127404661713
10 0.5125293546006273 0.559975266959859 0.04267837939029935 0.08584821996293321
9 0.6336912822937245 0.5759227038905003 0.029951120413308985 0.046349210344286365
3 0.699325372652804 0.5797768793883963 0.03624657220870695 0.05437996515360979
3 0.3090589209556019 0.4935069856568477 0.03624657220870704 0.05437996515360979
3 0.5020049450579028 0.49633935289470843 0.02765736738824671 0.05486111479079003
9 0.7502969993126289 0.4800149815653145 0.03860850292686635 0.05758681070710594
6 0.3741839512062229 0.4098611611547437 0.03791815651766246 0.07318452885594055
4 0.43582088797450635 0.39795392739681246 0.0412204185197151 0.10376240626060226
8 0.6186242976154267 0.40277538056952267 0.03636929205628192 0.07547371515360979
3 0.6788123638722053 0.4103448331092606 0.03157725292686635 0.05734127404661713
9 0.7530629301289841 0.4184053589699762 0.035469867388246715 0.055133933302444225
6 0.4331089784317818 0.3345908318433162 0.030164743851679887 0.08306796034428628
1 0.7423521682251273 0.3227381949048257 0.06466246369925485 0.10536211179556512
9 0.5506595719141194 0.26683539136929585 0.026926114363184796 0.06342758293962455
7 0.6184828761688456 0.24420891242068804 0.04758859318774995 0.12429316106992569
8 0.6748465056573407 0.2657044557045989 0.04335509026088378 0.0679067518140986
2 0.7271675297596417 0.26362608973268253 0.04336872579950324 0.0702505018140985
9 0.379243114166793 0.20539191596406708 0.030051114363184705 0.06353671034428628
3 0.44014425273047453 0.2012699003549705 0.026912478824565333 0.06108383293962456
3 0.5494465298578376 0.19258935951813042 0.025363614363184794 0.0633730192372937
11 0.66813744252382 0.1865799508952754 0.03638292759490121 0.0778174651536097