9 0.30411415094789485 0.6763525844690983 0.03741226282028158 0.05048511838761662
9 0.4341826406088126 0.6601598951194989 0.033360463606069854 0.04713260523343692
3 0.29222627294996684 0.5893076107774575 0.03986517473094038 0.05296537628012441
9 0.4268923713783902 0.5877311582736785 0.029818086641599174 0.054717592079257395
9 0.43379088068401517 0.5003753714419755 0.032161836641599176 0.05485409997176518
9 0.5525772679875681 0.494240221554915 0.029708924730940466 0.052373842079257216
11 0.6172026941662505 0.48577600319553327 0.035832646194893056 0.06675486049510884
6 0.6781038068626977 0.4814455479903311 0.04162888192686935 0.07410462891096029
3 0.36836062572161643 0.42428257927801366 0.03372433664159917 0.05494510523343692
3 0.4260275765074047 0.4177903845961552 0.029963635855810723 0.05784259207925722
3 0.4906530026860871 0.4093261662367734 0.029182385855810723 0.057797089448421345
9 0.6058606257216164 0.41044977950389255 0.029036836641599173 0.05467208944842135
3 0.3060917580627706 0.34878902659070793 0.0376669739451521 0.05595386838761662
8 0.37029980727698236 0.34818281086216213 0.04173804383752824 0.07644837891096028
3 0.4273310572769823 0.3448611188111396 0.029854473945152192 0.05549884207925739
3 0.4898310572769823 0.3412209083442656 0.029854473945152192 0.05549884207925739
9 0.5424659057054058 0.3444222320782587 0.029036836641599173 0.05467208944842143
0 0.7286388461521118 0.32182835330847276 0.04210191687305738 0.08426087891096028
10 0.3634440316364192 0.2514443187546699 0.05382282092583344 0.11844616311182729
2 0.4282342777074778 0.26333810302612404 0.03496150496239867 0.08150760523343692
8 0.6585403618678776 0.2632415795603623 0.04162888192686935 0.07410462891096029
1 0.7294329046719484 0.23796158752345722 0.06323420822938637 0.11977344468185844
5 0.37021841645877274 0.21188128981547472 0.03928513192686944 0.07396812101845249
3 0.4246512053339023 0.20322735565696 0.027801822373575646 0.06161233418674961
4 0.4735424696019259 0.19332943991429674 0.04277615901517464 0.11546537628012436
9 0.5862971807267965 0.19224581107392363 0.029473484284234176 0.06404708944842144
0 0.6537565084770554 0.17734958219119817 0.03688787799792799 0.08941111049510883
2 0.7042295434232434 0.184593663817699 0.04564429383752824 0.07667589206513994
6 0.4241010876750565 0.12413909513361629 0.03543453990858687 0.09166385523343697
11 0.4821147948709855 0.1419111530825938 0.03314429383752824 0.07594784997176514
5 0.5792252353176915 0.12450457422810324 0.030800543837528237 0.0758113420792574
7 0.6469927781217626 0.09940659271454189 0.056603218568468706 0.12795767100433508