9 0.271875 0.6921875 0.03515625 0.0484375
9 0.40234375 0.68359375 0.03125 0.0453125
3 0.2640625 0.6046875 0.0375 0.05078125
9 0.3984375 0.6109375 0.02734375 0.053125
9 0.409375 0.52421875 0.0296875 0.053125
9 0.528125 0.525 0.02734375 0.05078125
11 0.59296875 0.5203125 0.0328125 0.06484375
6 0.65390625 0.51953125 0.03828125 0.071875
3 0.34765625 0.44453125 0.03125 0.053125
3 0.40546875 0.44140625 0.02734375 0.05625
3 0.4703125 0.43671875 0.0265625 0.05625
9 0.58515625 0.44453125 0.0265625 0.053125
3 0.2890625 0.365625 0.03515625 0.05390625
8 0.353125 0.36875 0.03828125 0.07421875
3 0.41015625 0.36875 0.02734375 0.05390625
3 0.47265625 0.36875 0.02734375 0.05390625
9 0.525 0.375 0.0265625 0.053125
0 0.71171875 0.36328125 0.03828125 0.08203125
10 0.35078125 0.271875 0.0484375 0.115625
2 0.41484375 0.2875 0.03125 0.0796875
8 0.64453125 0.30078125 0.03828125 0.071875
1 0.71640625 0.2796875 0.0578125 0.11640625
5 0.359375 0.2328125 0.0359375 0.071875
3 0.4140625 0.22734375 0.025 0.06015625
4 0.46328125 0.2203125 0.0375 0.11328125
9 0.57578125 0.22578125 0.0265625 0.0625
0 0.64375 0.21484375 0.0328125 0.0875
2 0.69375 0.225 0.0421875 0.07421875
6 0.4171875 0.1484375 0.03125 0.08984375
11 0.47421875 0.16953125 0.0296875 0.07421875
5 0.571875 0.1578125 0.02734375 0.07421875
7 0.640625 0.13671875 0.05078125 0.125