9 0.7522967201325692 0.6964236073311019 0.03684772477225664 0.04864203307929138
9 0.6215278697697494 0.6870708123479539 0.03283234736759475 0.04549430718159222
3 0.7570536528020412 0.6089690591265 0.03927332032575279 0.05099941861791084
9 0.6228969076113646 0.6144372882456528 0.02919891587924912 0.05328408128389341
9 0.6089311221320022 0.5276549057320954 0.03154266587924912 0.0532977168225127
9 0.4902084039831676 0.5277452884420446 0.02911707032575279 0.050940331283893234
11 0.4252009628761749 0.5226805385402404 0.03507689364673041 0.06503464754067209
6 0.36423618102500954 0.5215447645361353 0.0407911803072194 0.07209771379745078
3 0.6678671233131285 0.4483264749157404 0.033105165879249124 0.0533068071815924
3 0.6099454959084667 0.4448651316297946 0.029308043283910835 0.056409081283893416
3 0.5449380548014743 0.4398003817279904 0.028526793283910834 0.056404536104353475
9 0.43036712331312843 0.4469447403356385 0.02841766587924912 0.05327953610435347
3 0.7237054063454202 0.3697611133812261 0.0370386977304145 0.05411078307929138
8 0.659752033750082 0.37251340865896176 0.04087302586071573 0.0744414637974506
3 0.602720783750082 0.37218161055255566 0.029226197730414506 0.054065331283893237
3 0.540220783750082 0.37181799618937095 0.029226197730414506 0.05406533128389333
9 0.48809528855940537 0.37776346916020376 0.02841766587924912 0.05327953610435347
0 0.300967310791924 0.3649584212501895 0.04114584437236992 0.0822539637974506
10 0.6587128342055688 0.27565204419758116 0.052475213972483205 0.11590680113146812
2 0.5951959712288775 0.29090433947531685 0.03403274881887377 0.0798693071815924
8 0.36597226269868977 0.30284930669061305 0.0407911803072194 0.0720977137974506
1 0.29336065271722317 0.2813374001729506 0.061877495823648765 0.11674259328594587
5 0.6487549916472976 0.23653954722264325 0.0384474303072194 0.07208407825883115
3 0.5938765186891395 0.23075263465485665 0.02710070253973811 0.060301695745273866
4 0.5444122320286506 0.22343503834384867 0.04145586841898705 0.11349941861791084
9 0.4321032049868087 0.2282492824901162 0.02874504809323426 0.06265453610435348
0 0.3637525090704926 0.21691635187015282 0.03586806733052796 0.08769089754067191
2 0.31410717313564324 0.2267817103796051 0.04477927586071564 0.07446418969514967
6 0.5879960517214313 0.1518282039366974 0.03438741288402412 0.09002555718159236
11 0.5317014117028979 0.17259015583029136 0.03227927586071573 0.07439146682251278
5 0.43363593393541644 0.16030325838781528 0.02993552586071573 0.07437783128389333
7 0.3641493239539499 0.13880953258831208 0.05514634618646852 0.12529543667008758