2 0.6717475040538945 0.7025122230563563 0.04625343709378669 0.05654540258848364
9 0.5991048908233697 0.6990617283886152 0.03195911201270896 0.04244510523343692
10 0.5359463717486462 0.7024072652909054 0.04444152110331832 0.08687764469597585
3 0.39954126744657514 0.7124130548946186 0.033562522321134394 0.044879860495108836
1 0.25884808359919925 0.7003163313441522 0.06545345048646727 0.08341871572854576
3 0.665409954947399 0.6077079572713406 0.036001729707460586 0.05048511838761662
6 0.6024696241842782 0.6235534941736308 0.033903441558013545 0.06441111049510884
3 0.5398196197200512 0.6113195337067567 0.028230140015886106 0.052373842079257216
8 0.4750713271063775 0.6130115653473751 0.03709662540538936 0.06849937101845249
3 0.2673951948011292 0.6087203655450192 0.03912672970746058 0.05066712891096028
3 0.7256695706135557 0.5277089151073787 0.03686480032431163 0.05521812101845249
9 0.6507104809219812 0.52568441254713 0.03373980032431163 0.05503611049510866
11 0.6008059383083074 0.5282409941736308 0.03706935186643925 0.0669368710184525
9 0.5335638912304068 0.5212027679217413 0.028284687093786686 0.05549884207925739
9 0.4636195840062364 0.5382012811465081 0.028271050324311632 0.054717592079257214
11 0.7069956627407622 0.44155160722898845 0.04334662540538936 0.0688633920651398
0 0.5955769216692159 0.4522322310194512 0.03639719602224041 0.07314136838761662
2 0.5323502187471167 0.4516715179217413 0.034012535713814886 0.07066111049510884
3 0.40430703936396767 0.4488965864646497 0.028284687093786686 0.05549884207925722
8 0.34180703936396767 0.4452563759977757 0.039535832791715644 0.07410462891096029
6 0.28252749675029387 0.4472669260542455 0.048075035713814884 0.07148015785015538
7 0.6522478871732169 0.34548867833214547 0.05514324188232518 0.11871917889684287
9 0.278915527189103 0.37447416816173773 0.03696025771063773 0.06068687101845249
9 0.5181632134721108 0.3095827284592024 0.027503437093786685 0.055453339448421436
5 0.46468365746575646 0.2861760495623596 0.03250458279171564 0.07369510523343692
9 0.3421365016215578 0.28528213652111944 0.032300031249588114 0.06197635523343692
3 0.6870574894466932 0.23825230198143393 0.0338625312495882 0.06206736049510884
5 0.40351828652459387 0.22485984698799336 0.03258640340856669 0.07838260523343701
9 0.3364671542193456 0.22875912073610385 0.03234094155801355 0.06432010523343701
0 0.6901903977265238 0.1494628177664495 0.039136412337020234 0.0959341262801244
4 0.4479074403401976 0.1298882522073129 0.04273869926865146 0.12345988680346806
3 0.33511711404130373 0.15141537073610384 0.03234094155801355 0.06432010523343701