10 0.7673306463103098 0.6722454775674718 0.07255543231923359 0.0762419027447093
2 0.7019284807969901 0.6796237200456244 0.040827929847775654 0.06361387061225568
9 0.7503567105310351 0.5820069224737646 0.04044592787060921 0.05423887061225567
9 0.6226455460062986 0.5958912292168245 0.03322367688202625 0.04934678213245362
8 0.5542629605310351 0.587712667854911 0.03864334733826169 0.06745192445232177
9 0.37484471596824254 0.6187450221698307 0.029412927376317732 0.05157687186589684
3 0.29856871745111735 0.6280040133943421 0.03800667737631773 0.051826924452321774
9 0.6221242811775511 0.5255105330568904 0.03166117688202626 0.04930131802583091
9 0.5538053626984819 0.518894471694977 0.029540261368706668 0.05470187186589683
5 0.4965512782118015 0.5150851615867049 0.03379667984777566 0.06340928213245363
3 0.4248991126984819 0.5226452604913483 0.031884011368706666 0.05477006802583091
3 0.30474578018896786 0.5300522467012947 0.0381021778706093 0.05417067445232178
5 0.5479917614058876 0.4338064178549111 0.033955847338261694 0.06731553213245363
8 0.4890305968811511 0.445690303906573 0.03832501235728962 0.0596394244523216
9 0.43153643186212304 0.45518497585161216 0.02875901136870649 0.05467913981258547
6 0.7195855771094877 0.3451206879131708 0.04553001730020547 0.08325878087881247
9 0.6610064145619174 0.36637957396483267 0.03344651136870649 0.054815532132453625
3 0.29841091406762593 0.37458349670129476 0.03735276136870649 0.05492919239901024
3 0.7152853962731287 0.2779786520197935 0.03363751235728962 0.05950303213245363
4 0.47196647779405965 0.2764545705996204 0.04033052273741298 0.10885817445232168
9 0.426923233231267 0.3035770117449895 0.029731262357289623 0.05938937186589692
6 0.35788673174839236 0.2985461824363875 0.03937551779449713 0.0854206744523216
7 0.2995012287826428 0.28616585438142667 0.06320960722409338 0.11498615399835055
0 0.7009735454748259 0.19548440076615226 0.041751101292594225 0.08627012061225567
3 0.6374840484405755 0.21141092913768217 0.029794929353484177 0.06095187186589692
0 0.5906408819386727 0.21355610233636263 0.03334835228117754 0.09070756802583091
1 0.5250967949805345 0.1982553627612039 0.0399949417107738 0.11977294239901033
11 0.475716218896811 0.23410794622644104 0.0326161818249421 0.0727388180258309
3 0.36383830140632506 0.23345237984996273 0.02979492935348409 0.06095187186589692
11 0.2974957184025194 0.2369471043814267 0.043553681824942014 0.07305706677218975
3 0.5814767875661606 0.1614169408161647 0.027546679847775656 0.06322742570596289
2 0.4047232865775775 0.16186688486452766 0.03886618182494193 0.07292067445232168