8 0.4071082795831332 0.6676675914439436 0.03795759783255335 0.07018250741437378
2 0.4715381941078697 0.6804660217860109 0.038229511862997965 0.05771434091247105
11 0.5370995271116752 0.6847025356261753 0.03832501235728962 0.06005809091247087
5 0.6018796101154809 0.6889072159682426 0.038484179847775656 0.06396434091247087
3 0.6696401130812303 0.6775823968046014 0.03810217787060921 0.05458934091247105
0 0.7433813606097723 0.6923253291238349 0.05332792984777566 0.06456917737631773
9 0.35029454688333866 0.5831851620904596 0.031884011368706486 0.055115922927693364
4 0.6789288828528938 0.5840552312912818 0.06622451927737191 0.09395292984777566
5 0.35669839718734986 0.5028437460828483 0.0386433473382616 0.06787059091247087
10 0.41293115114168255 0.48635392444774916 0.05059951927737192 0.0933162598858317
3 0.7266288952101835 0.5273078241809191 0.03979201186299815 0.05777800790866543
6 0.35579908346091615 0.4096839950942652 0.04061968281352524 0.07809050790866542
3 0.42510749897423583 0.4179859264249156 0.029540261368706668 0.0550204224334017
7 0.547954749962819 0.41829628562617527 0.04970552273741298 0.1096588428896375
3 0.6673440785180003 0.44585489433314346 0.03510451186299797 0.0575870069200823
9 0.43266001380298336 0.34786442741349877 0.02875901136870649 0.0549885889353046
9 0.4843989273391367 0.36484102178601086 0.02875901136870649 0.0549885889353046
2 0.5426570963124975 0.3562592006452034 0.03883434832684483 0.07255809091247105
9 0.5965315128144002 0.35923696201390987 0.029731262357289623 0.05970792243340188
9 0.6580274283277199 0.36722055836358836 0.03363751235728962 0.059867089923887826
3 0.4305828606469534 0.28361092642491564 0.02901367935348418 0.06123858893530461
3 0.604115861141245 0.288334213002493 0.029794929353484177 0.06127042243340188
9 0.6672697771488563 0.2940377263483659 0.03197951186299797 0.05745967292769345
11 0.7233924431564674 0.29945473821136404 0.043553681824941924 0.07353034190105419
1 0.32961987992432534 0.18793898767989137 0.05362636018984297 0.12931742688202616
3 0.3786330414833123 0.21419508155811187 0.02979492935348409 0.06127042243340188
9 0.5458842084795067 0.21944495015091178 0.029109179847775658 0.0635823389353046
8 0.6130080414833123 0.2237451309872706 0.03896168231923358 0.07568309091247097
6 0.725172460456673 0.21735982121516959 0.04669326927737192 0.09315709239534575
0 0.3369349728139627 0.14284932216657173 0.03975751977166349 0.09521434091247101
3 0.49498755334631034 0.16259277228030247 0.027546679847775656 0.06351867193911027
9 0.7158584688596299 0.17707040224180887 0.032138679353484176 0.06136592292769345