2 0.37409832501895296 0.7579084060434147 0.046858279625171126 0.05444345909205772
3 0.4434477185924622 0.7536815587881238 0.032568459092057724 0.04622178213245363
9 0.5125159673388209 0.7666194794795219 0.030937762932123646 0.04383256802583091
5 0.6513511468057075 0.7628532849689404 0.03991795783841638 0.057363870612255674
0 0.39156931835503533 0.6608431894295095 0.040168010424841236 0.06595762061225567
1 0.5201573196086766 0.6536564782258807 0.04466529381093611 0.08638378087881246
5 0.7199898350480828 0.6805469018202726 0.04706286810497318 0.061474709092057725
7 0.24608567062489098 0.5434247057268454 0.06938414898378564 0.10427597453146405
9 0.3896227219576745 0.5671159214828208 0.032727583465237055 0.05169053213245363
3 0.5831143091838353 0.5906994886507219 0.028889529625171127 0.053920621865896835
9 0.6384466668639673 0.587625964435827 0.028889529625171308 0.053920621865896835
9 0.7106171835570148 0.5998735633404705 0.03279577962517113 0.05403428213245363
11 0.39031539225336104 0.48361309969606614 0.03943222453146396 0.06749738855894431
3 0.5132898909997199 0.49811953206594667 0.028912261678482487 0.05470187186589683
3 0.6356649961725693 0.5188532323825157 0.03281851167848249 0.054815532132453625
3 0.45579798825501056 0.42697430628084143 0.028131011678482663 0.05467913981258547
8 0.5755110946815012 0.43670231043747665 0.03708847453146404 0.06742919239901042
11 0.28222644444407435 0.33683973660565786 0.042693616851332016 0.07227581677218975
2 0.3312406059642723 0.3312406059642723 0.04427884890464338 0.07310253087881247
9 0.39785144444407433 0.34020408049573625 0.028199207838416562 0.05702288981258556
9 0.5229878367639424 0.3485287090255508 0.028199207838416562 0.05702288981258556
9 0.5740191393503672 0.3586000424907879 0.028312868104973177 0.06092913981258556
9 0.6341071931904331 0.35800666059576114 0.02904865399835046 0.05938937186589692
10 0.697183854710631 0.3528167069139797 0.06110864773014448 0.11496342194503928
8 0.3427714878592991 0.27147080087056513 0.04285274122451135 0.07774456677218974
3 0.45409543276559194 0.28798000244077543 0.02826740399835046 0.05936663981258565
0 0.6269873634861197 0.2742765182758931 0.03526756175762476 0.08532974623907634
4 0.35035901583511764 0.18348506756361252 0.05414559389007838 0.11710258346523714
6 0.4101659248480331 0.2000564536152744 0.03379598997087001 0.08840928213245362
3 0.4581858877010145 0.21394310886726617 0.026750368104973176 0.06088367570596294
3 0.5184557979675712 0.2195997269722394 0.026818564264907252 0.06322742570596293
6 0.6799699594877692 0.2172740120076869 0.038483489970870186 0.08854567445232168