2 0.35234375 0.74765625 0.0453125 0.053125
3 0.421875 0.74140625 0.03125 0.0453125
9 0.490625 0.75234375 0.0296875 0.04296875
5 0.6296875 0.74453125 0.03828125 0.05625
0 0.37265625 0.65 0.03828125 0.06484375
1 0.5015625 0.6390625 0.0421875 0.08515625
5 0.70078125 0.66015625 0.0453125 0.06015625
7 0.23046875 0.53671875 0.06640625 0.10234375
9 0.3734375 0.55625 0.03125 0.05078125
3 0.56640625 0.57421875 0.02734375 0.053125
9 0.621875 0.56953125 0.02734375 0.053125
9 0.69375 0.5796875 0.03125 0.053125
11 0.3765625 0.47265625 0.0375 0.06640625
3 0.49921875 0.48359375 0.02734375 0.05390625
3 0.62109375 0.50078125 0.03125 0.05390625
3 0.44375 0.4140625 0.0265625 0.05390625
8 0.56328125 0.4203125 0.03515625 0.06640625
11 0.27265625 0.32890625 0.040625 0.07109375
2 0.321875 0.321875 0.0421875 0.071875
9 0.38828125 0.32890625 0.0265625 0.05625
9 0.51328125 0.33359375 0.0265625 0.05625
9 0.5640625 0.3421875 0.0265625 0.06015625
9 0.62421875 0.33984375 0.02734375 0.05859375
10 0.6875 0.3328125 0.0578125 0.11328125
8 0.33515625 0.26171875 0.040625 0.0765625
3 0.44609375 0.275 0.0265625 0.05859375
0 0.61953125 0.25625 0.0328125 0.084375
4 0.3453125 0.1734375 0.05078125 0.115625
6 0.4046875 0.18828125 0.03125 0.0875
3 0.45234375 0.20078125 0.025 0.06015625
3 0.5125 0.2046875 0.025 0.0625
6 0.67421875 0.19765625 0.0359375 0.0875