9 0.5734375 0.7457350494111783 0.03125 0.051144876670908876
5 0.45546875 0.7560811087284971 0.0359375 0.054324420671545325
9 0.3765625 0.7543817013844522 0.03125 0.04880112667090888
11 0.30546875 0.7519919507081345 0.04296875 0.05440623667249973
3 0.63984375 0.6769765060868597 0.0328125 0.05116305800445424
3 0.57890625 0.6700174340785873 0.0296875 0.04878294533736351
9 0.4453125 0.6747129300604519 0.02734375 0.05109942333704538
7 0.57578125 0.5629498214114964 0.0453125 0.09427725867281786
8 0.25546875 0.5740663980346803 0.046875 0.06538919000636341
1 0.56953125 0.48006459607731455 0.03828125 0.10591419267186346
10 0.51484375 0.475521999403224 0.0421875 0.09814714600572713
9 0.325 0.4881567173774526 0.0328125 0.05116305800445424
3 0.2703125 0.491426620703362 0.0359375 0.054324420671545325
3 0.70390625 0.4183469407622229 0.03515625 0.05665908000477256
4 0.584375 0.40992481874599634 0.046875 0.10054544000636341
6 0.51640625 0.41929018073676955 0.0296875 0.07690794533736352
2 0.32421875 0.41705387671067984 0.03828125 0.07232044267186347
3 0.26796875 0.4132743487030438 0.0359375 0.05666817067154515
9 0.6859375 0.3447003554264503 0.0328125 0.05350680800445433
9 0.634375 0.34956912141945057 0.0296875 0.054251695337363515
5 0.39296875 0.3334788553866794 0.0359375 0.07151192067154515
2 0.271875 0.3344135520369074 0.04296875 0.07159373667249973
6 0.6859375 0.26891910542645026 0.0359375 0.08479317067154524
0 0.6375 0.2613242340865415 0.0328125 0.08553805800445433
0 0.56640625 0.27143448341022375 0.03125 0.08786362667090888
3 0.5109375 0.2832890460693604 0.0265625 0.05890283267027261
9 0.4609375 0.2827072433959062 0.025 0.058884651336727066
8 0.3953125 0.26788112738699754 0.03125 0.08005112667090888
3 0.62109375 0.2142583300843143 0.02734375 0.06281817333704529
9 0.56171875 0.2065361894095874 0.025 0.058884651336727156
11 0.46484375 0.20853394672976983 0.02734375 0.07453692333704529
3 0.28515625 0.20253684337204367 0.03125 0.06286362667090888