9 0.7685924710997447 0.7587142537295863 0.03944058471887839 0.04184998530067894
9 0.6987657044066973 0.7449140253263122 0.034062762932123646 0.0446883802577247
2 0.6367430775262354 0.7580447891211222 0.04373327962517113 0.05533595318850324
8 0.5539987736861695 0.7560485198992455 0.03748327962517113 0.05500840456798421
5 0.4254562365391509 0.7617928296010408 0.039827029625171304 0.05513123530067894
9 0.7442169452354972 0.6716303335577697 0.03975883346523705 0.052787485300678935
11 0.6177681055020539 0.6689037239922598 0.03920490399835046 0.060559041723114146
9 0.5506033375553653 0.6661638263216805 0.028662209092057724 0.04674552521477082
7 0.48314305291562915 0.6532676786511011 0.049352793810936116 0.08761286465389269
3 0.41875394398185595 0.6654943617132165 0.032659387305303156 0.050075243102595125
3 0.29554376451496933 0.666837776457966 0.03959970909205772 0.04731873530067894
9 0.7464266514245611 0.5867197450231589 0.03982702962517113 0.05513123530067894
3 0.6111567411580043 0.5757302561044355 0.03116508346523723 0.05233710594746519
2 0.4236112770513817 0.5643412974888653 0.037756064264907255 0.06438340456798422
5 0.29545518481065597 0.5833668571906607 0.04485551042484133 0.0670956467660682
0 0.5464744640401157 0.4974547698992454 0.03325042069139794 0.07038774310259513
10 0.48602269734706827 0.4841458644267499 0.04346650666391767 0.09978531603337366
3 0.2892075333195878 0.5026933893028364 0.039045779625171126 0.05509029172311415
3 0.7270137587089817 0.42891056704942637 0.036792957838416386 0.058092460990419426
1 0.5301698509497074 0.3928524790806425 0.040727951570210405 0.11290279172311397
3 0.48652515102884963 0.42098744515944453 0.028199207838416562 0.057642081637205855
9 0.2993661318285198 0.42287973654387434 0.03741508346523714 0.05266465456798421
6 0.7205615187381115 0.341205849161602 0.045423811757624756 0.0866268967660682
3 0.47200199828414036 0.3508010979184065 0.028980457838416563 0.057683025214770645
9 0.36329458801758363 0.3412036906368888 0.028912261678482487 0.055339275214770646
9 0.7102401326864496 0.2813804698083883 0.03288670783841656 0.057887743102595035
3 0.6438793467930722 0.2794627657153739 0.03139240399835046 0.06014960594746528
6 0.5256832762599588 0.26546778550307765 0.03223348997087001 0.08905585594746528
8 0.6339527658351176 0.20639707993972514 0.03363686559769086 0.08366899310259504
4 0.5272026606622682 0.18364125339090198 0.03930184389007838 0.11750840456798431
11 0.41285901583511764 0.19481004748886527 0.033477741224511345 0.07820024310259503
0 0.29266017610167433 0.19241098654387434 0.04323918613080417 0.09197281603337357