5 0.3951807470532992 0.7168665922231704 0.038736498100139016 0.05487159057054054
2 0.5311909822356603 0.7263229830413801 0.03641093189572917 0.055543678659881836
0 0.6014307470532992 0.7264728403611436 0.037173998100139015 0.05479881596343468
9 0.2741220582237158 0.6456743347795724 0.039226807370694415 0.04240797787409356
9 0.3355862350854519 0.6376114317602537 0.032377395326597204 0.049892992142117266
4 0.395160603626563 0.6154132541338292 0.05352634992375007 0.08677656203449331
7 0.45308220640010466 0.6227934145967459 0.04872974715020835 0.08187073821317573
3 0.6502117795383686 0.6429005150920839 0.03237739532659738 0.049892992142117086
11 0.7130566184442019 0.6270978866798712 0.044332534669270986 0.060595051695410976
9 0.3301700768410768 0.539028382546042 0.03639274810013893 0.05476242865988183
6 0.39650359165871574 0.5389963033480409 0.03915472539871532 0.07284034057054053
3 0.5866200985925699 0.5595571681114027 0.02852569671336802 0.05205480562435252
9 0.2670693583762157 0.4767787855653606 0.03868194671336811 0.05252784057054054
9 0.3293875204203129 0.4718772698495949 0.03250468189572917 0.05536174214211727
5 0.3986823810776393 0.4649594898658055 0.037483122625173594 0.06808006596343467
8 0.4595107783040976 0.463110199542934 0.034267203647222286 0.06402826674922295
6 0.7046232565526045 0.46594206285855366 0.04000871058107638 0.07600172787409357
0 0.2765515015186114 0.38123084511865457 0.04703996058107647 0.07632921360606985
3 0.33223845706569477 0.3931893436709125 0.03250468189572917 0.05536174214211718
1 0.39904409735829893 0.3799124017764644 0.04782186379145843 0.10992296360606986
3 0.5068929649494794 0.3864963496667685 0.02781718189572917 0.0551434183207995
9 0.33585245991548635 0.31375655479578296 0.028707534669270895 0.05986730562435252
11 0.5651762840036808 0.308829422040344 0.032904725398715404 0.07254924214211718
3 0.6193189233463544 0.32149639598549606 0.02865298328249999 0.05752355562435252
3 0.28372560904180577 0.2535788800648426 0.0341762846692709 0.06012201674922295
8 0.38365287385944463 0.2551114549196175 0.036810975398715404 0.07273117865988184
3 0.5092886534947224 0.254719810791639 0.027926284669270985 0.059830918320799495
9 0.6147574034947224 0.2596320967712844 0.02781718189572917 0.05514341832079959
10 0.6852329044446529 0.23638084139460086 0.0511287017473613 0.11788101282028159
9 0.2744584053945835 0.19071500702931332 0.03270470364722229 0.06395549214211718
3 0.33681293502986126 0.18737599131354762 0.03265015226045147 0.061611742142117176
2 0.507633928096007 0.18362606079163898 0.029198497150208523 0.08096105562435252