4 0.6952305550951744 0.7322343145687773 0.07005209437236992 0.08281304734245402
9 0.4145981139881817 0.7401853639401846 0.0343130018140986 0.04335055800445424
3 0.6936259042768678 0.6440076085694135 0.04005457032575279 0.05122669267186346
3 0.6148833453838602 0.6402382659134584 0.03458582032575279 0.05116305800445424
9 0.5495311638955146 0.6331893819223672 0.03156994773041468 0.054251695337363515
7 0.20963285019318367 0.6387063219685014 0.07266866288402421 0.09065281934277233
3 0.6851264127143881 0.5519564685710044 0.03935516587924912 0.05356135200509069
3 0.6275594493748771 0.5455979279121859 0.034694947730414503 0.05428805800445424
9 0.4864706579050647 0.560515497931276 0.03146082032575279 0.05112669533736351
11 0.4168575623515684 0.5636683172740482 0.03742064364673041 0.06525283000477256
9 0.2168575623515685 0.5659955279678651 0.04258929328391083 0.056722714672181596
11 0.6157167030030741 0.4598331505808676 0.040682052902557685 0.06919544267186346
9 0.5522444800449161 0.4660382445894581 0.03165179328391084 0.05659544533736351
8 0.4965301933844272 0.4737149319303214 0.03803820253973793 0.06057442067154532
3 0.42616312968209635 0.4760955919398665 0.029226197730414506 0.05422442333704538
3 0.2952132300449161 0.4690290739576838 0.03712054328391083 0.05665908000477238
6 0.22409219819375065 0.4706375746340015 0.0509474303072194 0.07243862133990878
5 0.6864136381196169 0.3809172625716407 0.0446974303072194 0.07236589600572704
5 0.49899548367311314 0.3807552725970941 0.035322430307219224 0.07225680800445433
2 0.4353595696079626 0.3916478666056846 0.03782987141421188 0.07697158000477247
10 0.2307539151614589 0.3916858713001379 0.06227679990733277 0.10615055000795418
9 0.5498883502780016 0.3098791512571853 0.02866320253973793 0.06046533267027261
9 0.4294394410221745 0.3151853639401846 0.029226197730414682 0.05422442333704529
1 0.3071378550873251 0.306456348623502 0.05543652286549072 0.11153748400699967
9 0.6697395480084163 0.25460021057450427 0.03329613883740699 0.058957376670908876
2 0.49283230762706304 0.24416379193191223 0.033759930307219396 0.07223862667090888
0 0.43752724873405563 0.24012172927277553 0.03444197658635506 0.09176987667090888
0 0.26112843984104817 0.23748871996341075 0.045379476586355064 0.09189714600572704
6 0.6135838064459367 0.16310360124923112 0.03834822658635506 0.09181533000477252
3 0.5018005690598084 0.18861322593095772 0.02874504809323426 0.06280908267027252
8 0.3311706105296207 0.1773228319541839 0.04477927586071564 0.07470964600572705
3 0.26697170127379355 0.18197451662954717 0.03733879809323426 0.06290908000477251