4 0.27890625 0.740625 0.0671875 0.08203125
9 0.559375 0.7453125 0.0328125 0.04296875
3 0.28359375 0.65234375 0.03828125 0.05078125
3 0.3625 0.64765625 0.0328125 0.05078125
9 0.428125 0.63984375 0.0296875 0.05390625
7 0.76796875 0.64140625 0.06953125 0.08984375
3 0.2953125 0.56015625 0.0375 0.053125
3 0.353125 0.553125 0.0328125 0.05390625
9 0.49375 0.56640625 0.0296875 0.05078125
11 0.56328125 0.56875 0.03515625 0.06484375
9 0.76328125 0.56875 0.040625 0.05625
11 0.36796875 0.4671875 0.03828125 0.06875
9 0.43125 0.47265625 0.0296875 0.05625
8 0.48671875 0.4796875 0.0359375 0.06015625
3 0.55703125 0.48125 0.02734375 0.05390625
3 0.68828125 0.47265625 0.03515625 0.05625
6 0.759375 0.4734375 0.0484375 0.071875
5 0.3 0.3890625 0.0421875 0.071875
5 0.4875 0.38671875 0.0328125 0.071875
2 0.55078125 0.396875 0.03515625 0.0765625
10 0.75546875 0.39453125 0.05859375 0.10546875
9 0.4390625 0.31640625 0.0265625 0.06015625
9 0.559375 0.3203125 0.02734375 0.05390625
1 0.68203125 0.31015625 0.0515625 0.1109375
9 0.32109375 0.2625 0.03125 0.05859375
2 0.4984375 0.25 0.03125 0.071875
0 0.55390625 0.2453125 0.03125 0.09140625
0 0.73046875 0.240625 0.0421875 0.09140625
6 0.38046875 0.1703125 0.03515625 0.09140625
3 0.49140625 0.19453125 0.0265625 0.0625
8 0.6625 0.18125 0.0421875 0.07421875
3 0.7265625 0.18515625 0.03515625 0.0625