1 0.24857577736247727 0.29129486756703565 0.08868844301173802 0.2047458498097196
2 0.4224570126631562 0.3225727479856526 0.063043311849502 0.14679142836490086
2 0.6017991904097462 0.7568310483662135 0.07479968340079957 0.16286209733826168
5 0.4353853013340524 0.0634666449909235 0.06300569029820444 0.126933289981847
5 0.49932712912607097 0.4149565661607106 0.06818451322898297 0.14076426285158128
3 0.297933883987311 0.7699955291260225 0.06896908525525039 0.12598417984777582
3 0.33516173055098053 0.33004434977253855 0.05885710085908258 0.1115396778706093
3 0.4188760685197644 0.5231457509514021 0.05688184305716657 0.11847542737631774
3 0.49175140377501486 0.6438774036131405 0.06379026232447202 0.11641817885919252
3 0.49907706637205784 0.24585639768164141 0.059310802238563554 0.10532151136870649
3 0.5176422806418376 0.1519326427387256 0.05651335085908258 0.11144417737631773
0 0.41069623982323467 0.1429807484799442 0.05942366689245624 0.1521010108744149
0 0.6743038749421995 0.5119549470736191 0.07657022331489127 0.15202009783255335
10 0.6593417797373264 0.12188836258693876 0.06706574852966192 0.17891817885919248
8 0.802989876185395 0.7564623393552342 0.08195376413349394 0.1654923488211363
8 0.6670325282669884 0.2985145295831331 0.06728043249628843 0.138388679353484
6 0.6647064676606818 0.4035203645641051 0.06349701322898298 0.14057326186299815
6 0.821964610470021 0.11761074498272203 0.07624267469437243 0.1457700978325532
11 0.8079563421526554 0.06057777244379091 0.06259625452255549 0.12115554488758182
7 0.8571462731786056 0.37062565703600053 0.08877033016686794 0.20630834980971963
9 0.5920037935321364 0.061998709430908794 0.05651335085908258 0.11144417737631773
9 0.7338028691764483 0.13842726376580233 0.05626768939369349 0.10675667737631774
9 0.7576132626631562 0.30891617730195564 0.05450047150586883 0.10278676038012335
9 0.7634715162812007 0.40575934380385836 0.0589799315917773 0.1138834278706092
9 0.7842255088179689 0.6374404253247892 0.06465339947960161 0.11801251235728963