3 0.7204164831855909 0.67578125 0.03940864532659738 0.0484375
3 0.45364655727378533 0.66015625 0.02852569671336802 0.05078125
9 0.3754306382958339 0.65625 0.036156358757465326 0.04296875
9 0.2432357341355214 0.64921875 0.04420524810013902 0.053125
6 0.6499565531897227 0.56875 0.039935975398715226 0.07109375
9 0.37984407494121575 0.57734375 0.03250468189572917 0.05390625
10 0.3113479948690977 0.5546875 0.06291953371934031 0.08515625
8 0.24988381800736156 0.565625 0.05683253466927081 0.05859375
5 0.5827677467689588 0.5015625 0.037483122625173594 0.06640625
8 0.38556543844833374 0.4875 0.03681097539871532 0.07109375
3 0.25878473290125037 0.478125 0.03951774810013893 0.053125
4 0.7142339926848962 0.41015625 0.06326502583555574 0.1
0 0.6441396982319795 0.41953125 0.040135997150208526 0.0796875
11 0.575098757502535 0.40703125 0.03441267401194459 0.06875
9 0.5150879778672574 0.41328125 0.028580248100139018 0.053125
6 0.3928856695466323 0.39921875 0.037719511967847286 0.0765625
3 0.32818738991135454 0.40546875 0.03646548328249999 0.05625
9 0.6344360834905907 0.33828125 0.03255923328249999 0.05625
9 0.39753549553468776 0.33046875 0.02874390226045147 0.06015625
11 0.3335457307170489 0.33359375 0.042279725398715315 0.07109375
2 0.2755150251699655 0.32421875 0.03784679853697916 0.08203125
0 0.6270398511580211 0.25546875 0.033286585106111134 0.0875
5 0.574823387727153 0.2609375 0.03297746058107638 0.07421875
9 0.522479637727153 0.2609375 0.02640015226045147 0.06015625
7 0.4579261752462155 0.23984375 0.04026393692972228 0.11875
1 0.3272755872903127 0.23203125 0.05597985590767376 0.12265625
3 0.4069260664887501 0.196875 0.028017203647222287 0.0625
3 0.34208231648875015 0.196875 0.03270470364722229 0.0625
3 0.6337054656150696 0.1390625 0.028798453647222288 0.0625
3 0.453854311454757 0.13203125 0.028017203647222287 0.0625
2 0.35036563554295147 0.11640625 0.03310474715020835 0.0796875
9 0.2902639369297223 0.11875 0.03655640226045147 0.06015625