3 0.2623066371929446 0.6767595148871962 0.0421255018140986 0.044860889784752264
3 0.5157044557045989 0.6963615012383451 0.0288442518140986 0.04424230562435252
3 0.5805482057045989 0.6993816474332382 0.0288442518140986 0.04424230562435234
0 0.6460913601511026 0.7000944309316841 0.040163697730414505 0.05568922787409356
2 0.2567981924577549 0.5860253529765374 0.057514888837407165 0.06117724855225788
9 0.5182168420949352 0.5896213496667685 0.03146082032575279 0.05216396753501122
11 0.7139112880112511 0.6096556755550007 0.04267113883740699 0.060485889784752264
9 0.3881449069783925 0.5055652191876412 0.03294147477225655 0.049892992142117266
3 0.44943707104354297 0.5185596788647696 0.02911707032575279 0.05205480562435252
4 0.6387351840202344 0.5117767936281312 0.05475447658635506 0.09380781203449332
8 0.6935863751272271 0.5190114048768363 0.04310764845605384 0.07298588978475244
9 0.2662128540758348 0.4312479617440431 0.03771082032575279 0.052455065963434674
1 0.3150223763083534 0.42182161186787753 0.06173116288402421 0.09257279776646961
10 0.3801017392850448 0.4092531453663236 0.059042672502671145 0.10492724855225788
9 0.5061111677781657 0.44398136393479215 0.028444947730414682 0.0551434183207995
6 0.5658036263083533 0.4335019363083677 0.033841775860715725 0.07567424214211708
3 0.6962450944571879 0.4387973660017067 0.034694947730414684 0.05543451674922295
9 0.32070689191744994 0.3612479849034068 0.0331324477304145 0.05536174214211718
9 0.5705432008104574 0.36820442204034404 0.026882447730414503 0.055070643713693725
9 0.4531622386520726 0.2901992384180635 0.028444947730414505 0.0551434183207995
0 0.5574677927357566 0.28413763709415596 0.03263393992586625 0.08575771753501123
6 0.6223115427357566 0.287157783289049 0.038102689925866254 0.08601242865988183
9 0.2686756220471841 0.21140849669023112 0.03477679328391083 0.05777826674922304
5 0.4505158990890261 0.21441798841806348 0.03373264845605402 0.07254924214211708
3 0.5527778035355299 0.21684097518349715 0.02710070253973811 0.06132064371369372
5 0.6189657987262065 0.2136838959854961 0.03548612141421188 0.07809076674922295
3 0.6718279038983496 0.23096559532354233 0.03329613883740716 0.060049242142117175
11 0.38890378729346103 0.14759005334804093 0.035486121414211966 0.078090766749223
8 0.4447718413771451 0.1392724392038518 0.037748025860715725 0.07585617865988178
2 0.499060037293461 0.15272066314900384 0.03020834437236992 0.08330480562435252
3 0.5554737284004536 0.16002804900481474 0.02718254809323426 0.06366439371369373
7 0.6736954495445131 0.1280953064484128 0.056145850995791946 0.1336515620344933