3 0.3234375 0.73203125 0.0359375 0.0453125
11 0.51953125 0.7359375 0.03515625 0.053125
3 0.58984375 0.72109375 0.03125 0.04296875
9 0.66484375 0.71484375 0.0359375 0.03984375
9 0.2546875 0.646875 0.03828125 0.04296875
8 0.5875 0.62421875 0.0359375 0.06640625
3 0.25703125 0.5578125 0.03828125 0.053125
9 0.3890625 0.553125 0.0328125 0.053125
9 0.5234375 0.56015625 0.02734375 0.053125
6 0.72734375 0.528125 0.05078125 0.06640625
3 0.2671875 0.46875 0.03828125 0.053125
6 0.3890625 0.459375 0.0375 0.06875
9 0.51875 0.46015625 0.02734375 0.05078125
4 0.57421875 0.4546875 0.046875 0.09609375
3 0.64140625 0.46171875 0.0328125 0.053125
3 0.2640625 0.39453125 0.0375 0.05390625
2 0.32421875 0.3890625 0.046875 0.06640625
9 0.45625 0.38203125 0.02734375 0.053125
5 0.5203125 0.38046875 0.03125 0.06875
5 0.64296875 0.371875 0.0359375 0.07109375
3 0.6953125 0.38515625 0.03515625 0.05390625
1 0.4515625 0.2796875 0.0421875 0.11640625
7 0.5046875 0.290625 0.03828125 0.1109375
0 0.63359375 0.28984375 0.0359375 0.084375
10 0.70234375 0.28125 0.05859375 0.115625
8 0.334375 0.24375 0.03828125 0.07421875
11 0.57109375 0.21875 0.03125 0.0765625
0 0.62578125 0.2109375 0.03515625 0.08984375
9 0.68125 0.22734375 0.0296875 0.06015625
3 0.27734375 0.1765625 0.03515625 0.06015625
2 0.39375 0.1609375 0.0375 0.071875
9 0.44140625 0.1625 0.0265625 0.06015625