3 0.3063992835319091 0.7395593413743753 0.03699216014423614 0.04614895459715278
11 0.5024021145539578 0.7480297240675352 0.03639274810013902 0.05394327080156245
3 0.573060106670173 0.7348225156706603 0.03225010875746541 0.043696101823611146
9 0.6482055770348951 0.730318160047327 0.03686487357510408 0.04068020459715278
9 0.23963131725124948 0.6528029173624308 0.03928135875746532 0.043859755983923596
8 0.5729711473233675 0.6378929642838893 0.037483122625173594 0.06724270459715279
3 0.24404801994854122 0.5637949687492017 0.03951774810013893 0.0540160059839236
9 0.37618837272208283 0.5621805302039586 0.03404899810013893 0.05388871941479181
9 0.5103997185617704 0.5723393930454865 0.028580248100139018 0.05376143284565984
6 0.7150515041809717 0.5450541136945493 0.05232687262517359 0.06758819671336802
3 0.2562772226458329 0.4749688580918752 0.03951774810013893 0.0540160059839236
6 0.3783704281929163 0.46843053020395864 0.0391001740119445 0.06962282218833345
9 0.5080397443973259 0.47223029027194485 0.02852569671336802 0.05141768284565984
4 0.5636357809664579 0.46805258975885466 0.049111606857604254 0.09718477773541671
3 0.6306596268061455 0.47664764617961863 0.03404899810013902 0.05388871941479181
3 0.2548796832269094 0.40067737290951405 0.03875468189572917 0.054779072188333444
2 0.31516321979604134 0.3966087751699655 0.04842062262517359 0.06749727773541672
9 0.4473581239563538 0.39265058662472263 0.028580248100139018 0.05376143284565975
5 0.5114569915475344 0.3925791578631254 0.03285017401194459 0.06947735182361114
5 0.6343132632990274 0.38684026377079916 0.03759222539871523 0.07193020459715278
3 0.6863478887739928 0.4013398280753478 0.03641093189572917 0.05472452080156245
1 0.44505270117868034 0.2901977338511809 0.04489688554295164 0.11738817496187508
7 0.49792312804041644 0.30237173195131983 0.04086334897381949 0.1118285059839236
0 0.6268475618360068 0.3045908082237158 0.03790134992375016 0.08521145459715278
10 0.6957975835874997 0.2975972322356603 0.0612849517473613 0.1169887846692708
8 0.32870165577583316 0.2515326645126391 0.04000871058107638 0.0751097559839236
11 0.566002287234722 0.23204235457649353 0.0330320119678472 0.07728985182361114
0 0.6208716251906248 0.22550272026781304 0.03724738649288213 0.09066202080156253
9 0.6759585154832289 0.24320001975472277 0.03108765226045147 0.06084723423243057
3 0.27323421219659705 0.18301774743454885 0.03655640226045147 0.060974520801562536
2 0.3900041381084026 0.17010213297750032 0.039172909194305564 0.07274782218833335
9 0.43762402051722205 0.1727738445085073 0.02796265226045147 0.060774499050069465