0 0.6451344425615121 0.6504562576349123 0.046121405472495526 0.0616567518140986
9 0.4368715632082985 0.6663069800449162 0.03222600180902226 0.04947421034428636
8 0.3670913297166418 0.6586060966498046 0.03941770409301446 0.06766121515360979
0 0.699761066826343 0.5604289691603249 0.05191770409301455 0.06809772477225647
7 0.4993892526019918 0.5596279049098399 0.04553822930778519 0.09516865626060209
3 0.3076145104039079 0.5733432084453697 0.037817582541716986 0.05200893330244423
3 0.7033165140219525 0.46282728286265573 0.0403251068519765 0.055215778855940555
1 0.6368250548405554 0.45189227206288257 0.06149077792830404 0.10196429328391084
9 0.5774157553155252 0.48437987904912416 0.0301688568519765 0.05486111479078985
6 0.5107605218238687 0.4765698682493511 0.03657930913596843 0.0730208377489479
4 0.3737142232033496 0.4875941922033009 0.05569447930778511 0.0955233203257528
2 0.24821957824630378 0.4865178202409348 0.046571784825709096 0.0702505018140986
3 0.6905542424252264 0.39386895173712977 0.0387626068519765 0.0551612151536097
3 0.5710229924252265 0.3980430749654402 0.0325126068519765 0.05494296034428627
9 0.32526011307201286 0.41520332623138456 0.034197937584671045 0.05734127404661713
8 0.26974709746818065 0.4031051195152954 0.041266809135968606 0.07318452885594055
11 0.33840192220798143 0.34300094401739945 0.03966336555840373 0.0723487151536096
5 0.26689541440606535 0.3384796243246188 0.04439180913596861 0.07329365626060227
10 0.6987839015157665 0.23683770173712976 0.06675148801421234 0.1130654843909034
3 0.5180318684990798 0.26342502750517816 0.02963326831736559 0.05952133293962456
3 0.45043161069716364 0.25876729855657044 0.029715155472495525 0.06108383293962447
9 0.3929090377663852 0.27013387369164665 0.02963326831736559 0.05952133293962456
9 0.3451266350074232 0.2593253484639032 0.03432076831736568 0.05968502404661713
3 0.6334355404799187 0.18921122278852198 0.03061923620519007 0.06345486479078999
11 0.5796521212126132 0.18874992051893652 0.033699970601357876 0.07759921034428627
5 0.5177253312985215 0.17999496861217074 0.033577139868663154 0.07525546034428628
9 0.4593396212126132 0.19295132559841238 0.02963326831736559 0.05952133293962456
9 0.691190486771017 0.11389127505810745 0.034648316937884616 0.06593502404661714
3 0.6335860266851088 0.12682035019318366 0.03296298620519007 0.06353671034428628
9 0.4048026074178034 0.13247018258465407 0.02983798620519007 0.06342758293962455
6 0.34780897896910085 0.11886403957089571 0.040850729307785105 0.0950049651536097
2 0.2960450831075438 0.13938735989664855 0.0442280348257091 0.07016865626060227