6 0.2031959260531687 0.6732404851128038 0.05841668758467104 0.058833498552257876
3 0.2759340632082984 0.6682939658823814 0.04003850180902226 0.05018409057054054
3 0.34263024027752 0.6745396577768296 0.033788501809022264 0.049892992142117086
9 0.46289847467368767 0.6549099003332315 0.03247166327441153 0.05450771753501123
7 0.5293423462249851 0.6362283668347855 0.049734406377006476 0.08648546360606986
3 0.597931893940993 0.6509586468185748 0.033788501809022264 0.049892992142117266
1 0.6816451526474203 0.6299140926419644 0.06211157564431211 0.08472391046291676
9 0.21173212234426703 0.5995846612914862 0.03872166327441153 0.05479881596343468
9 0.33722344527504555 0.5843876927230177 0.0325126068519765 0.055288967535011224
3 0.4719259938955645 0.5718790765119139 0.032348832541716985 0.05216396753501122
2 0.6738946076449459 0.5398712894988112 0.04579053482570909 0.07071491439185813
3 0.21261627091935748 0.5083603478092509 0.0403251068519765 0.05565284057054054
9 0.40447290027257116 0.49085170843878334 0.032348832541716985 0.05216396753501122
9 0.47379943238474675 0.4915194884225727 0.0325126068519765 0.055288967535011224
9 0.5282788924706551 0.4780712644774206 0.030291687584671045 0.05752355562435252
11 0.5943542718238686 0.4664209809789746 0.04155673620519007 0.06428297787409357
8 0.22139812867584507 0.4300170239879333 0.05035520409301446 0.06858948821317572
6 0.3590585809598372 0.4056804958661708 0.03682497060135788 0.07809076674922295
9 0.4141178951841885 0.4109094973139128 0.0301688568519765 0.05517980562435252
3 0.6007957016066235 0.40299418176476287 0.032635437584671224 0.05763271753501122
8 0.6646911052700968 0.3883280601769757 0.041266809135968606 0.07362159057054055
9 0.24461097863041656 0.343987478702663 0.03900826831736568 0.060267565963434674
5 0.47055600294067607 0.33034654797586666 0.03497586555840364 0.07254924214211708
2 0.4166740863869042 0.25803920843878336 0.03966336555840364 0.07276756596343467
10 0.5454951272055071 0.23879044065610305 0.048288093057166394 0.11837116439185813
4 0.5975080065587207 0.22779512862160978 0.04890556874690706 0.11528255169541106
11 0.3599980404799187 0.19443478081235885 0.03526247060135788 0.07801799214211717
3 0.5298601611267049 0.19509609863782043 0.028152655472495524 0.06132064371369372
5 0.6506230404799187 0.1808987038906694 0.03916872060135788 0.07819992865988175
3 0.48823258310754375 0.12689406224389027 0.028152655472495524 0.06132064371369372
0 0.5331732688831925 0.11700748594137333 0.03213414857509065 0.09267980562435252
0 0.5975633175037116 0.10777372705003319 0.03616322930778502 0.09520549214211718