9 0.3062830583635884 0.6637596569678514 0.040350427376317735 0.05189512061225567
9 0.5031089788198239 0.6760226615867049 0.029317426882026255 0.04923312186589683
8 0.5670123113293378 0.670252383215175 0.03760742935348418 0.061179192399010415
5 0.6339915642950874 0.6823826586837111 0.04047776136870666 0.055020120612255675
9 0.29860320954245195 0.5904585492877195 0.040254926882026074 0.049551370612255854
4 0.37025537505577155 0.5828984503830761 0.061282351292594406 0.08683842194503928
2 0.5048213760443547 0.5836760372135256 0.03551834733826169 0.06736099623907635
9 0.6382705460062986 0.5954365881505976 0.03166117688202626 0.04930131802583091
1 0.710162792051966 0.574572507192643 0.062159101786885884 0.08920490399835046
3 0.7649285465005903 0.5940977455141605 0.03947367688202626 0.049528638558944495
6 0.30340877326888566 0.4972397467012947 0.04967634783255317 0.07011392319868044
11 0.4360939392764968 0.4902502976383668 0.03535917984777566 0.06345474623907635
10 0.5635968567669828 0.4904512229486183 0.0421012697716634 0.09486387061225568
2 0.6291409437251211 0.505751962523777 0.04489334733826169 0.06763378087881229
11 0.31272542345916604 0.41875103384831325 0.04489334733826169 0.06763378087881247
9 0.38251134144394366 0.42297788110360396 0.03500901136870649 0.054860996239076344
3 0.5074158409496521 0.41699700257378947 0.029540261368706487 0.05470187186589683
5 0.6262931749420408 0.41666673047046565 0.037862097338261694 0.06742919239901042
3 0.6885530944096931 0.42815214825886977 0.03500901136870649 0.054860996239076344
0 0.7575113414439436 0.41206649551416047 0.049899182319233584 0.07558267319868044
9 0.3227278231551549 0.33789583894202047 0.03344651136870649 0.054815532132453625
9 0.38355257661519604 0.3525517208370473 0.03344651136870649 0.054815532132453625
3 0.4348922421285156 0.34558265531849874 0.02963576186299797 0.05704562186589692
3 0.5595884945999735 0.3536870088419956 0.028854511862997968 0.05702288981258556
3 0.6249269931170989 0.34474626636384303 0.029635761862998145 0.05704562186589692
3 0.3276116413302129 0.2657935184089071 0.03363751235728971 0.05950303213245363
8 0.44248722482831016 0.26323315657214 0.03805309832684482 0.07211669239901033
9 0.5566598127750316 0.28181200884199564 0.028854511862997968 0.05702288981258556
6 0.43614704152049333 0.18441783478538537 0.03341201927737192 0.09227006802583096
0 0.4998102934976597 0.19195153846716678 0.03491085228117754 0.09075303213245363
3 0.6089133794672148 0.20129178305689047 0.02989042984777566 0.06329562186589692
7 0.6704636917107738 0.09938229057873785 0.056910527680328823 0.13275031551854846