4 0.7171641966164589 0.6866415484400701 0.06428201196784719 0.07801720364722228
8 0.642109645229688 0.6825521540634033 0.03739220364722229 0.06333645459715279
2 0.445943160047327 0.6748630213702433 0.039335910144236055 0.046203505983923775
9 0.3851329466164589 0.6789134353142018 0.036283645326597294 0.049255770801562446
10 0.3139664614340978 0.6741337099154864 0.05953996058107647 0.07556435087368066
11 0.771923125378056 0.62388828172257 0.048238784669270986 0.059684777735416715
11 0.7147282212177435 0.6155296146444798 0.046676284669270984 0.05964841014423605
1 0.6466140008530213 0.6076976244281255 0.05823203371934031 0.08646548328249999
9 0.5854946628971186 0.5984667883720839 0.03074216014423605 0.04600348423243048
9 0.51449183187507 0.6007183129733684 0.028471145326597204 0.04907393284565984
3 0.45662478048829913 0.5970289620996878 0.028471145326597204 0.04907393284565984
9 0.6955586874984032 0.5299733211414936 0.032377395326597204 0.04916485182361115
3 0.6354388050895837 0.5301356688810422 0.03243194671336802 0.051508601823611146
3 0.5738291578631255 0.5333866490294102 0.03086944671336802 0.05147223423243048
0 0.5156893495425005 0.5179785481557296 0.03279562262517359 0.06713360182361114
0 0.3926876074262851 0.5002799422480558 0.037446755033993105 0.06568020459715278
8 0.31923192363069486 0.4977894154625696 0.0445689240119445 0.06975010875746541
6 0.6355823158231602 0.43565897026781303 0.039100174011944586 0.06962282218833345
9 0.5232459699834726 0.4400717537028129 0.027798998100139017 0.05374324905006951
3 0.6369980390376739 0.36229420545017416 0.030996733282499987 0.05694098423243057
7 0.5248065103523267 0.3393814226807643 0.04066332722232637 0.10323475598392369
5 0.3937201645126392 0.3433577950215976 0.0375376740119445 0.06958645459715278
5 0.3382514145126392 0.34206674553468774 0.0375376740119445 0.06958645459715278
9 0.5681739974345488 0.2904178990294102 0.026363784669270984 0.05917563145888884
3 0.5228614974345488 0.289363238885174 0.026363784669270984 0.05917563145888893
3 0.33928593123013917 0.28587129692145863 0.03255923328249999 0.05697735182361115
9 0.5712795072181946 0.22255825180295186 0.02645470364722229 0.06308188145888893
6 0.5164283530578822 0.2142541361116324 0.03172408510611113 0.08819098423243057
3 0.40487325721819456 0.21868510334222258 0.027926284669270985 0.059211999050069505
9 0.3498402651019793 0.20256848765090307 0.03114220364722229 0.06319098423243057
3 0.6246395901401043 0.16679986749427136 0.028743902260451294 0.06079268284565975
2 0.4032185318194793 0.14759135334222256 0.03766496058107656 0.07505520459715279