9 0.647521453153056 0.7494951174494489 0.031005959092057722 0.04669521753501123
5 0.5111664160060375 0.7556273393276862 0.03670202962517131 0.05476242865988183
9 0.44466923779279205 0.7494094185256873 0.02852581677218957 0.04189855562435252
7 0.3791124339527261 0.7486966350272414 0.05528454506457736 0.07669308664159917
3 0.697660193981856 0.676151816787495 0.03734688730530315 0.050111315963434676
5 0.3780380157686106 0.6581444096343472 0.04226170783841656 0.058142139784752266
10 0.30586749907556315 0.6446405277074778 0.06667668613080417 0.09282750889134021
3 0.7684607757977405 0.5889472233214704 0.03975883346523723 0.05256422787409356
9 0.7006738822242312 0.5920315279123656 0.03670202962517113 0.05476242865988183
9 0.504307347584495 0.5735233147205804 0.028753137305303156 0.04971105562435252
1 0.6243039473470683 0.48782987137839023 0.04112275666391767 0.09943922787409357
9 0.3784829819868043 0.48574287075921774 0.031096887305303154 0.04982021753501122
8 0.31430682172024765 0.4788528618678775 0.04496917069139794 0.07075130169541097
9 0.6162126510288497 0.42425752294996677 0.028199207838416562 0.057487168320799496
0 0.5677296869222269 0.4204390101296852 0.033477741224511345 0.07801799214211727
6 0.4475081151354724 0.4179603653825342 0.033568669437756785 0.08114299214211709
8 0.314672883082161 0.41099327377853634 0.04496917069139794 0.07075130169541115
3 0.6218883380175837 0.3511838959854961 0.031256011678482486 0.055288967535011224
9 0.5656383380175837 0.34856401012968524 0.028131011678482486 0.05514341832079959
3 0.4947491764973858 0.35228401550636873 0.02670490399835046 0.05975814371369372
3 0.44851903417751765 0.3454496645967459 0.02826740399835046 0.059830918320799585
2 0.3860190341775177 0.3425386803125116 0.03793792069139803 0.07042381596343468
6 0.3201667136444043 0.33166964681406563 0.04457436559769077 0.08399616439185813
11 0.7240214878592991 0.29508590735803564 0.04034986685133202 0.07287672787409356
3 0.6158907391129403 0.2791269594677314 0.02904865399835046 0.05986730562435252
3 0.5592686660725444 0.29053318630836766 0.02826740399835046 0.059830918320799495
0 0.4945469365265156 0.2648931774170275 0.032165293810936114 0.08653896753501131
4 0.4403679018867795 0.2530074534718755 0.04541545157021041 0.11290241439185814
9 0.32625157759274237 0.2726585198495949 0.03139240399835055 0.05997646753501131
3 0.722734121007967 0.22402854466158856 0.03295490399835046 0.060049242142117085
2 0.5514130504748537 0.20824722518349717 0.02973061559769068 0.08330480562435252
11 0.39143865690134444 0.2070378279551468 0.03340954506457736 0.07567424214211708