9 0.5677202928864993 0.694122801331963 0.032659387305303156 0.04971083992388792
9 0.360939095472924 0.7111524283277199 0.03741508346523714 0.05224559091247105
3 0.6859725362225817 0.5915323591268976 0.03663383346523723 0.05221375741437377
2 0.5571344823825157 0.5991286363129349 0.034699260424841324 0.0661807569200823
8 0.366395822115959 0.6029897598486507 0.04490097453146387 0.06815709239534584
3 0.30274249907556317 0.6196626066926207 0.038977583465237144 0.05230925790866543
3 0.7399493308914477 0.5111153472638995 0.039045779625171126 0.05465300790866543
0 0.5532305808914477 0.5187235533091293 0.033318616851332014 0.07236708992388792
3 0.48979020651826827 0.5158333166550022 0.028821333465237232 0.05189542243340188
3 0.7359545011871342 0.427585264260094 0.03672476167848249 0.055338757414373774
3 0.4948437678801817 0.44757806517212745 0.028912261678482487 0.0550204224334017
11 0.42336357297388894 0.43719366349897226 0.03708847453146404 0.06783875741437377
1 0.36045439601428475 0.42567784334674785 0.053850077197030985 0.10753792737631773
3 0.7283262061225569 0.35358934874677433 0.03438101167848266 0.05524325692008229
9 0.669155794602359 0.36303994460216116 0.03139240399835046 0.05980342292769345
4 0.6090988330030187 0.34202179045754805 0.04596938103709682 0.10487584239534584
9 0.3120563484424249 0.3752441032325796 0.03451740399835055 0.0599307569200823
9 0.7129081431112908 0.2806930182144266 0.036792957838416386 0.05768250741437377
9 0.6523570880175836 0.2964572810660079 0.02826740399835046 0.05967608893530461
6 0.537195089271225 0.2901993052862957 0.032165293810936114 0.08636592292769345
11 0.47947351748447026 0.29567998414548813 0.03177884890464337 0.07308467292769345
0 0.4237547148980455 0.28934641251038906 0.033705061757624756 0.08564833992388783
5 0.5909134711662517 0.22778287692139476 0.03184704506457727 0.07542842292769344
9 0.532919114739761 0.22388855578058725 0.026818564264907252 0.06351867193911023
5 0.48604411473976095 0.22579856566641904 0.029435098904643374 0.07298917243340189
8 0.318279953219563 0.2396740177573161 0.03504024122451135 0.07789950692008221
7 0.7092793747688908 0.12909868471632943 0.0568757887963713 0.1310709278706093
10 0.6478788735152496 0.14255103106600792 0.04401207594338974 0.11806159190105418
9 0.593046621007967 0.16668620943090878 0.02826740399835046 0.05967608893530465
6 0.42614026583511766 0.15627924452561148 0.030003400237426803 0.09252042243340183
2 0.3673108351145898 0.17744859038099836 0.03363686559769077 0.08330458992388783
3 0.3071091210079671 0.17833726973448244 0.03295490399835055 0.059867089923887826