9 0.34051313036926645 0.6747282492085771 0.040161332541716985 0.05187238855894449
3 0.39738060605900694 0.6699438093168493 0.033788501809022264 0.04934678213245362
3 0.5883740982570907 0.6714284383088822 0.029882251809022264 0.04923312186589683
5 0.6654312432141367 0.6637092150310595 0.04122918758467105 0.057363870612255674
8 0.46693178821661113 0.578721764252272 0.03921298620519007 0.06354567445232177
5 0.532229239596092 0.5705622717741193 0.034402655472495526 0.06106553213245362
10 0.2662114139517801 0.49614625963341846 0.06605544719560949 0.09942935015828454
3 0.33454533412359666 0.5160663030486432 0.03547383254171699 0.05173599623907634
9 0.3908805433049937 0.5011256131569153 0.034034163274411534 0.05403428213245363
3 0.45547530981333717 0.5094178347853854 0.03247166327441153 0.05398881802583091
0 0.6424463653312611 0.47893940993735223 0.03966336555840364 0.07213942445232177
11 0.26404804839337637 0.42500704552679575 0.04879270409301446 0.06772470909205772
3 0.3251902662812008 0.4271401953685112 0.03563760685197641 0.054860996239076344
6 0.39065149197094123 0.42210570289035865 0.04204805913596861 0.07298887061225567
7 0.5832141282215598 0.3938119036691461 0.05227955223856355 0.10448892319868044
9 0.7036461369279872 0.4075213995125111 0.038104187584671045 0.057272942399010415
2 0.38774781999010244 0.35177047083704727 0.03966336555840364 0.0721394244523216
9 0.4543621099041942 0.33887801425227193 0.02963326831736577 0.05936663981258557
9 0.6332683599041942 0.333672374043975 0.030414518317365767 0.05938937186589692
3 0.2684788415868285 0.28560356472712567 0.038104187584671045 0.05727294239901033
3 0.38694223654387433 0.2766795426238019 0.030291687584671045 0.05704562186589692
3 0.45630971223361494 0.2715313898790926 0.02963326831736559 0.05936663981258557
9 0.5116932530522178 0.2832213961472988 0.027947937584671047 0.05697742570596294
2 0.6204131558111797 0.2675389086837111 0.041389639868663154 0.07530988855894431
9 0.3901624118040735 0.21868518619731114 0.032840155472495344 0.06102006802583091
9 0.4496226209854706 0.20365356809233798 0.02827548620519007 0.06322742570596293
4 0.5525871687014785 0.18266145500192965 0.04187431874690706 0.11432692445232169
1 0.6099902329258298 0.17316678305689046 0.04384625452255584 0.12218488855894431
8 0.4360680540475859 0.13910533478538537 0.03892305913596861 0.07289794239901033
6 0.49359394900463177 0.13195441284034617 0.034396011419960716 0.09070756802583095
0 0.5504204811168074 0.1263887229486183 0.03213414857509065 0.09220187186589693
11 0.609178005427067 0.12780881895026777 0.033577139868663154 0.07508256802583095