9 0.3046875 0.68359375 0.0375 0.05078125
3 0.36171875 0.68046875 0.03125 0.0484375
3 0.55234375 0.6875 0.02734375 0.0484375
5 0.6296875 0.68203125 0.03828125 0.05625
8 0.4359375 0.59140625 0.0359375 0.0625
5 0.5015625 0.58515625 0.03125 0.06015625
10 0.23984375 0.503125 0.0609375 0.09765625
3 0.30703125 0.525 0.0328125 0.05078125
9 0.3640625 0.51171875 0.03125 0.053125
3 0.428125 0.521875 0.0296875 0.053125
0 0.61640625 0.496875 0.0359375 0.07109375
11 0.24140625 0.43203125 0.0453125 0.06640625
3 0.30234375 0.4359375 0.0328125 0.05390625
6 0.36796875 0.4328125 0.03828125 0.071875
7 0.56171875 0.41015625 0.046875 0.103125
9 0.68125 0.42734375 0.03515625 0.05625
2 0.36875 0.3625 0.0359375 0.07109375
9 0.4359375 0.3515625 0.0265625 0.05859375
9 0.61484375 0.3515625 0.02734375 0.05859375
3 0.253125 0.29296875 0.03515625 0.05625
3 0.371875 0.2875 0.02734375 0.05625
3 0.44140625 0.284375 0.0265625 0.05859375
9 0.49609375 0.29765625 0.025 0.05625
2 0.60546875 0.28515625 0.0375 0.07421875
9 0.378125 0.2296875 0.0296875 0.06015625
9 0.43828125 0.21640625 0.025 0.0625
4 0.5421875 0.1984375 0.0359375 0.11328125
1 0.6 0.190625 0.0375 0.12109375
8 0.428125 0.1515625 0.03515625 0.071875
6 0.4859375 0.14609375 0.0296875 0.08984375
0 0.54296875 0.1421875 0.02734375 0.09140625
11 0.6015625 0.1453125 0.0296875 0.07421875