9 0.34051313036926645 0.68359375 0.040161332541716985 0.05078125
3 0.39738060605900694 0.68046875 0.033788501809022264 0.0484375
3 0.5883740982570907 0.6875 0.029882251809022264 0.0484375
5 0.6654312432141367 0.68203125 0.04122918758467105 0.05625
8 0.46693178821661113 0.59140625 0.03921298620519007 0.0625
5 0.532229239596092 0.58515625 0.034402655472495526 0.06015625
10 0.2662114139517801 0.503125 0.06605544719560949 0.09765625
3 0.33454533412359666 0.525 0.03547383254171699 0.05078125
9 0.3908805433049937 0.51171875 0.034034163274411534 0.053125
3 0.45547530981333717 0.521875 0.03247166327441153 0.053125
0 0.6424463653312611 0.496875 0.03966336555840364 0.07109375
11 0.26404804839337637 0.43203125 0.04879270409301446 0.06640625
3 0.3251902662812008 0.4359375 0.03563760685197641 0.05390625
6 0.39065149197094123 0.4328125 0.04204805913596861 0.071875
7 0.5832141282215598 0.41015625 0.05227955223856355 0.103125
9 0.7036461369279872 0.42734375 0.038104187584671045 0.05625
2 0.38774781999010244 0.3625 0.03966336555840364 0.07109375
9 0.4543621099041942 0.3515625 0.02963326831736577 0.05859375
9 0.6332683599041942 0.3515625 0.030414518317365767 0.05859375
3 0.2684788415868285 0.29296875 0.038104187584671045 0.05625
3 0.38694223654387433 0.2875 0.030291687584671045 0.05625
3 0.45630971223361494 0.284375 0.02963326831736559 0.05859375
9 0.5116932530522178 0.29765625 0.027947937584671047 0.05625
2 0.6204131558111797 0.28515625 0.041389639868663154 0.07421875
9 0.3901624118040735 0.2296875 0.032840155472495344 0.06015625
9 0.4496226209854706 0.21640625 0.02827548620519007 0.0625
4 0.5525871687014785 0.1984375 0.04187431874690706 0.11328125
1 0.6099902329258298 0.190625 0.04384625452255584 0.12109375
8 0.4360680540475859 0.1515625 0.03892305913596861 0.071875
6 0.49359394900463177 0.14609375 0.034396011419960716 0.08984375
0 0.5504204811168074 0.1421875 0.03213414857509065 0.09140625
11 0.609178005427067 0.1453125 0.033577139868663154 0.07421875