0 0.5017473832352317 0.7107822314795482 0.03581077800763595 0.057068270801562446
9 0.3089337219128222 0.6348230627859373 0.03643748667249973 0.04380520459715278
2 0.3620132685789586 0.6374928146857982 0.0383272506763177 0.07196657218833344
9 0.49647917524668583 0.6265527018442704 0.027934643340227085 0.05141768284565984
3 0.5666825872454131 0.6342911602411453 0.027934643340226904 0.05141768284565984
5 0.6363229252466858 0.6232978024336105 0.042887481341499625 0.06113817496187508
3 0.6981689445815039 0.6109237825819787 0.03655566534054522 0.05396145459715278
11 0.2372138105904126 0.5560454057758332 0.04608520667568143 0.06746091014423605
6 0.3614325605904126 0.5531541822769789 0.0391085006763177 0.07198475598392377
9 0.4270939232575035 0.5485017434473954 0.030278393340226906 0.05147223423243048
4 0.6960348272597306 0.5258402677643398 0.059684630012726815 0.09511378466927098
11 0.37093537726768483 0.4748291605254858 0.036737478675999566 0.06958645459715278
3 0.43361719060313925 0.4577494568782635 0.027998278007635945 0.05688643284565984
9 0.4936279899347758 0.46884930461781205 0.027998278007635945 0.05688643284565984
9 0.6211353719366848 0.4518228459365967 0.03186816534054522 0.053852351823611144
3 0.49924273794559343 0.38905270184427043 0.027998278007635945 0.05688643284565975
5 0.682918303946548 0.377748259880555 0.0391085006763177 0.07198475598392359
3 0.3243069199554566 0.3204878058520831 0.03194998134149962 0.06088360182361115
6 0.43228305195736566 0.30391594206062467 0.03066929201145392 0.08506598423243057
0 0.49550975795672925 0.3071305546178121 0.02833463267822687 0.08579268284565975
8 0.5525955519573655 0.30111563753972176 0.032113613343408606 0.07494610182361114
10 0.6214637306254109 0.28935921352777727 0.04428689668204484 0.11428135875746533
3 0.6751245326225475 0.30919828163204804 0.03193180000795408 0.059321101823611146
7 0.2675125746340015 0.2343334067257637 0.056923256683635605 0.12629104948690975
8 0.381329626631138 0.252772322569583 0.0391085006763177 0.07198475598392359
3 0.43292848929822886 0.24844719206062466 0.025699981341499624 0.060738131458888935
1 0.5582375719685014 0.21897528476618006 0.03658348468331738 0.12347452080156254
3 0.6641330359643653 0.24697103856590222 0.03193180000795408 0.059321101823611146
9 0.3844279019732739 0.18787402118281218 0.02807100334181776 0.06313643284565976
2 0.4383977866406831 0.18115058928708297 0.03061474801081765 0.08037848423243057
9 0.5008523333068193 0.18360213563986066 0.02568180000795408 0.05917563145888893
9 0.5438574459739103 0.17947702688239536 0.025727253341817757 0.06308188145888889