3 0.6360679698083883 0.678708706959451 0.03547383254171699 0.052118256920082116
3 0.5741035583429991 0.6765360533091294 0.033911332541716986 0.052054589923887916
4 0.5579252804146949 0.5769817222824901 0.04775914857509047 0.09315709239534584
3 0.5014262969230383 0.5894618176435854 0.0301688568519765 0.05502042243340188
3 0.37070856343138175 0.6049660953239142 0.0379813568519765 0.055338757414373774
6 0.6889462290806425 0.49256827711167517 0.04595430913596861 0.07359400889724857
6 0.6222533740376883 0.48980537444993677 0.039949970601357875 0.07802684091247088
5 0.43561318916655073 0.5138516639932638 0.03941770409301455 0.06787059091247087
3 0.37007007632168054 0.5180881778334282 0.034075106851976414 0.05517958992388792
9 0.49731092774659 0.42130206665500214 0.0301688568519765 0.05502042243340188
5 0.35993375847928466 0.4292485123201086 0.04188428482570909 0.07030984140676252
9 0.29907814563441437 0.43329402517168986 0.037940413274411534 0.054557507414373776
9 0.7318253686106214 0.3397178497353575 0.034320768317365594 0.059867089923887826
3 0.6114309814554917 0.34305770844232564 0.030291687584671222 0.05736417243340188
1 0.4846261420163698 0.32865165163597415 0.043685802238563554 0.10468484140676262
0 0.31139003787792685 0.3545005217116488 0.04504690637700666 0.08603034190105419
11 0.7283042209400421 0.27253034973535745 0.04607713986866315 0.07593775889724856
3 0.6570466966297825 0.2723021980622023 0.03275826831736559 0.05980342292769345
8 0.478757922319523 0.2764352356283629 0.03863645409301455 0.06783875741437377
2 0.420164172319523 0.2788227479856526 0.03941770409301455 0.06787059091247105
7 0.29134313150092017 0.2707621916735927 0.06884625452255584 0.12364042984777565
9 0.6510180246489438 0.20208519855649384 0.02827548620519007 0.06351867193911023
0 0.5965795081406003 0.1941254599252004 0.03595851141996072 0.09111708992388783
8 0.4819814196059896 0.20349248414548815 0.03386374491161739 0.08089717292769345
10 0.4202250480546921 0.19035049699706943 0.04853375452255584 0.12281275889724856
9 0.37408371042459254 0.22119859038099837 0.03432076831736568 0.059867089923887826
2 0.30825399253676816 0.21996635422116279 0.041389639868663154 0.07574675790866543
9 0.6528394742194025 0.14720669756791072 0.03296298620519007 0.06370967292769344
3 0.5881185549520971 0.15219262790997795 0.02827548620519025 0.06351867193911023
11 0.5321175384437538 0.14429655627487886 0.033699970601357876 0.07777217292769345
9 0.4838847563315781 0.150176483156905 0.028398316937884617 0.06586242193911027
9 0.3120097563315781 0.15717985273828805 0.03596515547249553 0.06149325692008221