1 0.36464747298576905 0.7362476139704013 0.07132053413027988 0.08476134026088378
5 0.4478162887566672 0.7562561078220812 0.041557439420186526 0.0564727137974506
3 0.7274050782192061 0.769597486917793 0.04092040258848364 0.045535213797450604
3 0.44209066254713003 0.644541903001621 0.03434417889684287 0.05330680718159222
9 0.5714442335796999 0.6663810624461497 0.03434417889684287 0.0533068071815924
3 0.7794842467338796 0.6714963302037388 0.041238921004335086 0.051003963797450605
3 0.29916814420186566 0.5640499062230748 0.04059417889684287 0.05334316861791066
9 0.5758671520943734 0.5680026497801671 0.03043792889684287 0.05328408128389341
9 0.6331259152485531 0.5722406978865732 0.03452618942018652 0.056431807181592394
2 0.7076631836644045 0.578141239942855 0.04945323940606912 0.07135737041330899
8 0.4351140785015547 0.4711225837197802 0.04481124203690499 0.07211134933607007
3 0.5009133837491092 0.4879060836215844 0.030619939420186527 0.056409081283893416
3 0.5638684100574685 0.49608219798476905 0.03043792889684287 0.05328408128389341
7 0.6919101100715859 0.4819884026088375 0.06441808674699842 0.10034088846548564
3 0.7634133837491092 0.48943326394696013 0.04077618942018653 0.05646816861791084
0 0.3172825654179623 0.392338532686508 0.045539284130279786 0.08461134933607006
4 0.43461427858625934 0.38208735479701905 0.05145535516284987 0.10573237041330899
0 0.6210446022496653 0.4050395623479538 0.040715276237772005 0.08224032825883114
2 0.7492529022355477 0.4206241766129426 0.04931673151356133 0.06901362041330898
6 0.43074655496520575 0.31568110479701905 0.03790879465362344 0.08769089754067191
6 0.5056478444277446 0.3278316468533009 0.03634629465362345 0.0876818071815924
9 0.5546768786286116 0.3382696979847691 0.03084745257436623 0.060315331283893325
9 0.6238819049369708 0.34648217378427226 0.03296368942018653 0.056422716822512695
10 0.6886045575960417 0.31796226404515604 0.0550353814712091 0.11356305113146821
11 0.7473271102127601 0.3339236073311019 0.04637374203690499 0.07212043969514967
9 0.38441061028334733 0.2576186199223296 0.030756447312694314 0.058752831283893324
11 0.6153343865917066 0.2667719478865732 0.03713524992941277 0.07440964754067192
3 0.7425416286991988 0.26516906215156205 0.03944120257436623 0.06036532825883114
9 0.32944311824644223 0.18544818325224202 0.034662697312694314 0.0587755571815924
9 0.4918066103539346 0.18404983059652227 0.028776718359381802 0.06498919574527387
8 0.5557248971856374 0.19535549013924677 0.036027776237772 0.0822130571815923
5 0.611466662970653 0.20036569788657319 0.03570925782192056 0.07674430718159239