1 0.7123290653397529 0.7699140253263123 0.07033607878371625 0.08785520409301455
5 0.6312074979285762 0.7851461996820003 0.0409011358558109 0.05825623530067894
3 0.3528470574818701 0.7822480924913396 0.04039171360606986 0.04731873530067894
3 0.6252228635205074 0.6733865061044355 0.03372433664159917 0.05476274310259512
9 0.4980803207164365 0.6877655093837959 0.03372433664159917 0.05476274310259512
3 0.29044975723420113 0.6807807677515388 0.04064642473094038 0.052787485300678935
3 0.7597926085581086 0.6009460193334185 0.039974336641599176 0.05509029172311415
9 0.48333927046876746 0.5887957428754524 0.029818086641599174 0.05455802521477064
9 0.4264899569865321 0.5897131117132165 0.0338698858558109 0.057887743102595125
2 0.3525259181114026 0.5912922218445533 0.04862374462331651 0.07346847749876276
8 0.6140198821317572 0.499785231794176 0.04397263192686936 0.07400406603337366
3 0.5499402655063687 0.5127931648562913 0.029963635855810723 0.057683025214770645
3 0.48780413854189797 0.5173301786511011 0.029818086641599174 0.05455802521477082
7 0.3582065297743924 0.4957307383528967 0.06325132485477489 0.10307076831736559
3 0.2874402655063687 0.4990361227944929 0.0401198858558109 0.05821529172311415
0 0.7236624017764643 0.427597050541083 0.04455482878371626 0.08650406603337349
4 0.6051842295267233 0.4104770703287867 0.050224785979645324 0.10784347749876275
0 0.42104682402620536 0.42264844244591104 0.039758166873057554 0.08391465456798422
2 0.294394432793711 0.4308183893028364 0.04851458271265772 0.07112472749876275
6 0.6020913087247244 0.34407082032878666 0.03688787799792799 0.0892196302577248
6 0.5284183682780184 0.35189993046012347 0.03532537799792799 0.08913774310259504
9 0.48045390322420645 0.3595176786511012 0.030145572373575468 0.061589275214770645
9 0.4120677762597357 0.36372714382539206 0.0323073858558109 0.057805855947465276
10 0.34431519602827737 0.3313406897323777 0.05371365901517464 0.11581975180902226
11 0.2872304420993359 0.34393586499257683 0.04553513192686944 0.07408595318850333
9 0.6423673982618077 0.28851021709485486 0.030072797766469605 0.06002677521477064
11 0.412262521297337 0.2842443617132165 0.036269293837528235 0.07593838025772479
3 0.2848096093866782 0.2752268085701417 0.03873932237357547 0.062039654567984305
9 0.6898010163349383 0.2192965496365718 0.03397904776646961 0.060231493102595034
9 0.5271918544242794 0.20843653550307764 0.02802014619489306 0.06615394448207601
8 0.4644200266740205 0.21605760572032268 0.03507066687305756 0.08366899310259504
5 0.40916960049533807 0.2178381117132165 0.034815955748186946 0.07820024310259503