9 0.3615189634787014 0.6958532248570746 0.0304375223211343 0.04400546034428636
3 0.43764113271558075 0.6789683144201211 0.02809377232113448 0.04392361479078986
9 0.6920149870176517 0.7058309479000505 0.038195475243233724 0.041153278855940556
3 0.24227981412732458 0.5853745379264332 0.03912672970746058 0.04977431070710594
9 0.3710769699715232 0.5961260433687288 0.03369889001588611 0.0519270877489479
10 0.42909402151365067 0.5864261503549704 0.04366027110331849 0.08584821996293321
5 0.24520599107484156 0.507304101628764 0.047925031249588114 0.061793161069925696
6 0.38513156169169255 0.5075000529873757 0.034012535713814976 0.06989583774894789
7 0.24937706818451436 0.4026984471822604 0.06815175649282175 0.10231895734906135
2 0.3193759224865854 0.4231225637871489 0.044168785713814884 0.0702505018140986
3 0.37776512094445786 0.4368874526245559 0.030628437093786688 0.05494296034428636
3 0.6251895458633799 0.4588170494439966 0.03066934740221221 0.05728671034428636
9 0.6931855694023303 0.45962807049538884 0.03686480032431163 0.054379965153609613
3 0.27682595820040035 0.3528447801218849 0.03379434740221221 0.057395837748947985
5 0.3278117597425279 0.34289935044763775 0.03874094602224041 0.07240327885594056
1 0.3803191509762299 0.3353522344757214 0.052622213879147936 0.1072420703257528
3 0.4563634537361735 0.36771335588993337 0.027503437093786685 0.054833832939624474
9 0.2772311071447402 0.2848487482707195 0.036206281249588024 0.061383933302444224
2 0.336674290992116 0.283015918959292 0.0395221960222405 0.07243056070710593
9 0.4600981542226409 0.28810770144342956 0.027585257710637735 0.05952133293962447
11 0.5708447394499885 0.3029192243089204 0.03249094602224041 0.07218502404661713
9 0.6285481452941871 0.31118808129516207 0.027585257710637735 0.05952133293962456
3 0.28407717086173234 0.20613347122887746 0.032300031249588024 0.06124752404661713
8 0.3463862560890799 0.21925351932211168 0.03870003571381488 0.07005952885594055
0 0.45891352962803034 0.2216196058899333 0.031160271103318316 0.08541171034428627
8 0.5813925016248531 0.2360591065229055 0.03717844602224041 0.0723487151536097
4 0.6934794444006827 0.2188666612395617 0.05358074188232518 0.11742560217691826
3 0.2968459521113204 0.1463864489963589 0.032300031249588114 0.06124752404661713
6 0.40701583888079557 0.14945194001068424 0.031214818181219073 0.08853671034428627
11 0.46488288595869626 0.1483457969969259 0.03102390340856669 0.07759921034428627
9 0.577905037338668 0.16714541541591293 0.027653441558013546 0.06342758293962455
0 0.6812891359586962 0.1559028697697494 0.037533002028594886 0.0926612151536097