8 0.6320712299093223 0.7015015400256334 0.04752952800763595 0.05870661465389251
8 0.5460791859086861 0.7016852464934971 0.03671020667568144 0.06828965456798422
2 0.4156013452419133 0.6956289190401628 0.03896305000795426 0.060599985300678935
9 0.6143848379217308 0.6091126441640764 0.03181362133990877 0.050075243102595125
11 0.48238085992204904 0.5998494295556123 0.03202270667568143 0.06804399310259512
9 0.2860052992520946 0.6137913415868285 0.038899415340545127 0.05513123530067894
6 0.7381319679344576 0.5217907858417619 0.04771134134309048 0.07433161465389251
1 0.6726160559357302 0.5089765253263123 0.052789740014317486 0.10817102611928178
9 0.5449723139322303 0.5280839721832375 0.027998278007635945 0.057683025214770645
6 0.42078992659932124 0.5184489433504222 0.032113613343408606 0.07585649310259512
0 0.287822885264185 0.5247697851643933 0.04302384134309047 0.07408595318850324
9 0.7294478586091845 0.46192446291098344 0.03655566534054522 0.05500840456798421
3 0.6014137652769117 0.4473972161903437 0.027998278007635945 0.057683025214770645
3 0.5434194519414572 0.45999239145054294 0.027971006007317813 0.055339275214770646
10 0.43032910594368445 0.4376493227036359 0.039481218013999356 0.10513123530067894
9 0.669510331954184 0.37279336386092304 0.02802555000795408 0.06002677521477064
3 0.42007340595163856 0.3784823626177276 0.02724430000795408 0.059985831637205764
5 0.3646137466184113 0.37479411861062145 0.0367647506763177 0.0729771545679843
0 0.30463930995386573 0.356016463138126 0.04160679201145401 0.08650406603337357
2 0.6022052006285927 0.31220002261277885 0.039053956675681435 0.06841248530067894
9 0.48893304129536536 0.30548195386587185 0.025699981341499624 0.06146644448207601
9 0.43022111262732 0.31256743554850613 0.027262481341499622 0.061548331637205765
3 0.6483449513049104 0.24348100011154164 0.030414753341817757 0.06405585594746528
11 0.48581767930459224 0.2373084859780475 0.028234635343726923 0.07799552521477064
3 0.36622279463718316 0.23651286861062143 0.028043731341499623 0.061589275214770645
3 0.308446657304274 0.23035804387082065 0.03197725334181776 0.06413774310259504
5 0.7054403833147737 0.17377268769621274 0.03839088534372692 0.07852779172311405
3 0.5937216333147737 0.16791775610443546 0.027289753341817758 0.06389208163720576
3 0.5334472046467281 0.17492135063194003 0.027289753341817758 0.06389208163720576
9 0.48414663864577373 0.17937315524535286 0.024946003341817756 0.06376925090451113
4 0.4290051526495917 0.14834116123824664 0.03963575934913557 0.11841248530067894
7 0.31256253998250083 0.14536556818108012 0.05226302868395374 0.13000508254171694