5 0.6624205442954011 0.6494840346767543 0.047358638837406986 0.06017609736759475
3 0.5952057624442357 0.6526115238769811 0.033023320325752795 0.05187252404661713
3 0.47183274983036394 0.6327305882122841 0.03146082032575279 0.05181796034428636
4 0.32334068612803313 0.6394766399337154 0.06067709437236992 0.0840501069862416
9 0.19128215427686768 0.6448685227806727 0.04455109736759484 0.0468130018140986
6 0.6026040893934106 0.552475114621154 0.04076389845605384 0.07243056070710593
9 0.525823334584087 0.5613987360353658 0.02911707032575279 0.05173611479079003
7 0.2710093490120573 0.5515699013664609 0.0671999128840243 0.09208086179556503
0 0.6564954704262693 0.4616392942954011 0.04076389845605384 0.07243056070710593
10 0.6039607474681112 0.46893592832348485 0.048668167693347544 0.09767609736759475
3 0.34720231597976553 0.4700991573569106 0.03321429328391083 0.05734127404661713
5 0.5970411140729998 0.39895081053746995 0.038420148456054015 0.0723487151536097
2 0.5334969692451429 0.38634417233303503 0.03747520734906153 0.06763393330244423
8 0.47770083703115773 0.39765618376578044 0.03742064364673041 0.06607143330244432
1 0.3025297114405946 0.36397813212916713 0.05543652286549072 0.11273810217691826
3 0.2421725647986392 0.39417655281773967 0.037901793283910835 0.0575049651536097
9 0.6548288214220611 0.33060754910472456 0.0331324477304145 0.05499752404661713
9 0.5996874536360464 0.3231695605374699 0.028608638837406986 0.05952133293962456
3 0.5373238628918735 0.3214458586307042 0.028526793283910834 0.05717758293962456
9 0.6598461928362731 0.2539632035512283 0.03335070253973793 0.06124752404661713
9 0.6077752613479273 0.24797858757931196 0.031733638837406986 0.059630460344286276
6 0.48452873430608534 0.24682037006344953 0.030481162884024117 0.09079861479079003
2 0.4227008569014236 0.2521006363055184 0.03782987141421188 0.07779018330244422
0 0.26077377577589766 0.24136901134792738 0.04602431733052796 0.0890005018140985
11 0.5434697138876653 0.19014129492837334 0.03001737141421188 0.07751736479079
3 0.38617556905980843 0.18080847886378976 0.02874504809323426 0.06342758293962455
3 0.31712546869698877 0.19180303176634741 0.03178820253973793 0.06119296034428627
8 0.26780751497612443 0.17401782024093482 0.04106399881887359 0.08102431070710595
11 0.6575347030878922 0.11905249021171711 0.03861112141421188 0.0778174651536097
9 0.605644820873907 0.13022809238863536 0.02640129809323426 0.06334573738612828
9 0.5511210119808996 0.1274503219702153 0.02874504809323426 0.06342758293962455
3 0.44201883049255386 0.12345728113337522 0.02718254809323426 0.0633730192372937