1 0.6852821502646426 0.6934050752184739 0.05614918231923358 0.07576452962517113
6 0.5381670697322949 0.7109826832943172 0.038484179847775656 0.06354567445232177
3 0.47509406676654536 0.6987387475592246 0.03322367688202625 0.04934678213245362
3 0.4105368182494201 0.7076567579840658 0.03712992688202625 0.049460442399010415
3 0.7398157999606314 0.6112541532734348 0.04044592787060939 0.05423887061225567
8 0.27730121250820144 0.605157546780437 0.05114334733826169 0.06781563730530316
9 0.6014762001509117 0.5370617984962966 0.03175667737631773 0.05164506802583091
11 0.4802232826604258 0.5366790167595544 0.033955847338261694 0.06731553213245363
9 0.4131803626984819 0.5229862412910184 0.031884011368706486 0.05477006802583091
9 0.35321511368706504 0.5294241093959917 0.03735276136870649 0.05492919239901042
8 0.28687253068325946 0.5329188339274555 0.045116181824942016 0.07310253087881229
3 0.71806418087354 0.44215481228635023 0.03735276136870649 0.05492919239901042
3 0.6646672668430951 0.45622332396483267 0.03354201186299814 0.05715928213245362
4 0.5389032628887623 0.4411104524946472 0.044699687756441085 0.10118206677218974
9 0.35734951536022025 0.45812577091618956 0.03197951186299815 0.05711381802583091
5 0.6552020835352782 0.3774989303913235 0.041178098326844825 0.07220762061225568
3 0.5308241660447923 0.37720707686782656 0.029731262357289623 0.05938937186589692
7 0.2867094101132932 0.3561517454476535 0.06086585722409339 0.11491795783841656
5 0.6497068172236559 0.30022337655125747 0.038180432319233584 0.07524169239901032
3 0.4684249837255587 0.30471596291948844 0.028950012357289622 0.05936663981258565
11 0.4200193172236559 0.3069066002247916 0.03583668231923358 0.07517349623907635
9 0.35241798174839234 0.29870530680956686 0.029731262357289623 0.05938937186589692
3 0.6525333868815887 0.23522050217807805 0.029794929353484177 0.06095187186589692
2 0.5859679693911026 0.233246476709542 0.039057182813525236 0.07760817445232168
6 0.42217738342154754 0.22549747585161217 0.0347198512925944 0.08606553213245363
9 0.29730471741393627 0.23225960438142668 0.03754376235728962 0.05961669239901033
2 0.6971017875661606 0.15805259692608628 0.041400932813525235 0.07767637061225567
10 0.6387481180985082 0.14645351887112548 0.047966609201259655 0.12390651293212374
9 0.5836122905319102 0.175433976709542 0.029109179847775658 0.06327288981258557
0 0.5266937870718691 0.1606644345479585 0.03106826927737192 0.09220187186589693
9 0.4739507890490354 0.1715852141731297 0.026765429847775656 0.06320469365265158
0 0.41731878707186904 0.16384692201154621 0.03341201927737192 0.0922700680258309