9 0.6546875 0.7073223871798076 0.03125 0.04898297077900686
9 0.4578125 0.7224776030875504 0.03125 0.043514220779006865
8 0.3828125 0.7190992329571667 0.0421875 0.06323638555165907
9 0.2578125 0.7236248660731939 0.0375 0.0490920649348082
3 0.71953125 0.6218155353133684 0.0375 0.0490920649348082
0 0.64921875 0.6238240945661337 0.03828125 0.05926195170428343
8 0.59765625 0.620817871351495 0.0359375 0.06547104139585791
1 0.4546875 0.618625900165451 0.046875 0.07503695616851011
2 0.271875 0.6296294042226409 0.03828125 0.06707445170428343
3 0.721875 0.5413058750049429 0.0375 0.0514358149348082
3 0.5828125 0.5413894699715233 0.03125 0.051326720779006865
11 0.5296875 0.5259105202958347 0.0328125 0.06541649431795715
9 0.459375 0.5388565795486 0.02734375 0.05125853693163087
3 0.39609375 0.5438674078760888 0.0296875 0.053643197240056395
3 0.26953125 0.5421703145310663 0.0375 0.05143581493480802
5 0.65390625 0.44249227394928264 0.03828125 0.06707445170428343
9 0.340625 0.4565543685088259 0.0296875 0.05442444724005639
3 0.5875 0.3811513993546722 0.02734375 0.05672728693163087
9 0.52734375 0.3782951806042602 0.0265625 0.054369900162155815
4 0.3375 0.3683276655867266 0.0515625 0.10090002678536117
3 0.2875 0.3762316688331374 0.03515625 0.056863654626382674
6 0.64140625 0.29739796226088544 0.03515625 0.08498865462638268
9 0.584375 0.3101121964325729 0.02734375 0.05907103693163096
2 0.45859375 0.30683896631807517 0.03515625 0.07248865462638268
9 0.52265625 0.24009575122111126 0.0265625 0.056713650162155814
3 0.40234375 0.24375831372028745 0.02734375 0.05907103693163096
10 0.35390625 0.215697543427748 0.046875 0.11722445616851021
6 0.29296875 0.23863621144681124 0.03828125 0.08504320170428334
5 0.6421875 0.17004057549141027 0.0328125 0.07479149431795715
7 0.5796875 0.15160026704942386 0.0421875 0.12183013555165915
0 0.51953125 0.16436904829901194 0.02734375 0.09188353693163095
11 0.29609375 0.16280041436891057 0.0375 0.0772170649348082