9 0.3202131969278063 0.7328204061589606 0.03294147477225655 0.04971083992388792
9 0.5166789691603249 0.7525611976794538 0.032750501814098595 0.044242089923887916
8 0.5918426602673175 0.7509297134967847 0.04437004809323426 0.06421900889724874
9 0.7167608147138212 0.758366823192336 0.03919147477225664 0.04996550790866543
3 0.2583158868536725 0.6458032258168933 0.039191474772256554 0.04996550790866543
0 0.3286011050025071 0.6494494906456408 0.04032738883740707 0.06015359140676253
8 0.38030001425833426 0.6476442515200558 0.0382018936467305 0.06630809091247106
1 0.5234324553653268 0.6487822816718426 0.049466775860715725 0.0761287598858317
2 0.7059721368536725 0.6640438202265864 0.040600207349061355 0.06796609140676253
3 0.2587821675237116 0.5652389753226017 0.03927332032575279 0.05230925790866543
3 0.39792651307720794 0.5685615879839025 0.033023320325752795 0.052054589923887916
11 0.4516244319516819 0.5543200158545118 0.03507689364673059 0.06618075692008211
9 0.5215277041842005 0.5689037806832594 0.02911707032575279 0.05189542243340188
3 0.5846725449283733 0.5753885440291324 0.03154266587924912 0.05433467292769336
3 0.7113714541842004 0.5766393207208781 0.03927332032575279 0.05230925790866543
5 0.3302429944728864 0.46800848965705766 0.040600207349061355 0.06796609140676253
9 0.6432241441100667 0.4893674723940332 0.03156994773041451 0.055115922927693364
3 0.39883179256612056 0.4082143369953194 0.029308043283910835 0.05736417243340188
9 0.4591244518219478 0.40675926634880344 0.028444947730414505 0.0549885889353046
4 0.64943199329176 0.401213556386422 0.055054576949174816 0.10210101087441484
3 0.6991864566312712 0.41028215026464254 0.03712054328391083 0.05768250741437377
6 0.347817418789656 0.32320532562661286 0.038102689925866254 0.08580750741437378
9 0.4044394410221745 0.3372479209877081 0.029389888837406987 0.05970792243340188
2 0.5304116639803326 0.3369043641813566 0.037666180307219396 0.07330750741437378
9 0.46864083947822854 0.2686690173373866 0.028526793283910834 0.05733233893530461
3 0.5888987757758976 0.2751338760443548 0.029389888837406987 0.05970792243340188
10 0.6383457042690185 0.24820130292638085 0.05093999582364876 0.11831625988583169
6 0.6985193124363864 0.2725593157779621 0.04122768992586625 0.08593484140676252
5 0.3514831105296207 0.19582974212851564 0.03540427586071564 0.0755557569200822
7 0.4146651568087565 0.1788451719762913 0.04641618693064124 0.12281275889724856
0 0.47441217904127503 0.19301510132977537 0.03053572658635506 0.09252042243340183
11 0.6980406519994331 0.19665073178557338 0.04017362141421188 0.07809050790866542