11 0.3012719061961416 0.7453569590078839 0.04907151136870649 0.05472445616851011
9 0.37501315372468363 0.7349337021080251 0.034436008402957 0.04041649431795715
7 0.6455020672608368 0.7248219111159091 0.05881126730020547 0.08299946063273715
8 0.7760026507589342 0.7278805016182626 0.044575012357289626 0.05933013555165907
8 0.4378540519377977 0.6485928275134146 0.037862097338261694 0.06701990462638267
0 0.6975009659682426 0.6406338717486462 0.04307617935348418 0.06086536201270896
9 0.7575617154739509 0.6393401529982343 0.038006677376317556 0.05140854139585791
3 0.3053824501509118 0.5588427605500115 0.03956917737631773 0.0514358149348082
9 0.43263069965662015 0.5587218039744644 0.029412927376317732 0.05125853693163087
9 0.5003447816718426 0.553658202918804 0.029317426882026255 0.04891478693163087
2 0.5595287806832594 0.550007097398917 0.03414684832684482 0.07163922077900686
9 0.7507121961965791 0.5478793559203335 0.03722542737631773 0.0513949046263825
9 0.3017534313678315 0.46978026055001154 0.039696511368706486 0.0545608149348082
3 0.3601071008354838 0.48407063149117413 0.0349771778706093 0.05369774431795715
6 0.4822858483640259 0.47449285429877575 0.035741181824941924 0.07244774431795716
11 0.672624346881151 0.47078897605071734 0.041082597832553344 0.06941820170428344
0 0.29491849954288946 0.3978370767026357 0.046215766805913994 0.0804375223211343
10 0.4152482455885568 0.38120077597128704 0.044699687756441085 0.10070911201270887
1 0.5451121591247101 0.3686343664736404 0.046803357224093387 0.11401763555165915
9 0.6607199130790427 0.3893889715864904 0.03363751235728962 0.059139220779006865
3 0.3643277327369755 0.3194177962638265 0.03207501235728962 0.05911194724005649
3 0.41364198323126705 0.32262066274076223 0.029731262357289623 0.05907103693163087
3 0.6531992317483922 0.31977590096963937 0.03363751235728962 0.059139220779006775
9 0.7105342292769343 0.30906627191080194 0.03370117935348418 0.06070172077900686
5 0.2983088019006167 0.2511257179363377 0.04130543231923358 0.07488695170428325
2 0.4121484674139363 0.24764793627971252 0.03280718281352524 0.0770806972400564
4 0.481919797946284 0.23559399553247787 0.04189302273741298 0.1084670649348082
6 0.5317287969577007 0.23177924877888872 0.03471985129259423 0.08570172077900677
3 0.6510199664253531 0.24713328773911458 0.029731262357289623 0.05907103693163087
3 0.30403753707186904 0.1809632224005646 0.03379667984777566 0.06304547077900682
3 0.3515982865775774 0.17945131533854997 0.03223417984777566 0.06301819724005649
5 0.7049633671099251 0.17234752191080197 0.04364918231923376 0.07492786201270882