3 0.19987983623182362 0.7501750494291588 0.04262630169541106 0.04462409190105419
3 0.4115086949993293 0.7439263439154016 0.031943512820281586 0.04964717292769336
2 0.4697385719638 0.7541263562726913 0.038666547766469606 0.06005809091247087
3 0.532711606909988 0.7465167861204669 0.029599762820281584 0.04955167243340171
9 0.6708836949993293 0.7544950652836706 0.04053726282028158 0.04999734140676253
3 0.21727285153330453 0.6624349688968111 0.04064642473094038 0.05234109140676253
6 0.2703443476043631 0.6489428132693231 0.04509848428423435 0.06421900889724856
10 0.62092654446121 0.6507042204168668 0.0625599660872691 0.08754376235728963
9 0.21242699379925617 0.5816160504177419 0.04288101282028158 0.05009284190105419
3 0.35314403908452646 0.56856424657714 0.03372433664159917 0.054398339923887915
6 0.4129000287454443 0.579609175930624 0.03612374462331651 0.07243075692008212
5 0.4807788875129499 0.5675031067669828 0.035832646194893056 0.06618075692008211
11 0.600581965263209 0.5833429654739509 0.040410984284234175 0.06402800790866543
11 0.6684608240307146 0.5712368963103098 0.04528042080199892 0.06812525889724856
3 0.29927848449363126 0.49827165121604466 0.0354323858558109 0.0575870069200823
0 0.41715734326113696 0.488202925930624 0.03612374462331651 0.07243075692008212
9 0.6618341424753487 0.49504181083504617 0.03219822394515219 0.055115922927693364
5 0.232949317206289 0.4266884698853943 0.04617083271265772 0.07050084239534585
9 0.4725576267595829 0.4247107703031361 0.029073223945152014 0.0549885889353046
3 0.6024634505809006 0.42530763098727065 0.03376072394515202 0.05517958992388774
0 0.6675084077768296 0.40682422783124067 0.04199275496239867 0.08124734140676253
9 0.29986929756158187 0.3511419832312671 0.0323073858558109 0.05745967292769345
3 0.36236929756158187 0.35368866307904273 0.0323073858558109 0.05745967292769345
2 0.41863856823974627 0.33876134144394365 0.034961504962398846 0.08096083992388783
8 0.48638899441842876 0.34621835577839966 0.03470679383752824 0.07549208992388783
4 0.6679129762214637 0.3309156438388519 0.05647478597964532 0.10756976087441492
7 0.2992935628630628 0.2626697322426839 0.060854070925833434 0.11788517836490087
8 0.36012190095240404 0.2674964950942652 0.03637845574818695 0.07789950692008221
9 0.4262370525239806 0.2764523424325268 0.02780182237357547 0.06117492193911023
9 0.3202631883797915 0.21577748619701662 0.03241654776646961 0.05980342292769336
1 0.5512435146823084 0.18057345113949497 0.04655613047912723 0.12899909190105419
9 0.5912306598437442 0.21272937653864635 0.030072797766469605 0.05970792243340188