6 0.6555840057394807 0.7658543862387707 0.04453726167848267 0.056408894695975854
9 0.5805385416328581 0.759923633678522 0.031005959092057722 0.04704159997176518
11 0.5158084518994148 0.7600531653191402 0.03686115399835046 0.06064136838761662
9 0.30780573528550964 0.7682164628859484 0.03946331677218975 0.04285462891096028
6 0.7207794452354972 0.6745006151214963 0.04876176042484133 0.06757390785015538
3 0.5755351413954312 0.6683808757860141 0.03116508346523723 0.05251034997176518
3 0.5122084272888086 0.6631326626883043 0.028889529625171127 0.054717592079257395
9 0.6418073475844951 0.5872288572995756 0.03435827962517113 0.055036110495108835
9 0.5724806860642971 0.5902103731551783 0.028889529625171308 0.054717592079257214
1 0.4984521526782023 0.5656206258566014 0.04587845282385157 0.10250264469597585
3 0.38199207838416516 0.5837952312312127 0.03435827962517113 0.055036110495108835
11 0.3115204540109858 0.5742312444559794 0.04490097453146395 0.06890889469597586
7 0.7020197703874642 0.4854458203972854 0.06157164898378546 0.10575644731269448
5 0.567659142253361 0.5049176152626705 0.03318222453146404 0.06822635523343692
3 0.4499177127864744 0.5058592180064458 0.028980457838416386 0.05784259207925722
4 0.6184738330030187 0.40180729679034927 0.051574523356964976 0.11063366311182747
9 0.5600763112954064 0.43194284684681905 0.028912261678482487 0.05549884207925722
0 0.49790292022917965 0.412723139010781 0.03363686559769086 0.08385135523343692
9 0.374760936922227 0.4156899733387049 0.03438101167848249 0.05581736049510884
3 0.7419280533778476 0.3559627177240972 0.03686115399835046 0.06064136838761662
2 0.6824848572179135 0.35016076778056693 0.040440795064577276 0.07644837891096028
10 0.3707433751646022 0.3312239680770331 0.05853757719703099 0.10869943678935065
8 0.3156838021242063 0.34205578128768244 0.04285274122451135 0.07892863680346807
5 0.721132168579827 0.284558154584035 0.04050899122451135 0.07879212891096028
3 0.5551123634861197 0.2881473442159831 0.026750368104973176 0.06161233418674961
9 0.4856265775927424 0.2856601100715858 0.02670490399835046 0.060049834186749605
8 0.3752657391129403 0.2722129891237205 0.040281670691397944 0.07097962891096028
9 0.3101181122324784 0.2847970181335028 0.03686115399835046 0.06064136838761662
3 0.7174555876218722 0.21181089932236316 0.03306856426490725 0.06432010523343701
2 0.48330790815498564 0.20597261007158582 0.032074365597690856 0.08376034997176518
3 0.43898124663478766 0.2104102101139381 0.028381064264907253 0.06404708944842144
0 0.3092710145814764 0.20207552339517462 0.04323918613080417 0.09220988680346806