6 0.4038253578680292 0.72890625 0.0457938568519765 0.05390625
9 0.47874347071289947 0.72734375 0.03206222749876275 0.0453125
11 0.543791938600724 0.73125 0.038227018317365594 0.05859375
9 0.7534502216174106 0.7515625 0.04041031603337366 0.040625
6 0.33086149140511434 0.63359375 0.050273316937884616 0.06484375
3 0.476296822137809 0.6359375 0.032348832541716985 0.05078125
3 0.5394961849826793 0.634375 0.030127913274411534 0.053125
9 0.40308397218323755 0.55078125 0.035596663274411536 0.053125
9 0.47298371438132136 0.5578125 0.03012791327441171 0.053125
1 0.5453566813646347 0.5375 0.04820952792830404 0.1
3 0.6638543758467106 0.5625 0.03559666327441171 0.053125
11 0.7338802708037566 0.55703125 0.04644895409301455 0.06640625
7 0.33427533921197927 0.4453125 0.06395735866099876 0.10234375
5 0.47086461442674993 0.47265625 0.03473020409301455 0.06640625
3 0.5892428002023987 0.48046875 0.030291687584671045 0.05625
4 0.41139003787792683 0.36640625 0.05408771370395282 0.1078125
9 0.4725256117132165 0.4 0.0301688568519765 0.05390625
0 0.533425490161919 0.384375 0.03554907564431194 0.08203125
9 0.6573952566702623 0.39453125 0.0356376068519765 0.05390625
3 0.2836058746035152 0.31328125 0.03822701831736577 0.05859375
2 0.3428580438708206 0.3109375 0.04217088986866315 0.07421875
10 0.6545358502932557 0.31015625 0.06099613297125828 0.10546875
8 0.7107415846894235 0.32421875 0.04463747060135788 0.0765625
5 0.2986709526226764 0.24296875 0.04229372060135787 0.0765625
3 0.4657732434412793 0.25625 0.028152655472495524 0.06015625
9 0.5353863805964091 0.2578125 0.02807076831736577 0.05859375
8 0.6451741383983252 0.25078125 0.04188428482570909 0.06875
9 0.7116589535271876 0.2671875 0.038227018317365594 0.05859375
3 0.2964256999091429 0.1703125 0.03452548620519007 0.0625
2 0.5312101356847917 0.178125 0.03398657564431211 0.08203125
3 0.5761098778828756 0.18515625 0.02983798620519007 0.0625
0 0.7057564343053107 0.184375 0.04533351141996071 0.08984375