8 0.6459747982628702 0.6835720936754217 0.039546138837406986 0.06034034057054054
2 0.5138344208582085 0.6865965479758666 0.037983638837406984 0.060267565963434674
8 0.33102192085820853 0.695111177007252 0.039546138837407076 0.06034034057054054
10 0.2362724160488851 0.6932640407371563 0.07934524881887368 0.08325345574818695
7 0.7214261768486583 0.6033708633201288 0.0652827488188736 0.08259848428423418
9 0.6511409586998237 0.6074269706398925 0.032750501814098595 0.044424242142117265
5 0.44852439018816953 0.6090387822601009 0.03335070253973811 0.061611742142117086
9 0.3881771672300115 0.6063718546336764 0.033023320325752795 0.052236742142117265
2 0.2624231990811769 0.613011460505698 0.040600207349061355 0.06818922787409357
3 0.7057614821134687 0.5133280601769756 0.03684772477225664 0.050074928659881834
4 0.6398363817506489 0.5077908436754217 0.054618067330527965 0.08990156203449332
9 0.5224405506251231 0.5296915765119139 0.0288442518140986 0.04424230562435252
3 0.45705116360181447 0.517086722706807 0.02911707032575279 0.05205480562435234
0 0.39508687694132555 0.5129300696874883 0.03825645734906136 0.06808006596343467
3 0.455513456252753 0.450644085403254 0.02841766587924912 0.0543621683207995
9 0.38511911069925675 0.4515751927230177 0.03466766587924912 0.05465326674922295
6 0.2688393462712865 0.4382105136488511 0.04927580290255769 0.07093323821317572
11 0.7015675115175635 0.3484115355698698 0.03990080290255769 0.07049659057054054
6 0.5077629478152325 0.35587308685099617 0.03247024881887377 0.08107021753501123
3 0.40062008121034404 0.29043648552708856 0.029389888837407164 0.05986730562435252
3 0.33424111306150944 0.29431065632908754 0.03321429328391083 0.057705492142117086
3 0.6272619375636135 0.21493125558608045 0.029389888837406987 0.05986730562435252
11 0.5645709646054555 0.21237348987031476 0.03375993030721922 0.07333049214211718
1 0.5137525090704926 0.1912647772977022 0.040166186930641244 0.12276756596343472
9 0.4475744375636134 0.22330033540325406 0.028608638837406986 0.059830918320799585
9 0.6735168894703794 0.15017524276579888 0.03329613883740699 0.060049242142117175
5 0.6131969483633867 0.14828956513937439 0.033841775860715725 0.07567424214211718
3 0.5702281983633867 0.15029086683478549 0.027100702539737932 0.06132064371369372
3 0.5033680805773718 0.16279517494033735 0.027100702539737932 0.06132064371369372
9 0.4477083576192138 0.15990992349259528 0.02718254809323426 0.06366439371369373
0 0.3340724435540633 0.15502983250776994 0.039074912884024204 0.09151756596343472
9 0.290240598000567 0.15472377150673394 0.03477679328391083 0.057778266749223