8 0.6501259002646425 0.7016587682672398 0.03988751235728962 0.05924831493480802
2 0.5179673162722537 0.7008383823085437 0.03832501235728962 0.05922104139585791
8 0.33515481627225374 0.7040293863657334 0.03988751235728971 0.05924831493480802
10 0.24036889828747618 0.6994294354722289 0.079809516805914 0.08102390340856651
7 0.7251312174511174 0.6237325913197228 0.06574701680591381 0.08077844155801372
9 0.6548505509492145 0.6257411505724881 0.03300084239534584 0.043514220779006865
5 0.4521884659682426 0.6214605738665572 0.03370117935348418 0.06070172077900686
9 0.3918093814815622 0.6170418551161452 0.03331917737631773 0.051326720779006865
2 0.2660599649796594 0.6200186250016476 0.04098709733826169 0.06707445170428325
3 0.7089385316718426 0.5333257796313255 0.03712992688202625 0.049051154626382674
4 0.6429633631927735 0.5258775182672398 0.05512785178688588 0.08840002678536116
9 0.5256631166528146 0.5443429204579905 0.029094592395345842 0.04344603693163087
3 0.4601826966908707 0.5298497723244295 0.029412927376317732 0.05125853693163087
0 0.3981774452079959 0.5238958271129681 0.03864334733826169 0.0670335413958579
3 0.45825809935260897 0.4634298855549545 0.02872717787060921 0.05358865016215582
9 0.38785009885831745 0.4623134448077198 0.03497717787060939 0.05369774431795715
6 0.27146109490398473 0.4455816866900449 0.04967634783255317 0.06956820616851012
11 0.7037841635733344 0.3684547560923752 0.04030134783255335 0.0694045649348082
6 0.50997049657714 0.3702741749222174 0.03293451680591382 0.08020569724005648
3 0.40241798174839233 0.3017890020318902 0.029731262357289623 0.05907103693163096
3 0.33604356524648954 0.3037293774372796 0.03354201186299814 0.05679547077900686
3 0.6286820514063252 0.23294967857566537 0.029731262357289623 0.05907103693163096
11 0.5659592169196447 0.22857187013367897 0.03417868182494192 0.07242047077900678
1 0.5150042119767289 0.20600712338008983 0.04087169220506546 0.12172104139585782
9 0.4489945514063251 0.23608613555495445 0.028950012357289622 0.05905740016215581
9 0.6745728715585495 0.16960419886820483 0.03363751235728962 0.059139220779006775
5 0.6142256205699662 0.16596673011779292 0.034274182319233584 0.07476422077900682
3 0.5712568705699662 0.16671675243892728 0.027451179353484 0.060592626623205435
3 0.5044513725471326 0.1772645146137919 0.027451179353484 0.060592626623205435
9 0.4487597880604522 0.17276397524652895 0.027546679847775656 0.06293637662320543
0 0.33506470258518867 0.16458505682042862 0.03959835228117754 0.09047104139585782
9 0.2912192020908971 0.16300496591103814 0.03510451186299814 0.056822744317957155