9 0.26529679559330277 0.7043839423720877 0.03953151293212374 0.04363695170428343
9 0.4037599020197935 0.6957202341749827 0.032727583465237055 0.051326720779006865
10 0.5282741687128409 0.6833957378284307 0.04551473997087001 0.0882500223211343
9 0.6764616161264161 0.6893985016281483 0.03969063730530316 0.04910570170428343
3 0.4728939984171543 0.6008111087695932 0.03116508346523723 0.051299447240056396
2 0.5426381970843709 0.619115049516828 0.037574207838416564 0.05687729139585791
2 0.5969308919906636 0.6048928624230412 0.043733279625171304 0.05386138555165907
9 0.5412097408953069 0.5340269833642038 0.028912261678482487 0.05438353693163087
0 0.6085790973217977 0.5266042211893392 0.03943222453146404 0.06706081493480802
11 0.6737638281214678 0.5137536193229001 0.044119724531464045 0.06714263555165925
7 0.7486501678549111 0.5163507394532838 0.07460284639736088 0.09500458279171564
8 0.41719323086617716 0.4487361400191814 0.040213474531464045 0.06707445170428343
3 0.4780398026529317 0.4507974720001181 0.028131011678482486 0.054369900162155815
3 0.5342216064929978 0.4521593745979059 0.028889529625171127 0.05360228693163087
1 0.6730256937191585 0.43177691640080074 0.06132159639736088 0.09477275771063773
6 0.7316876398790926 0.428410408690163 0.049193669437756785 0.08050570616851012
9 0.41783574003737717 0.3729821635581317 0.02826740399835046 0.05905740016215581
0 0.48766250673042466 0.3616122410748416 0.032074365597690856 0.08254944724005639
9 0.5368585246771133 0.3615343745979058 0.02904865399835046 0.05907103693163096
9 0.3028077851019545 0.3008089289794072 0.03438101167848249 0.05447899431795715
5 0.37010894536851124 0.2957299168045425 0.03800611685133202 0.07172104139585782
3 0.42070833894202053 0.30109352678865653 0.02904865399835046 0.05907103693163087
3 0.4822906966221524 0.304703722000118 0.02826740399835046 0.05905740016215581
3 0.5449270889420206 0.2989252804421045 0.02826740399835046 0.05905740016215581
11 0.7286117671552658 0.29259563961543955 0.044278848904643196 0.07261138555165916
8 0.3737855263264659 0.22304639326559222 0.03731579506457736 0.07483240462638267
3 0.4314616340065978 0.2267247723244296 0.026750368104973176 0.060592626623205435
6 0.4840781686463339 0.21643610876959324 0.032301686130804086 0.09036194724005649
4 0.6124986853393815 0.20404342857566538 0.048608647730144484 0.11407218262955983
5 0.7212599198999751 0.22322803084914158 0.044278848904643196 0.07261138555165916
9 0.4381495546979958 0.1578929517075786 0.026818564264907252 0.06293637662320543
3 0.6003313059516371 0.16599400365674327 0.029094118104973178 0.06063353693163096