4 0.49933664391858146 0.3967356433751662 0.073467540942044 0.1885545669378846
2 0.4210425159206535 0.31312528324382943 0.06067428846084475 0.1481376068519765
2 0.389976722288013 0.6381972043201571 0.07673593610347992 0.15833147840327405
1 0.2460039745643246 0.2878397574632318 0.08882071319178504 0.2002699949116174
5 0.2711537160872692 0.07115354647281244 0.06218113047912741 0.13029168758467108
5 0.18884021546358748 0.7756097523748492 0.0861644400324213 0.1432387449116174
3 0.2928192400706934 0.7717267565587207 0.06977530665780982 0.12601362336031982
3 0.33319791356328865 0.32712690750866036 0.058510320925833435 0.11840916327441153
3 0.433187143299409 0.1535079438047075 0.0494435359796455 0.10780253392119792
3 0.4165134894515209 0.5185497676399973 0.05889131058675119 0.1098563568519765
3 0.4878876834128835 0.6385480071245475 0.061562546318727665 0.11701043758467104
3 0.49827279590444284 0.23937684475464716 0.05385920822938637 0.11894475180902227
0 0.34984164226595166 0.06740828838798288 0.05974748924663302 0.13481657677596576
0 0.668003214844415 0.5038034356641072 0.06703345037150363 0.15080890547249554
11 0.8071276033908221 0.05488729802782154 0.062253905086233276 0.10977459605564308
7 0.8554218240262053 0.35771192842801786 0.08104460049533771 0.2006418091359686
8 0.6654282167064418 0.2971849434660232 0.06659680272886845 0.1414339054724955
8 0.86218986248705 0.5030244284280179 0.07849748924663302 0.1459543091359686
6 0.8194863622821623 0.10741867933252905 0.06436221463952699 0.1436548247398008
6 0.8861796341986719 0.6145417825664609 0.07373721463952734 0.14414614767057934
10 0.7384953815125848 0.18449683570953562 0.08093328453190338 0.16478619629109836
9 0.7358391083532209 0.12746558570953564 0.05387632485477489 0.10257944538658718
9 0.592356627997928 0.056669486093648413 0.05398548676543378 0.10492319538658719
9 0.59214907444049 0.22036017186929718 0.05029756058675119 0.10940597749876284
9 0.7564170897419711 0.3002479884684976 0.051787285979645506 0.1079253646538925
9 0.7626735519002988 0.40094735131336784 0.05907324710451576 0.1137626068519765
9 0.779585031841307 0.6295260526928488 0.06167170822938637 0.11935418758467105