6 0.7295703182966811 0.7176799086266143 0.0559501068519765 0.05700042889684287
11 0.664767511874246 0.720675376985996 0.051221663274411536 0.0559461631118273
3 0.5313375361845054 0.7253313268589391 0.03362472749876275 0.04713260523343692
3 0.31723409260694063 0.7385802977079825 0.03818939676606821 0.04506187101845249
10 0.23631496325372697 0.7518608186840827 0.06638963986866324 0.07785896046687384
1 0.5355923462249852 0.6292830794897751 0.05598440637700648 0.08737817363517095
8 0.38888444256151206 0.649510821456093 0.03933581693788479 0.0669368710184525
9 0.3319760232942067 0.6504887635071155 0.03206222749876275 0.04704159997176518
9 0.25438661182881744 0.659681023959872 0.03859883254171699 0.05287437101845249
0 0.7285854296712133 0.5432714428274814 0.056523316937884614 0.06793792889684287
3 0.6655907847141674 0.5414884059251912 0.03872166327441153 0.05521812101845249
5 0.3308472925160836 0.5679947819229669 0.04390048620519007 0.06486613680346806
3 0.66738233604822 0.46271866381769905 0.0387626068519765 0.055999371018452496
8 0.4020406190649067 0.45792256093274925 0.03888211555840364 0.07314136838761662
9 0.5947504194944481 0.3921779216396196 0.03247166327441171 0.05485409997176518
6 0.5322028318643485 0.36700288736816544 0.03711157564431211 0.08394236049510884
7 0.47751533186434847 0.37018807152668015 0.046438988014212514 0.11330363680346807
9 0.3443786052700967 0.3989717661379514 0.034034163274411534 0.05494510523343701
3 0.658752043759279 0.30043847169608934 0.034320768317365594 0.06041385523343692
0 0.609038648802233 0.29788189006958854 0.040236575644312114 0.08412437101845249
9 0.42532206806953854 0.3109187583160308 0.03012791327441171 0.054717592079257395
3 0.35883393091440874 0.3163489819370844 0.034197937584671045 0.05807010523343701
5 0.7278129822484611 0.2161930033367076 0.049079309135968606 0.07451415258848364
4 0.6036318537997587 0.20784842427045555 0.05124931874690688 0.11592040258848364
9 0.5469347964728124 0.2345166110598062 0.03041451831736559 0.060186342079257396
9 0.47946069142985837 0.24389858731169572 0.029715155472495525 0.061703339448421345
3 0.36420418362794216 0.24360172667541252 0.030496405472495526 0.06174884207925739
2 0.30852739371385046 0.23594041609559913 0.04229372060135787 0.07879212891096028
3 0.7188341299190405 0.1497335454300824 0.03608798620519007 0.06441111049510884
9 0.6680938234966054 0.1519099664344175 0.03596515547249553 0.06206736049510884
2 0.5519741785395595 0.15322110842897024 0.03933249491161739 0.08173511838761663
11 0.48244292853955956 0.15727084257336754 0.03386374491161739 0.08141659997176513