7 0.3172098559302195 0.7090890332814782 0.06535799310014116 0.07533696509696383
1 0.4704030397775954 0.702509976464345 0.04334662540538936 0.06714263555165907
8 0.6022297382354678 0.7119241124230411 0.047761390015886106 0.05159945616851012
5 0.6607143940796665 0.7171513547124034 0.04390968709378669 0.05465627232113448
9 0.728737691157567 0.7128399557680638 0.03668752232113448 0.04359604139585791
6 0.46088376380301294 0.6214508912369974 0.036247191558013724 0.06311365462638249
8 0.5335263770335378 0.6209639216758065 0.03696025771063773 0.05922104139585791
9 0.6608564902640627 0.6195223782513539 0.03682389001588611 0.05140854139585791
3 0.7365831931861619 0.6213246116122623 0.03912672970746058 0.04910570170428343
9 0.2829417702958348 0.5245873482162864 0.03219093709378669 0.05445172077900686
3 0.3452099452147569 0.5367776566582728 0.03217730032431163 0.053670470779006864
9 0.5281042658316079 0.5288991526010831 0.028271050324311632 0.05360228693163087
3 0.7208139172115796 0.540374620540716 0.03842730032431163 0.0537795649348082
3 0.2820298810907276 0.4425970085247119 0.03687843709378669 0.05453354139585791
9 0.3450520324706994 0.4563361801972231 0.033753437093786684 0.05447899431795715
3 0.4013020324706994 0.4553543327950109 0.030628437093786688 0.05442444724005639
4 0.46714522078230214 0.4417088441590966 0.042329596184396225 0.09836536201270896
2 0.5365128295486 0.4498701716758065 0.03702844155801355 0.0631272913958579
11 0.6599639663180753 0.4469343120987297 0.03944037540538936 0.06707445170428343
3 0.7262474853927987 0.45280643669334014 0.03691934740221221 0.05687729139585791
6 0.48259867126876943 0.3617758823085436 0.03268186079489297 0.08257672077900687
11 0.5932497991097909 0.3762457110430694 0.034053446022240405 0.07166649431795716
9 0.7221424123403157 0.3747768940796664 0.036179007710637735 0.05920740462638259
2 0.3500822260573079 0.3023890198887976 0.04331935186643907 0.06558013555165916
9 0.5344981363657334 0.2968269922926575 0.027503437093786685 0.054369900162155815
10 0.6684464423720877 0.27418260471240347 0.05965346387914785 0.1064778709411626
5 0.7204492731352086 0.2928001911575671 0.04422333279171564 0.0726250223211343
3 0.29837545008272554 0.22206632021310918 0.033862531249588025 0.060728994317957155
0 0.3625197706995765 0.21626060511614525 0.03742390787279355 0.08578354139585782
0 0.7124106765437752 0.2164013323912691 0.03980856818121907 0.08816820170428334
3 0.478440825488115 0.15253725000329527 0.026090941558013548 0.06293637662320543
9 0.5346635519491646 0.15311790260108304 0.027694351866439072 0.06530740016215578