4 0.5859705583635884 0.694635951139495 0.04833668231923358 0.07606509288963732
3 0.5193096403788108 0.6856801038012333 0.03143834239534584 0.04417842292769336
9 0.45869047535978275 0.6910095909496521 0.028967258402956907 0.040957922433401704
9 0.25680964037881077 0.6749840484405756 0.03768834239534584 0.04443309091247105
9 0.7120927065767024 0.6124203118236295 0.03947367688202626 0.04996550790866543
5 0.6353392055881193 0.6046131290101042 0.03832501235728962 0.06005809091247105
7 0.32440170558811926 0.5919433967674204 0.06115501730020556 0.08438692885919252
11 0.25327612209002204 0.5882652984405755 0.05307326186299814 0.058319177376317734
9 0.64175369026508 0.5323388809872707 0.029317426882026078 0.04955167243340188
2 0.5693693542955248 0.5169101991623286 0.038229511862997965 0.05771434091247105
9 0.511444107755566 0.5309289368050389 0.02919009288963732 0.046426672433401706
6 0.3205498523183586 0.49741214676742035 0.045674597338261694 0.06815709239534584
2 0.25840002079742774 0.5034592169196447 0.04577009783255317 0.07050084239534585
3 0.69850375596868 0.4511963103407547 0.03341467787060921 0.054398339923887915
3 0.5130291709877082 0.4358392712917193 0.02872717787060921 0.054207338935304605
10 0.32296258650102777 0.42263498125410076 0.05538251977166349 0.09585101087441501
6 0.271113585018153 0.4135027203796858 0.04586559832684482 0.07284459239534584
3 0.5681358236494465 0.37178870015091176 0.02875901136870649 0.0549885889353046
8 0.6157655573378241 0.2965141275272295 0.03436968281352506 0.07783583992388783
5 0.4994229743340185 0.2933334363107473 0.030240598326844826 0.07220792243340188
3 0.39135580634924094 0.28269041357333435 0.029731262357289623 0.05970792243340188
9 0.33483389231879607 0.292866568212239 0.03370117935348409 0.06142958992388783
0 0.2781700568435325 0.280418306349241 0.04553001730020556 0.08375025889724856
11 0.5631870439919513 0.23119553364900897 0.03258434832684483 0.07230342292769346
8 0.5064595415204933 0.21718477178601087 0.03414684832684482 0.07236708992388782
3 0.3964624590109793 0.2166024985543063 0.02901367935348409 0.06123858893530469
0 0.3389218730414242 0.201778653193211 0.038721601786885884 0.08893250741437378
9 0.6178307816346615 0.17492562901010428 0.028950012357289622 0.0596760889353047
3 0.5581692801517868 0.1654750331547174 0.02745117935348418 0.06117492193911027
9 0.5049487796574953 0.16096660528410808 0.02745117935348418 0.06117492193911027
1 0.38502094022789896 0.12722166357333434 0.05206386018984288 0.12925375988583174
3 0.27507027866891204 0.14692005684353254 0.03526367935348409 0.06149325692008221