3 0.36626954859052996 0.684079592379798 0.03506851282028158 0.050157130257724704
9 0.43180250330525977 0.6618493882867835 0.033251301695410976 0.044606493102595124
9 0.4989172286981539 0.6567657406162042 0.032052674730940464 0.05233710594746519
2 0.6372348660017068 0.6502999773872211 0.0455886358558109 0.05850189676606821
3 0.702677929483942 0.6429544668717716 0.03741226282028158 0.050279960990419426
7 0.295278498342861 0.5891222964728124 0.06802871608726928 0.08851362336031983
3 0.36991462530733166 0.5773792130265842 0.033615174730940375 0.052418993102595124
1 0.7095036641824611 0.5541000067858632 0.06501287799792799 0.09069359905006032
9 0.3637502084342742 0.495470793759279 0.037521424730940375 0.052623710990419424
0 0.43934952191650956 0.48759301673548594 0.03612374462331651 0.0728133802577247
3 0.5565006346129566 0.48067023010075466 0.029708924730940466 0.05221427521477064
6 0.7513764869703214 0.46105933570953556 0.05174874462331651 0.07363225180902226
3 0.438382027293193 0.4163764360027914 0.029854473945152192 0.055339275214770646
9 0.4861110519002988 0.415441377771334 0.029818086641598997 0.05455802521477064
9 0.547757027293193 0.4106443351437088 0.029073223945152195 0.055298331637205676
8 0.6808777423470049 0.393486733380115 0.04569779776646961 0.060845646766068115
4 0.7502998304363462 0.38749900497684103 0.06704841294411601 0.10093173620519007
2 0.36410331120592376 0.3349051079836302 0.041065955748187034 0.07852779172311397
3 0.42227968424145307 0.33968778324382937 0.030072797766469605 0.06002677521477064
3 0.48719620884855896 0.33785196630594466 0.0291823858558109 0.057642081637205765
5 0.6048738604201355 0.32541948609364846 0.036014582712657804 0.07046963025772479
5 0.31182802770747775 0.2718595533702174 0.04159249462331651 0.07309998530067893
10 0.3580116689399721 0.2545591887163249 0.06027187406898662 0.10603199400710625
9 0.5357920665826073 0.254639996609098 0.029073223945152014 0.05529833163720586
11 0.6080673269216895 0.25946693747312943 0.038467494623316514 0.07293621099041943
8 0.725271943547078 0.23687820726083314 0.04419095574818712 0.07869156603337357
11 0.5912201211735024 0.1836004782917323 0.03616013192686936 0.0735946302577248
6 0.6517573608344203 0.17181312924167197 0.03908607878371626 0.08621746099041942
9 0.70393844499482 0.18239210312239015 0.034160984284234176 0.06413774310259504
3 0.4220484361034799 0.13294646031305088 0.029364322373575648 0.061548331637205765
9 0.5899080241928211 0.12179984113660254 0.029582646194893057 0.06623583163720577
0 0.7055865281217626 0.10007424807943603 0.04246578990858687 0.09184998530067894