3 0.33359375 0.7015625 0.0328125 0.0484375
9 0.4 0.6828125 0.03125 0.04296875
9 0.4671875 0.68125 0.0296875 0.05078125
2 0.60546875 0.68203125 0.04296875 0.05625
3 0.67109375 0.678125 0.03515625 0.0484375
7 0.2671875 0.603125 0.0640625 0.08515625
3 0.3421875 0.5953125 0.03125 0.05078125
1 0.68203125 0.58984375 0.0609375 0.0875
9 0.33984375 0.51328125 0.03515625 0.05078125
0 0.415625 0.509375 0.0328125 0.07109375
3 0.5328125 0.50859375 0.02734375 0.05078125
6 0.728125 0.49921875 0.0484375 0.07109375
3 0.41796875 0.43828125 0.02734375 0.05390625
9 0.465625 0.43984375 0.02734375 0.053125
9 0.52734375 0.43828125 0.0265625 0.05390625
8 0.6609375 0.428125 0.04296875 0.05859375
4 0.73046875 0.42578125 0.0625 0.09765625
2 0.34765625 0.353125 0.0375 0.0765625
3 0.40546875 0.3609375 0.02734375 0.05859375
3 0.4703125 0.3625 0.0265625 0.05625
5 0.58828125 0.35625 0.0328125 0.06875
5 0.2984375 0.2875 0.03828125 0.07109375
10 0.3453125 0.27265625 0.05546875 0.103125
9 0.52265625 0.28203125 0.0265625 0.05390625
11 0.59453125 0.290625 0.03515625 0.07109375
8 0.7125 0.27421875 0.040625 0.0765625
11 0.58125 0.2140625 0.0328125 0.071875
6 0.6421875 0.20546875 0.03515625 0.084375
9 0.69375 0.21875 0.03125 0.0625
3 0.41484375 0.1546875 0.0265625 0.06015625
9 0.5828125 0.15234375 0.0265625 0.06484375
0 0.69921875 0.13671875 0.03828125 0.08984375