11 0.7453767521780781 0.6555242605467162 0.05025606426490725 0.06334547970746059
0 0.5475386457515873 0.6583241578694983 0.03708847453146404 0.06701990462638267
9 0.4153255393250966 0.6622695438281945 0.031256011678482486 0.05442444724005639
3 0.7269426524155049 0.5637498177708867 0.03982702962517113 0.053793201704283436
7 0.6856500626820616 0.5591208189887027 0.06522784639736087 0.09484094155801373
8 0.5499255113492781 0.5762929078694983 0.04237536810497318 0.06086536201270896
9 0.7240737166804122 0.5011679971540357 0.039045779625171306 0.0537795649348082
9 0.6678237166804122 0.5001861497518234 0.03672476167848249 0.054519904626382495
2 0.5424061795333935 0.485490629866321 0.0333413489046432 0.07242047077900686
3 0.47253394873372356 0.4959957073830309 0.028199207838416385 0.056713650162155814
3 0.41733798337345956 0.48565249675029387 0.028889529625171127 0.05360228693163087
3 0.3473748243605441 0.49928257426700373 0.03279577962517113 0.053670470779006864
8 0.30215325257378944 0.4953666416374438 0.037224866851332014 0.07170740462638267
9 0.6679804925446596 0.41420773944339795 0.03139240399835046 0.059111947240056396
9 0.604008920757905 0.40996452434643393 0.028889529625171127 0.05360228693163087
9 0.2928895643314142 0.4107870900953163 0.03679295783841656 0.056863654626382674
0 0.7159299107287751 0.32437367207295775 0.04310279381093611 0.08586536201270886
6 0.547756572248973 0.3284730166357962 0.032142561757624755 0.0848931972400564
3 0.42133882475625556 0.34815249675029386 0.028980457838416386 0.05672728693163096
11 0.3575263773426802 0.33844053165332993 0.037247598904643374 0.07248865462638268
3 0.31042405680956686 0.34543482548481974 0.03451740399835055 0.059166494317957154
2 0.5366886916075876 0.2790360783241935 0.0333413489046432 0.07242047077900686
10 0.4881973673135504 0.2531769618472578 0.04173652210332381 0.11941820170428334
9 0.43106081723440814 0.28266386444504554 0.028131011678482486 0.054369900162155815
6 0.3657540659807669 0.27058087580913126 0.033727793810936116 0.08570172077900677
4 0.547851163631769 0.19090483278842035 0.04166832594338974 0.11707445170428335
9 0.43092207640560815 0.20684170413662004 0.026818564264907252 0.06293637662320543
5 0.3151379520324288 0.21029221225429487 0.03816524122451135 0.07718979139585783
5 0.7017634253102515 0.1396577528360785 0.03816524122451135 0.07718979139585783
1 0.6062607086963464 0.1176679301906326 0.04901782468974858 0.12813468262955988
3 0.4264224445105814 0.14657635998081867 0.02603731426490725 0.06292273985373029
3 0.32762123165759993 0.15735812702694724 0.02916231426490725 0.06297728693163096