9 0.26018685863260604 0.6552452634561257 0.04259867688202608 0.050566566033373485
6 0.3841973615983556 0.6347136782008753 0.040827929847775654 0.06450623530067894
9 0.4540323591268976 0.6427475062200364 0.03185217787060921 0.05468085594746537
2 0.6000770295831332 0.6171632507929695 0.043267180342067134 0.06697281603337366
9 0.7251261091268976 0.6285400848050244 0.04044592787060921 0.05513123530067894
5 0.3890387119023667 0.5541630410457454 0.03995117935348409 0.06212154172311415
3 0.4577568784042695 0.5513412562200364 0.03185217787060921 0.05468085594746537
9 0.5980635434232976 0.5517839122583588 0.03478617688202625 0.050157130257724704
9 0.2747944811797386 0.46893927125804175 0.03800667737631773 0.05266465456798421
3 0.3397973986702246 0.46163470432015713 0.03354201186299814 0.057887743102595125
8 0.45641189570447516 0.46955566768542567 0.037862097338261694 0.06824871099041943
3 0.6609402282139891 0.4627347003634282 0.03735276136870649 0.05574871099041943
6 0.7323032336511965 0.4332685283825894 0.04977184832684482 0.07355036465389268
3 0.4756659144875554 0.3796742961341281 0.029635761862998145 0.057683025214770645
9 0.5309754969970694 0.380673552127022 0.029731262357289623 0.06002677521477064
4 0.719829749962819 0.35674364993388685 0.06279577174882985 0.10619576831736577
0 0.2874748477953722 0.31079922263752274 0.04643860129259432 0.0874081467660682
3 0.3576600138029834 0.3102393006566839 0.03363751235728962 0.060231493102595034
3 0.4164447647915665 0.3024810323393182 0.029731262357289623 0.06002677521477064
9 0.3012136956279254 0.2414760125516145 0.035200012357289624 0.06031338025772479
3 0.3529353631184114 0.2348674864323327 0.03213867935348409 0.061712105947465276
11 0.5373740301146057 0.22364230212702196 0.03046343281352506 0.07799552521477064
0 0.6576228631184113 0.2188994911820311 0.041751101292594225 0.08716248530067894
8 0.7121193621298282 0.22072094075248977 0.045434516805913996 0.08189845318850333
5 0.4787431294300338 0.15109559475464715 0.03293451680591399 0.08124335594746528
2 0.6044607124338393 0.14606617876670214 0.03928001730020547 0.0839146545679843
1 0.656437047909103 0.13320765264742035 0.05837752718603735 0.13169041327441158
7 0.7239110493919776 0.122655254976841 0.06134335969555131 0.1279479375846711
9 0.4214054733082543 0.10420730664957775 0.029204680342067135 0.06623583163720577
11 0.5997851412930318 0.08862217096478603 0.034592517300205475 0.08366899310259505
10 0.6559542282511701 0.06852767695767983 0.05681502718603735 0.1316085261192818
3 0.7154738082892262 0.0810000214851844 0.03389218034206713 0.06648149310259503