3 0.71640625 0.7745038177551284 0.03828125 0.04452859140676253
3 0.6484375 0.7740780534206724 0.03515625 0.04987000741437377
9 0.371875 0.7628089950942651 0.03515625 0.04987000741437377
9 0.2328125 0.7633926324329643 0.03828125 0.04687234140676253
1 0.71640625 0.6721600677551285 0.0671875 0.0769564308363588
8 0.64453125 0.6661063859301865 0.046875 0.0605037598858317
5 0.3078125 0.6695736482502952 0.04296875 0.06034459239534584
6 0.70234375 0.576274564789379 0.0421875 0.07281275889724856
3 0.56875 0.5864560366147584 0.0296875 0.055115922927693364
0 0.50390625 0.5791263562726913 0.03515625 0.07018250741437378
9 0.4359375 0.5888568419382352 0.03125 0.052054589923887916
2 0.69140625 0.49848514581601827 0.040625 0.07587409190105418
8 0.63515625 0.49775563395302014 0.0375 0.07027800790866542
10 0.4984375 0.4734347717860109 0.0421875 0.10484400889724857
11 0.3765625 0.4989374960828483 0.0359375 0.07021434091247088
7 0.303125 0.473288897261712 0.05625 0.10229201186299797
3 0.69140625 0.41801639581601824 0.03515625 0.06002625741437377
6 0.5609375 0.40410645163378656 0.03125 0.08096083992388792
3 0.50390625 0.4142826062726913 0.0265625 0.05733233893530461
9 0.44296875 0.40789334342111 0.02734375 0.05970792243340188
3 0.38125 0.40772224707143156 0.0296875 0.05980342292769336
3 0.24375 0.4130570514063251 0.0359375 0.05771434091247087
4 0.5609375 0.3314502016337865 0.040625 0.10946784190105419
3 0.3109375 0.3361072322426839 0.0328125 0.06149325692008221
0 0.67109375 0.2601574748654912 0.0375 0.09137175790866543
11 0.54921875 0.2739414491623286 0.03125 0.07549208992388783
9 0.4390625 0.27179667593062395 0.0265625 0.06123858893530461
9 0.38828125 0.2712899985543063 0.0265625 0.0596760889353047
2 0.3203125 0.2661767342198503 0.0421875 0.07046900889724857
5 0.49140625 0.20517952030313613 0.03125 0.07783583992388783
9 0.44140625 0.19923592642491558 0.0265625 0.06592608893530469
9 0.3875 0.19938316505620907 0.02734375 0.05970792243340184