3 0.7467754071847248 0.7661577928864993 0.040032092395345845 0.04408262061225567
3 0.6789021576790163 0.7665238542484127 0.03712992688202608 0.049460442399010415
9 0.4023396576790163 0.7584767073761981 0.03712992688202608 0.049460442399010415
9 0.2635318256637939 0.7606804018867794 0.04012759288963732 0.04642637061225567
1 0.7426052189339921 0.6638140428864994 0.07021168231923358 0.0761737065847754
8 0.6706028849416033 0.658597693981856 0.04926251235728962 0.059957673198680436
5 0.3345844718997416 0.6659876790046682 0.04535626235728962 0.059844012932123644
6 0.7246590321661343 0.5680923659268953 0.045084348326844825 0.07232128087881229
3 0.5917019521280781 0.579830184810656 0.031884011368706486 0.05477006802583091
0 0.526667201139495 0.5732559243858146 0.03795759783255317 0.06977294239901041
9 0.4592077871090501 0.583778235747728 0.03331917737631773 0.05169053213245363
2 0.7105700158545118 0.4904303671805364 0.04364918231923358 0.07540081677218975
8 0.6543836828507062 0.49035615934211985 0.04030134783255335 0.0698411385589445
10 0.5169009288963735 0.4676280500126353 0.04638952174882984 0.10435253087881229
11 0.3962674353221642 0.49455059969606613 0.03873884783255317 0.0697956744523216
7 0.3219067638773455 0.46975753668480014 0.060324687756441085 0.10163670783841657
3 0.7072911655505006 0.40996161718053636 0.03754376235728962 0.05961669239901042
6 0.5764722470714315 0.39757161427754256 0.034497016805913994 0.08059678213245362
3 0.5199503330409867 0.4084121743858146 0.028854511862998145 0.05702288981258548
9 0.4588536655505006 0.4027328242275301 0.029731262357289623 0.05938937186589701
3 0.39723041604479226 0.4032807420159342 0.03207501235728962 0.05945756802583091
3 0.26017608501815304 0.41021740063313833 0.038229511862998146 0.057295674452321775
4 0.5735117317483923 0.32491536427754253 0.045018022737412976 0.10899456677218974
3 0.324116568212239 0.33248485721791354 0.035263679353484 0.06111099623907634
0 0.6805801324329643 0.2523393337944415 0.04116085228117754 0.09093488855894431
11 0.559469136387297 0.2675431334778724 0.034274182319233584 0.07512803213245363
9 0.4494083868815887 0.26668166396097337 0.02901367935348418 0.06092913981258556
9 0.39869080387778305 0.26676658049573626 0.028950012357289622 0.05936663981258557
2 0.3306265533834914 0.2624451418576496 0.04498884783255317 0.06997753087881238
5 0.4989507890490354 0.1994547115328332 0.03436968281352524 0.07747178213245362
9 0.44879162155854946 0.19409361012090742 0.029204680342067135 0.06561663981258556
9 0.39498087205284105 0.19486884844242494 0.029731262357289623 0.05938937186589692