9 0.6408912248175446 0.7171875 0.035392599336070064 0.040625
8 0.5768696314334029 0.72421875 0.042528388465485636 0.05859375
3 0.44015997179248245 0.72578125 0.031499984874689524 0.04296875
8 0.2949201946651194 0.73828125 0.0433323643631847 0.0625
0 0.7051441014773694 0.615625 0.04333236436318479 0.0625
7 0.6371617159387499 0.61328125 0.055945993851679886 0.08203125
9 0.5739577339909268 0.6265625 0.02763918667008767 0.05078125
10 0.7054390172666098 0.53203125 0.06697439744247617 0.09765625
1 0.6288037943939729 0.51953125 0.04744314744247617 0.09765625
3 0.5672668515755653 0.55078125 0.02999657220870695 0.053125
3 0.43440889978016717 0.54296875 0.02765282220870695 0.053125
5 0.36961060157556525 0.55078125 0.040988614363184704 0.0625
2 0.3063566226528041 0.55546875 0.04718407220870704 0.053125
3 0.752590752337691 0.4453125 0.03859486738824671 0.05390625
9 0.6862526800307881 0.45703125 0.03625111738824671 0.05390625
5 0.6331276800307881 0.45703125 0.03789997579950324 0.06875
3 0.4909401800307881 0.45703125 0.02765736738824671 0.05390625
4 0.44006348126045225 0.440625 0.04353689744247617 0.09765625
9 0.7428021409995684 0.37421875 0.03313975292686635 0.05625
6 0.5662532765381879 0.3765625 0.0356198583130606 0.0796875
11 0.49594986689726744 0.378125 0.03164997579950324 0.06875
9 0.4381510024358869 0.38046875 0.027684638465485634 0.05859375
9 0.37568736387220536 0.38671875 0.031577252926866174 0.05625
11 0.7399402405320302 0.28515625 0.043400542056281924 0.07421875
3 0.5557288669954634 0.31328125 0.026903388465485633 0.05859375
0 0.555996511707465 0.225 0.030210195647078032 0.08984375
2 0.3123237797596417 0.23828125 0.036414743851679886 0.08203125
3 0.7181374425238201 0.16328125 0.033176114363184794 0.0625
9 0.6626550569852006 0.1609375 0.027707364363184793 0.0625
9 0.4907755118056608 0.16015625 0.025377249901804077 0.06484375
6 0.4391993762670413 0.1578125 0.027889171544777012 0.09375
3 0.37282494252382004 0.16328125 0.030051114363184705 0.0625