8 0.7452994357923606 0.6408691728533313 0.05686890226045147 0.06241642836490087
2 0.45883460572024254 0.6751764831569049 0.037173998100139015 0.05458934091247105
8 0.3239329288585064 0.6697461783277199 0.048238784669270805 0.0605037598858317
3 0.25336585572024245 0.6835486931564675 0.0394086453265972 0.04999734140676253
6 0.46256097739548563 0.5821440661607106 0.03441267401194459 0.0700870069200823
1 0.3206280505337495 0.5770002628144002 0.06291953371934031 0.08763926285158127
7 0.2453916611910759 0.590212528631731 0.07400250408406261 0.09433493182494193
9 0.7257896356398608 0.4730741777962472 0.036410931895729345 0.055338757414373774
5 0.6517163560045829 0.4698483601154808 0.03982687262517359 0.06796609140676253
3 0.6011890259324648 0.4945419539937014 0.03406718189572935 0.05524325692008212
9 0.4646521138883676 0.49230031616071057 0.02865298328249999 0.05736417243340188
4 0.336945341186944 0.4795522598486507 0.055397974448784824 0.09982092787060921
2 0.7259727800165274 0.39813784479244163 0.05003767401194459 0.07072367688202608
3 0.5358199054914927 0.41915463483006016 0.02865298328249999 0.05736417243340188
11 0.46508983140329824 0.406426483156905 0.03292290919430556 0.07314833992388792
9 0.3342574054914927 0.4273676773391367 0.02865298328249999 0.05736417243340188
10 0.7249025489182289 0.3099839287848304 0.0666991503605903 0.11589159684397003
3 0.5910360419843746 0.32714620695945085 0.028707534669270986 0.05970792243340188
5 0.46672637300642333 0.336113983156905 0.03292290919430556 0.07314833992388783
3 0.4080235202328817 0.3431889955141947 0.02865298328249999 0.05736417243340188
9 0.350301939210833 0.3416384243733871 0.028707534669270895 0.05970792243340188
3 0.7160373484051388 0.2549290142600939 0.03730128466927098 0.06005809091247105
3 0.6434356497919096 0.2555457795831332 0.032613784669270986 0.059867089923887826
9 0.5817896349742706 0.2549356259328116 0.02645470364722229 0.06351867193911023
0 0.5234686419081248 0.24560438829010128 0.033286585106111134 0.08877333992388783
9 0.41222201738309006 0.26340599501990314 0.02865298328249999 0.05736417243340188
3 0.4771579927818054 0.18973373167403024 0.028017203647222287 0.0635823389353047
6 0.40762674278180533 0.19256691300468062 0.03337750408406261 0.09267958992388783
9 0.3475250441685762 0.19267434235816472 0.028017203647222287 0.0635823389353047
0 0.2991420955553471 0.19230426924019084 0.042752504084062615 0.09306159190105419
9 0.4715632626334374 0.12830148315690498 0.02796265226045147 0.06123858893530465
11 0.40908144642902766 0.13006691300468065 0.03303201196784737 0.07783583992388783