9 0.738821803170276 0.7245030280398458 0.038345479707460585 0.05040279172311415
3 0.5544877134787015 0.7124965937345351 0.030532979707460585 0.04999335594746519
11 0.7506008287378212 0.6320665445481891 0.051804007710637735 0.061255082541716986
2 0.6795479890462467 0.6259969289897855 0.03941310186643907 0.06684998530067894
9 0.49276105519887087 0.62011766395178 0.028189229707460583 0.049870525214770645
1 0.42041845089679974 0.5983411612382467 0.04991027110331832 0.08691350180902227
3 0.3038212861241473 0.6031780681810801 0.036782979707460584 0.050320904567984215
9 0.5499344013832671 0.5253684079588863 0.028284687093786686 0.05533927521477082
8 0.4905184910748416 0.5246004460639557 0.03609718709378669 0.05574871099041943
4 0.434541226464345 0.5060275084792847 0.043783002028594885 0.09361720318850324
6 0.6215423944834082 0.4548345799397251 0.03645174310014099 0.07606121099041943
10 0.49123728571711023 0.4386220024863908 0.04226141233702041 0.09587906603337366
0 0.37391341802235856 0.44029296585165945 0.03719208279171564 0.07375840456798421
0 0.31705944602553576 0.4271478346894235 0.039576743100141164 0.07622498530067894
9 0.6805822037361735 0.387551904679526 0.03609718709378669 0.05574871099041943
5 0.6150253875835494 0.38020639416407637 0.03709662540538936 0.0682896545679843
11 0.5534293685088258 0.36994060153645114 0.03092844602224041 0.07264960594746528
3 0.43999811404459904 0.37259753278954416 0.027503437093786685 0.05529833163720586
2 0.31590209496987554 0.3590562539567289 0.044168785713814974 0.0710018967660682
9 0.5489833762194636 0.31106024649349706 0.027585257710637735 0.059985831637205854
3 0.4437328145310664 0.2930328635222388 0.027585257710637735 0.059985831637205764
9 0.7289396574690518 0.2602800757558536 0.030710257710637734 0.06014960594746528
9 0.6080777325501296 0.24065257123329786 0.02754434740221221 0.057642081637205765
3 0.5580095487027539 0.2419384322691458 0.026050031249588202 0.06146644448207601
9 0.4425481899364557 0.22650378278954414 0.0276125312495882 0.061548331637205765
7 0.3772777459428102 0.20275202227409456 0.049056883116027274 0.12745661465389252
5 0.32682773255012965 0.2259128833099425 0.03717844602224041 0.0729771545679843
3 0.6677351505691929 0.18278583955066355 0.030737531249588203 0.061712105947465276
3 0.6116078814944694 0.17280665196599249 0.0276125312495882 0.061548331637205765
8 0.5498073108776185 0.17425960933836732 0.031078450486467447 0.08124335594746528
6 0.452519253653448 0.1480479121427578 0.028911978489644597 0.09127677521477065
3 0.32961754180289493 0.15568227046507227 0.028393781249588114 0.061589275214770645