11 0.6967954398479785 0.7768621552075584 0.05138543758467105 0.05822367688202608
1 0.551561504976841 0.7545030410633828 0.05919461555840364 0.07335392836490087
3 0.283794150838398 0.7248023177179475 0.03847600180902226 0.04990184091247105
9 0.21492132010570336 0.7243447198853943 0.04053314676606821 0.04452859140676253
2 0.6893691214397559 0.6646022357399061 0.048915534825709095 0.07059634288963731
3 0.5589822585948856 0.6577235415576744 0.033911332541716986 0.052054589923887916
3 0.4177431049314125 0.6637122619001792 0.032348832541716985 0.05199092292769336
9 0.36699947648271003 0.6459862510257641 0.034034163274411534 0.054398339923887915
3 0.6327306970840678 0.5800879728883247 0.035596663274411536 0.054462006920082115
6 0.3716670443251059 0.5569237510257642 0.03657930913596861 0.07321200692008212
3 0.3009008429456249 0.5477769026989194 0.0379813568519765 0.055338757414373774
2 0.6949651034610744 0.49806865174751724 0.05064180913596843 0.0737850098858317
6 0.49763640208159343 0.4837647767289267 0.03698874491161739 0.08102450692008212
11 0.37563857134889883 0.48114250102576417 0.0364155348257091 0.07008700692008211
9 0.25290043419376906 0.4777071418245045 0.03872166327441153 0.05458934091247088
3 0.6942081869073025 0.42287765075893413 0.03888543758467104 0.05771434091247105
5 0.6293644369073025 0.4202354704168668 0.04122586555840364 0.07262175790866543
9 0.5691672433297377 0.4185655410633828 0.0301688568519765 0.05502042243340188
0 0.5044463240624323 0.4135796107213155 0.03554907564431194 0.08330458992388792
4 0.4502092034156459 0.4027575158545118 0.04602955223856355 0.10478034190105419
9 0.4562378753964847 0.33254051634880344 0.02963326831736559 0.05967608893530461
9 0.39620445612917937 0.32774558699531936 0.029715155472495435 0.06123858893530461
3 0.331483536861874 0.3227596566532521 0.03432076831736568 0.059867089923887826
7 0.2738691106971637 0.28674656079786526 0.0642406416776855 0.12501192885919252
5 0.698821523067064 0.27509406676654535 0.04217088986866315 0.07577859140676253
3 0.39754562811001826 0.2573375865010278 0.02983798620519007 0.0635823389353046
8 0.34507572535105624 0.2426729086304184 0.039949970601357875 0.07802684091247106
9 0.6927220092722541 0.21221206478937898 0.03621081693788462 0.06618075692008221
0 0.5736001950479028 0.19952903958050805 0.03604039857509065 0.09267958992388783
8 0.523231702849819 0.20452294570228752 0.03916872060135788 0.07799500741437378
9 0.4114720092722541 0.20075200547438848 0.030496405472495526 0.06127042243340188
10 0.2957175344870248 0.16863323075980916 0.06201972241038014 0.12726017836490086