11 0.7272468225652775 0.7811518399468588 0.04909202800763594 0.05850601282028158
1 0.5813439765675046 0.7579411641824612 0.0562960006763177 0.07367724855225788
3 0.3128121525700499 0.7266739317602537 0.03650112133990877 0.050111315963434676
9 0.24403488056973174 0.725815599047596 0.03878123667249973 0.04475172787409356
2 0.7152655379137767 0.668814505786459 0.04611247867599957 0.07086046360606986
3 0.5848149692473221 0.6611753260931199 0.031840893340226904 0.052236742142117085
3 0.4440536092457313 0.6663443614535928 0.030278393340227083 0.05216396753501122
9 0.39267292258118575 0.6483177994190995 0.03186816534054513 0.05458049214211709
3 0.6552825579249125 0.5839450461093306 0.03343066534054504 0.05465326674922295
6 0.3937092585932761 0.5592552994190995 0.03364884134309047 0.07340326674922296
3 0.3226882339274579 0.5496940547957829 0.03578350600731781 0.055543678659881836
2 0.7140768499363666 0.5022627065722474 0.04771134134309048 0.07405823821317573
6 0.5164933252705484 0.48680671877335635 0.03373974801081765 0.08121576674922296
11 0.39459105327023014 0.4834740494190995 0.03361247867599957 0.07027826674922295
9 0.27191662193668475 0.47932374276128975 0.03655566534054513 0.05479881596343468
3 0.7102620539465478 0.42704438275092976 0.036592028007635946 0.057923815963434676
5 0.645418303946548 0.4240242365560367 0.0383272506763177 0.07284034057054053
9 0.5852529632797753 0.42200366418246116 0.027971006007317813 0.05517980562435252
0 0.5204364852800933 0.4166397679875681 0.03220452001113579 0.08348674214211708
4 0.46584898261459334 0.4054989067388631 0.041824968013999354 0.10501713978475227
9 0.46901089262413825 0.33529556864952187 0.02724430000795408 0.059830918320799585
9 0.4088819146244565 0.3301499962759463 0.027262481341499622 0.061393418320799586
3 0.3440654366247747 0.32478610008105324 0.03193180000795417 0.060049242142117085
7 0.2850813352960017 0.2884269150110307 0.05923973468331738 0.12534891046291677
5 0.7088551899665925 0.27924258353671805 0.03914486334340861 0.07600172787409347
3 0.4073563246340015 0.2597283343652875 0.027289753341817758 0.06373716832079959
8 0.35437677530236505 0.24475399772368842 0.03682838534372675 0.07823631596343468
9 0.7002074433084102 0.21630593589408287 0.03356702534213589 0.06637201674922295
0 0.5807670999761375 0.20292617845048483 0.0323136080124085 0.09286174214211718
8 0.530685283975183 0.20762864102309736 0.03604713534372692 0.07819992865988175
9 0.4189574433084102 0.20320650661502854 0.028043731341499623 0.06142980562435252
10 0.30208811664545554 0.17040466108208924 0.056923256683635605 0.12758349855225798