6 0.3453125 0.6734375 0.0421875 0.05859375
0 0.48828125 0.67421875 0.03515625 0.06484375
9 0.61015625 0.66796875 0.02734375 0.053125
3 0.7453125 0.68125 0.03828125 0.05078125
3 0.2921875 0.5796875 0.0359375 0.053125
9 0.34921875 0.5875 0.03515625 0.05390625
2 0.48125 0.5890625 0.03515625 0.0625
3 0.54375 0.584375 0.0296875 0.053125
9 0.671875 0.5921875 0.03125 0.05390625
3 0.54765625 0.51484375 0.02734375 0.05390625
4 0.67578125 0.50078125 0.0578125 0.09765625
8 0.3671875 0.42734375 0.0375 0.06640625
3 0.49140625 0.43125 0.0265625 0.05390625
3 0.54453125 0.4234375 0.0265625 0.05859375
9 0.61015625 0.4359375 0.02734375 0.05859375
5 0.665625 0.42578125 0.03828125 0.06875
1 0.7390625 0.421875 0.05546875 0.103125
3 0.30859375 0.35625 0.03125 0.05859375
9 0.365625 0.3453125 0.0296875 0.06015625
3 0.48671875 0.36484375 0.0265625 0.05625
11 0.553125 0.34609375 0.0296875 0.071875
6 0.73671875 0.35703125 0.0453125 0.0796875
9 0.32421875 0.275 0.02734375 0.05859375
5 0.37890625 0.27890625 0.0328125 0.0765625
9 0.49375 0.28515625 0.025 0.05625
8 0.553125 0.28046875 0.03515625 0.07109375
11 0.371875 0.2078125 0.0328125 0.07421875
7 0.43046875 0.19140625 0.03828125 0.12734375
9 0.60546875 0.228125 0.02734375 0.0625
2 0.60546875 0.15 0.02734375 0.0796875
0 0.6625 0.1515625 0.0328125 0.09140625
10 0.72578125 0.14453125 0.0578125 0.115625