9 0.25583544657068624 0.7054949793155446 0.038744874005408825 0.0400664637974506
11 0.45658942457036805 0.7066706181738137 0.03578350600731781 0.05411078307929138
0 0.5192076032384134 0.6961507538106291 0.03577441534054522 0.05332953307929138
3 0.589501921904868 0.6973041876520462 0.03177725867281787 0.04549430718159222
2 0.2523751865850038 0.6000535003927835 0.052244300007954256 0.05889373184962743
2 0.3217428045830948 0.6137114794137405 0.03822725334181776 0.06271816861791066
7 0.38972973591664023 0.6117535487937771 0.05405224801081765 0.07999657220870696
5 0.5851876865850038 0.5981172539088249 0.03661930000795408 0.05880282825883114
3 0.6459797359166402 0.6102627299047197 0.033403393340227086 0.0509721475406721
3 0.33378936592936687 0.5183353469001831 0.031840893340226904 0.0509630571815924
10 0.38232686326386683 0.509459795768715 0.05651417667886314 0.09016645774732641
4 0.44864220659613957 0.5168859555078312 0.04403235801240868 0.09165623487468952
8 0.5266581185948669 0.5258064375538504 0.036664753341817756 0.06270907825883114
11 0.2713626386060028 0.4452660064429077 0.04369600334181776 0.06274998487468934
9 0.32924786394018457 0.43867966315696183 0.03578350600731781 0.05411078307929138
3 0.3915842319382756 0.45237854879377704 0.03030566534054513 0.0532977168225127
9 0.46030695993795734 0.454322322994274 0.027961915340545217 0.05328408128389341
9 0.5111609352721391 0.44777688632418633 0.027934643340227085 0.050940331283893414
9 0.2808109112826387 0.37177850946796975 0.03193180000795417 0.05877555718159231
9 0.5793938619510023 0.3575422508837628 0.02802555000795408 0.058752831283893324
3 0.6987523892823205 0.371690588414172 0.03656475600731781 0.05411532825883114
3 0.3340637279599109 0.2933489824388026 0.03190452800763603 0.056431807181592394
3 0.45669270595959277 0.29497913925105257 0.027217028007635945 0.056404536104353475
5 0.6419034999602291 0.28921443170011785 0.0367647506763177 0.07130282825883123
9 0.28884268197009233 0.2186171480316513 0.03585623134149962 0.06036078307929138
9 0.345101772636865 0.21750864510478504 0.03193180000795426 0.0587755571815924
6 0.5772875639720013 0.20287747678146184 0.03067838267822669 0.0853289668225127
0 0.6381250666375013 0.21111670277735675 0.036955654678545 0.08770907825883115
1 0.3945119739815463 0.1336330939733169 0.04830223468331738 0.12292896077238855
6 0.46856709197963725 0.14726380191703506 0.028434630012726815 0.09390908128389333
8 0.5154148199793191 0.14933484114464654 0.03061474801081765 0.0798602168225127
3 0.6395881166454556 0.15251840759781693 0.02807100334181776 0.06265908128389333