7 0.579218949912504 0.6513583407463145 0.0495011080124085 0.09196987133990894
9 0.5087882712444587 0.6606964307367695 0.03031475600731781 0.054251695337363515
0 0.4463155432447768 0.6576254273949518 0.03595622867599957 0.06915908000477237
11 0.23378827124445864 0.6574965160327713 0.051535775342135895 0.06543464334022708
6 0.6449990385900944 0.5716441160884504 0.043796000676317705 0.07159373667249973
3 0.30968824725495814 0.5810254700429527 0.03656475600731781 0.054324420671545325
2 0.23954846992363987 0.5653635600334075 0.052289753341817756 0.06309998400699968
9 0.5764223086012302 0.4888037967456782 0.028043731341499623 0.06047442333704538
4 0.5163751466025029 0.47872881540417855 0.04335110534690845 0.10049089600572696
3 0.4442456079328667 0.4997674740610881 0.027998278007635945 0.056568173337045204
9 0.5795478559436844 0.42164356874599634 0.028043731341499623 0.06047442333704538
8 0.5085359219446388 0.41378506806967863 0.0367647506763177 0.07151192067154515
3 0.45067796861077536 0.41701860872849716 0.02724430000795408 0.05890283267027261
9 0.39205694661045715 0.418680558720543 0.027971006007317813 0.054224423337045205
9 0.2655671719446389 0.410957870703362 0.03663748134149962 0.06057442067154532
5 0.5796484006206385 0.34585322807922364 0.03599259134309048 0.07228408000477256
1 0.5206097552912292 0.31625608740449673 0.03973575668363551 0.12544544267186347
3 0.33370919195577475 0.3297084180458161 0.03194998134149962 0.06051987667090888
6 0.27279896395609293 0.32665559603754374 0.0439505420114541 0.08487498667249974
9 0.6969091732972743 0.27377023742835926 0.033512481341499624 0.06053805800445433
3 0.6311750852960017 0.28238162141945056 0.03038748134149962 0.06050169533736351
0 0.5703921266311379 0.26839129941117823 0.032295426678863134 0.09020737667090888
9 0.5196199672979107 0.2670191560709513 0.027262481341499622 0.06046533267027261
10 0.3417040526336833 0.24697773404677056 0.04822041868236289 0.11617044000636331
11 0.2767603052991834 0.2548169587046346 0.04305111334340861 0.07470964600572697
5 0.6906506299729558 0.20728217142740477 0.03839088534372674 0.07699885200509068
8 0.5695932426400466 0.2027481180776328 0.03066929201145392 0.08472044533736342
3 0.4054761986394103 0.2055265780553611 0.02731702534213589 0.06515283267027253
3 0.6898699273154099 0.1400764900938593 0.03197725334181776 0.06286362667090888
9 0.4617540179821827 0.13664076539622438 0.025754525342135893 0.0651346513367271
2 0.35328753731700074 0.12443966271481596 0.036892020011135875 0.08244942067154523
3 0.3000898119828189 0.13007149737427084 0.032004525342135895 0.06520737667090888