2 0.28656160949141085 0.7102795612921569 0.03784997882456533 0.06168425790866543
3 0.42715024805509244 0.7222595909496521 0.029937484874689523 0.04417842292769336
6 0.49203490467095073 0.7178705212917194 0.035497138465485634 0.06002625741437377
8 0.5568422932346323 0.7267627016337865 0.03626475292686635 0.05771434091247105
5 0.6952144468254284 0.7167722307969902 0.04718861738824689 0.0558162598858317
0 0.427754756933887 0.6183533409496521 0.03551986436318479 0.06393250741437377
9 0.4862348774453918 0.6402721033069417 0.027593734874689524 0.04408292243340188
2 0.6254064617543472 0.6271884659682426 0.042528388465485636 0.06031275889724856
0 0.7526820340612501 0.6440960761580855 0.05114486436318479 0.06456917737631773
3 0.3032274556060271 0.5320099812541008 0.03546532220870695 0.054557507414373776
3 0.36097177791292995 0.5460844101132933 0.03155907220870695 0.054398339923887915
9 0.4328331423743105 0.5513568419382352 0.02999657220870695 0.05433467292769336
10 0.5539905248878678 0.5453535341433005 0.04742042154477701 0.0956600098858317
3 0.620324052015231 0.5605593814815621 0.029982936670087668 0.05199092292769336
8 0.7516558652469475 0.551844909161891 0.038667590260883775 0.06796609140676253
9 0.43182060909862746 0.4567619249420408 0.02763918667008767 0.05189542243340188
9 0.559127997662309 0.46820078513188373 0.02765736738824671 0.05502042243340188
9 0.6724183380213885 0.4712541423559772 0.03310793667008767 0.052118256920082116
11 0.3767927415139889 0.3787204965771399 0.03789997579950324 0.07027800790866534
6 0.49402569330938706 0.3756830212917193 0.0316954275949012 0.07783583992388773
3 0.6165728590004316 0.39943088049297903 0.03001475292686635 0.05745967292769336
9 0.7299450125912277 0.3884217377170724 0.03627838846548563 0.06005809091247096
5 0.32057507865161466 0.23655290121604464 0.03869940651766246 0.07343484140676262
7 0.3699301840378089 0.215120911596168 0.05148575282867043 0.12316292737631773
11 0.44171882562655257 0.23289334342110996 0.030119292056281922 0.07542842292769344
3 0.4924046268562166 0.25136877079742775 0.026903388465485633 0.05967608893530461
9 0.6073029190106942 0.2466732950177155 0.025340888465485635 0.059612421939110226
1 0.6808267774219507 0.2348218938388519 0.05226700282867043 0.12319476087441492
3 0.7299591690106942 0.25167115421897523 0.035497138465485634 0.06002625741437377
3 0.49748755747618 0.1835910217860109 0.025363614363184794 0.06351867193911027
9 0.5553182381943392 0.18282170064520337 0.026912478824565156 0.06123858893530465
4 0.6718835694782325 0.16022114186168554 0.052239731751431505 0.11850726087441492