2 0.7378341472988931 0.7025645230221464 0.039951179353484176 0.060374418617910666
3 0.5974638152836705 0.7079963907049809 0.03143834239534584 0.0431414668225127
6 0.5323335638007958 0.7005878908031767 0.03754376235728962 0.05879828307929138
8 0.4677444817855734 0.7064606409013725 0.038229511862998146 0.05645907825883114
5 0.32882656182362946 0.6900311441228264 0.04907151136870649 0.054178960772388506
0 0.5932299600367436 0.6040901407049809 0.03770292984777566 0.06270453307929139
9 0.5354320474891734 0.6232805022394953 0.029094592395345842 0.043127831283893414
2 0.39560554353484073 0.6037214602814093 0.044575012357289626 0.058839189695149584
0 0.26873929600629864 0.6146993460164204 0.05332792984777566 0.06279543667008766
3 0.7149192762346352 0.5235673694313503 0.03732092787060921 0.05332953307929138
3 0.6575842787060932 0.5349497761454044 0.03341467787060921 0.0533068071815924
9 0.5858047792003847 0.536875369627742 0.03185217787060921 0.0532977168225127
10 0.464265360227024 0.5252333667990716 0.050695019771663394 0.09402271077238851
3 0.39836844619657913 0.5373470265381879 0.03175667737631773 0.0509539668225127
8 0.2665454432308295 0.5225209363755 0.04098709733826169 0.0666289637974506
9 0.583515425930624 0.44235320998682165 0.029412927376317732 0.050940331283893414
9 0.4564263439154016 0.4478623457218328 0.029540261368706487 0.05406533128389342
9 0.3430814269192072 0.4456407946885605 0.034881677376317734 0.05097214754067192
11 0.635896326615196 0.3668946677341481 0.04030134783255317 0.06896816861791084
6 0.5183904916342241 0.3584003908031767 0.03436968281352506 0.07674430718159239
3 0.39649824558855673 0.37643679761542675 0.03197951186299815 0.056422716822512695
9 0.2825803256266129 0.36015274658215446 0.03832501235728962 0.05880282825883123
5 0.6872293804557981 0.22738271584055408 0.041209931824942106 0.0720977137974506
7 0.6370556255128822 0.20365886952954612 0.055715442205065455 0.12138918667008758
11 0.5657854619767289 0.21808446301188372 0.03271168231923358 0.07439146682251278
3 0.51567271543677 0.23419527634179618 0.028950012357289622 0.058748286104353474
9 0.4004469634596036 0.22415213494944425 0.027387512357289624 0.058739195745273864
1 0.3264046269957569 0.2088811380727022 0.05649669220506537 0.12139373184962735
3 0.27779071345960354 0.22343854176169425 0.03754376235728962 0.05879828307929138
3 0.508215701102314 0.1661992552645573 0.027546679847775656 0.06264544574527386
9 0.45027586710992507 0.16273791197861143 0.02901367935348418 0.060310786104353475
4 0.3327554446765233 0.13471693022717993 0.05630569121648214 0.11670623184962739