3 0.2957850219108019 0.68357498134395 0.03916764001588611 0.052787485300678935
2 0.3648798952875965 0.6549310029406761 0.043278441558013546 0.06471095318850324
9 0.44314126298234824 0.6586491451841885 0.03204093262955983 0.04695024310259512
10 0.49689750851812137 0.6472302883322121 0.048443228489644594 0.0923003646538925
9 0.5780520511317951 0.637503406265465 0.028230140015886106 0.05221427521477064
3 0.7125088717486461 0.6351486109243062 0.03682389001588611 0.05266465456798421
11 0.4391611006453278 0.5650219759168831 0.037069351866439074 0.06672715456798421
3 0.5611861051095547 0.5672285278167625 0.03061480032431163 0.05468085594746519
8 0.7086650771063775 0.5493339416570009 0.041865946022240405 0.07322281603337366
3 0.7670679123337252 0.5353256733396352 0.039222187093786685 0.05591248530067894
6 0.4345360560030591 0.47924825022714257 0.03645174310014117 0.07606121099041943
5 0.49691332507778263 0.4689415140219525 0.03631537540538936 0.06824871099041943
4 0.6919121793798537 0.44073686963073355 0.05725516680124727 0.10525074400710625
3 0.30824056290291796 0.41158047263752273 0.03613809740221221 0.058092460990419426
2 0.4393541952081662 0.3968894516066236 0.038795493100140986 0.07618404172311406
7 0.4914252098186628 0.37852123190977693 0.04246596387914785 0.10759781603337348
8 0.6252916952081662 0.3871448801461831 0.03957674310014099 0.07622498530067894
9 0.36626552272487617 0.33112501074259215 0.03379434740221221 0.057969630257724704
9 0.4358922301112024 0.33294978233931827 0.02832559740221221 0.057683025214770645
3 0.49766552718910295 0.3328402397116931 0.027585257710637735 0.059985831637205764
11 0.5559592682606492 0.3125819713943273 0.03406708279171564 0.0735946302577248
1 0.69077459902377 0.2859674824756038 0.059885288960225935 0.1217798247398008
9 0.7284927873353728 0.29650219075248974 0.03687843709378669 0.055789654567984306
3 0.42763367085843706 0.2630057745374021 0.028393781249588024 0.061589275214770645
9 0.4844876428552599 0.24986064337516617 0.0276125312495882 0.061548331637205765
3 0.5564990105500115 0.25390633423919756 0.0276125312495882 0.061548331637205855
9 0.721755817774182 0.2241325457954439 0.036247191558013724 0.06434246099041943
0 0.4799171452908918 0.1672119176854257 0.03128300202859489 0.09296210594746528
6 0.6658546452908918 0.1574673462249852 0.03909550202859489 0.09337154172311406
5 0.4836637081971051 0.11306000622003642 0.03107845048646727 0.08124335594746528
9 0.5361574626613319 0.11891053652318972 0.025309691558013547 0.06376925090451113
0 0.6569102934244527 0.09303303200063398 0.03761482264544593 0.09797715456798431