3 0.7082791939051862 0.7067736414305864 0.03887214334022708 0.05122669267186346
2 0.6390388452419133 0.6809645720878141 0.042914753341817755 0.06299089600572713
9 0.5608229385741861 0.6878680054105419 0.03177725867281787 0.04567612667090888
10 0.5070166859086861 0.678646999403224 0.047920426678863134 0.0903891900063634
9 0.4258303205760951 0.672232820058861 0.027934643340227085 0.05109942333704538
3 0.29140077657545876 0.6753567253739527 0.03652839334022691 0.05119942067154533
11 0.5642575685869128 0.5941452774108601 0.03669202534213589 0.06526192067154532
3 0.4422825712524128 0.6013208833943153 0.03030566534054504 0.05347044533736352
8 0.2947444999204582 0.5894464973742709 0.041452250676317706 0.0715664646721816
3 0.2362780192552763 0.5778271973663166 0.03890850600731781 0.05435169267186346
6 0.5683825419319122 0.508244140077951 0.036019863343408606 0.07462783000477238
5 0.5059643579328668 0.5004856367361332 0.03592895667568143 0.06681533000477255
4 0.3108609432686394 0.48024422004295264 0.056659627347226585 0.10298918734086335
3 0.6942461552753209 0.43547989676158655 0.03581077800763595 0.05665908000477256
2 0.5630870619430481 0.4261401647437692 0.03836361334340861 0.07465510200509069
7 0.5109251252785025 0.4099060900699968 0.04185224001431749 0.1059414646721816
8 0.3771495619430481 0.4239765860518613 0.03914486334340861 0.07466419267186346
9 0.6357711312858203 0.3574452560868596 0.03346702800763594 0.05663180800445433
9 0.5661762466184113 0.36210493674408734 0.027998278007635945 0.056568173337045294
3 0.5044211339513204 0.3645117740690423 0.02724430000795408 0.05890283267027261
11 0.44602737862032027 0.3466424740610881 0.03364884134309047 0.07225680800445433
1 0.31109839528963834 0.3255385387094071 0.059194281349453794 0.11942270934118149
9 0.2734529446212748 0.33760218670431646 0.03656475600731781 0.054324420671545234
3 0.5740256566279563 0.29187425274504186 0.028043731341499623 0.060474423337045294
9 0.5171125852960017 0.2810543840706331 0.027262481341499622 0.06046533267027261
3 0.44514667862827445 0.28803054272754264 0.027262481341499622 0.06046533267027261
9 0.279767126631138 0.26500957137172554 0.03588350334181776 0.06290908000477255
0 0.5212011959739102 0.198278246737724 0.0307511080124085 0.09175169533736346
6 0.33526369597391026 0.19611466804581607 0.038563608012408504 0.09184260200509069
5 0.5171409519812281 0.14431745273708768 0.03061474801081765 0.08003294533736346
9 0.46469720464672815 0.15230212806331528 0.024946003341817756 0.06278181066995439
0 0.34383072131604625 0.1313618247135433 0.03705565201304486 0.09651192067154524