9 0.7006653943373754 0.6393425965709059 0.038193512820281585 0.050111315963434676
9 0.6443790070338224 0.6427437324267167 0.03961046360606986 0.04705909057054072
9 0.5756653943373754 0.6451645651393744 0.033251301695410976 0.044424242142117265
11 0.5048434720876345 0.659376922459138 0.0354323858558109 0.05777826674922295
3 0.6416050715495152 0.551664968158693 0.03517767473094047 0.05230951674922295
9 0.45337732547845666 0.5760229210113958 0.029345051695410972 0.04424230562435252
7 0.24429342390688005 0.5795247183635809 0.07111732878371627 0.08750430810555195
4 0.7098884987616548 0.4580562092673529 0.06824703990858687 0.09282750889134021
8 0.5762754780834906 0.4814295508713508 0.0382491708019991 0.06804367865988184
9 0.5107960272977021 0.48136108436979674 0.029454213606069857 0.04658605562435234
2 0.44871340426217293 0.4920481813504781 0.034342920801998925 0.06786174214211708
3 0.39271811538704343 0.48919931720628906 0.02970892473094038 0.05205480562435252
6 0.3303272772977022 0.4897665514905233 0.04081124462331651 0.07284034057054053
11 0.26086880190480805 0.49144252150673395 0.04509848428423435 0.06446491439185813
0 0.643923204509842 0.3847321792835635 0.04162888192686935 0.07365797787409356
3 0.5700126695636538 0.39830883581753884 0.029854473945152015 0.05517980562435252
6 0.5196851838316775 0.4076688732449263 0.034597631926869356 0.07333049214211709
3 0.39145102192101866 0.41598014102760655 0.029818086641599174 0.054398555624352515
1 0.26323613068852436 0.40714029611383984 0.06012632485477489 0.10258349855225787
5 0.6335165514905233 0.3236320134439633 0.04070208271265763 0.07049659057054054
9 0.45361072766920574 0.3366885932611369 0.029073223945152014 0.05514341832079959
10 0.3289574840793465 0.31832819913315846 0.0610167367654336 0.1049636358558109
2 0.6415880707209457 0.2507574396226458 0.04353598428423435 0.06439213978475226
3 0.514608193756475 0.2488760701017731 0.029182385855810723 0.057487168320799496
3 0.336755021506734 0.26807348800828795 0.0324165477664697 0.05997646753501122
9 0.6863783399513681 0.17617266253434052 0.0338698858558109 0.057705492142117135
3 0.6337434915229446 0.18486061187238673 0.03241654776646961 0.05997646753501131
8 0.5250041923087329 0.19304344706624382 0.034342920801998925 0.06786174214211718
0 0.46472166377268564 0.1818191567433723 0.0313099660872691 0.08642980562435251
3 0.40818056534426217 0.19068904259918312 0.02780182237357547 0.06132064371369372
5 0.2907747415229446 0.2008346381321225 0.04173804383752824 0.07600172787409357
9 0.45963821153915524 0.12358927977890158 0.02702057237357547 0.06128425641014079