9 0.26796875 0.6734375 0.0359375 0.0484375
9 0.32421875 0.67421875 0.0375 0.0453125
9 0.39296875 0.6734375 0.03125 0.04296875
11 0.46328125 0.684375 0.0328125 0.05625
3 0.33125 0.5828125 0.0328125 0.05078125
9 0.51875 0.5984375 0.02734375 0.04296875
7 0.728125 0.5921875 0.0671875 0.084375
4 0.2671875 0.4921875 0.0640625 0.08984375
8 0.4 0.509375 0.03515625 0.06640625
9 0.465625 0.50625 0.02734375 0.0453125
2 0.52734375 0.5140625 0.03125 0.06640625
3 0.58359375 0.50859375 0.02734375 0.05078125
6 0.64609375 0.50625 0.0375 0.07109375
11 0.715625 0.5046875 0.0421875 0.0625
0 0.33671875 0.415625 0.03828125 0.071875
3 0.41015625 0.42578125 0.02734375 0.05390625
6 0.46015625 0.4328125 0.03125 0.071875
3 0.58828125 0.43515625 0.02734375 0.053125
1 0.7171875 0.4203125 0.05546875 0.1
5 0.35 0.35390625 0.0375 0.06875
9 0.5296875 0.35859375 0.0265625 0.05390625
10 0.65546875 0.334375 0.05625 0.10234375
2 0.3453125 0.28125 0.040625 0.0625
3 0.47265625 0.2734375 0.0265625 0.05625
3 0.65 0.284375 0.0296875 0.05859375
9 0.30390625 0.20859375 0.03125 0.05625
3 0.35625 0.21484375 0.0296875 0.05859375
8 0.46484375 0.21796875 0.03125 0.06640625
0 0.52578125 0.20390625 0.02734375 0.08515625
3 0.58203125 0.21015625 0.025 0.06015625
5 0.69921875 0.21484375 0.03828125 0.07421875
9 0.53359375 0.1453125 0.02421875 0.06015625