9 0.7673246138609231 0.6691786667711991 0.03847600180902226 0.04864657825883114
9 0.711115557438488 0.6702871696980653 0.03987472749876275 0.045530668617910844
9 0.6423246138609231 0.6699058954975685 0.033501896766068205 0.0431505571815924
11 0.5725853239468314 0.6812524616561513 0.03576043758467105 0.056440897540672094
3 0.6992939088633975 0.5789218263139236 0.03547383254171699 0.0509721475406721
9 0.512612780414695 0.5956376694034777 0.029595646766068028 0.043127831283893414
7 0.302910231794176 0.5906057775201465 0.07160940637700657 0.08476588544042354
4 0.7586069538658718 0.48792412159165927 0.06877101141996071 0.09021645472226432
8 0.6266952125722991 0.5058843021134268 0.03863645409301455 0.06661078307929139
9 0.5609064382620396 0.5031410971947707 0.029718477498762753 0.04547158128389324
2 0.49959712403768836 0.5113126663784155 0.034730204093014375 0.06658805718159222
3 0.4430605189947342 0.5061711693052819 0.030005082541716986 0.050940331283893414
6 0.3804376882620396 0.5041910336684665 0.041225865558403726 0.07131191861791084
11 0.3108245511069098 0.5030330546475096 0.04546298620519007 0.06274543969514959
0 0.685063233264514 0.41176614257070226 0.04204805913596861 0.0720977137974506
3 0.6121579997728575 0.4223496394474443 0.0301688568519765 0.054065331283893237
6 0.5625264919709412 0.4296717809379921 0.03501680913596843 0.0720568071815924
3 0.43452432270363595 0.43276094038252066 0.03012791327441171 0.05328408128389341
1 0.3048401447299033 0.4186671450065892 0.06070952792830413 0.1003227077473264
5 0.6685474406368888 0.35012466062287906 0.041103034825709095 0.06896816861791084
9 0.48910560210227805 0.35585755191703505 0.0293876068519765 0.05406078610435348
10 0.3620551011977669 0.3323705758229443 0.06161360866099876 0.10267100292686618
2 0.6694271879233553 0.27744113954564015 0.04390048620519007 0.06273634933607006
3 0.5416740021477067 0.270369503810629 0.02951043758467122 0.056404536104353475
3 0.3649034622336148 0.2823387595661656 0.03275826831736568 0.0587664668225127
9 0.7070256852098218 0.20454399503003035 0.034197937584671226 0.056431807181592394
3 0.6550094838303409 0.21109852205919752 0.03275826831736559 0.0587664668225127
8 0.5465795081406004 0.21485530201523093 0.03473020409301455 0.0665880571815923
0 0.48490502374443256 0.20114732601933602 0.03180659995457162 0.08531533128389332
3 0.4289825723649516 0.20772457894620225 0.028152655472495524 0.060301695745273956
5 0.31204073383034087 0.2130938558771736 0.04217088986866315 0.0744414637974506
9 0.474021755427067 0.14259902781473413 0.027371405472495523 0.060297150565734106