9 0.6962281646108901 0.69453125 0.03859032220870695 0.053125
3 0.6352633935336512 0.68984375 0.03624657220870695 0.053125
3 0.5602088513791734 0.68046875 0.03155907220870695 0.053125
3 0.4860082820973327 0.68359375 0.03154543667008767 0.05078125
5 0.4188798694313503 0.69375 0.036314749901804076 0.06484375
3 0.28528611943135024 0.69375 0.03857668667008758 0.05078125
9 0.20711566763595218 0.6859375 0.045626117388246804 0.05390625
11 0.5003338816297946 0.59453125 0.03555622579950324 0.06875
3 0.43165205932289175 0.60625 0.02765736738824671 0.05390625
8 0.29753106849627386 0.515625 0.041056792056281835 0.07421875
11 0.2279634570599554 0.509375 0.05116759026088378 0.06640625
6 0.6235890535673551 0.42890625 0.03799087939029935 0.084375
9 0.4360754180287357 0.4265625 0.027693728824565157 0.06015625
0 0.37120439695149676 0.421875 0.036401108313060516 0.0796875
4 0.30004246925839967 0.41015625 0.05919371369925477 0.103125
7 0.6777220416634984 0.33359375 0.053815867290050966 0.11875
3 0.4981981681269315 0.36171875 0.027693728824565333 0.06015625
2 0.42783112597245376 0.35234375 0.03324429205628192 0.07421875
3 0.3044072615110732 0.3546875 0.03550622882456533 0.06015625
0 0.23564362597245378 0.35234375 0.04736587939029935 0.084375
10 0.36715672550491557 0.26328125 0.0521897347764936 0.1078125
9 0.2555061531980127 0.275 0.03159997882456533 0.06015625
3 0.5559374243734474 0.21484375 0.025377249901804077 0.06484375
2 0.49262435811666877 0.209375 0.03172724385167989 0.08203125
8 0.4301016322189698 0.20546875 0.03174087939029953 0.084375
9 0.3731203791939076 0.2140625 0.030051114363184705 0.0625
5 0.3152533370394299 0.2046875 0.036414743851679886 0.08203125
6 0.2597482256031115 0.1984375 0.041170421544777014 0.09375
1 0.6624187076491306 0.1203125 0.04765677088084708 0.134375
9 0.3766402889330239 0.14765625 0.027693728824565333 0.06015625
9 0.31728801483072294 0.1515625 0.030051114363184705 0.0625
9 0.2571226744716433 0.15 0.03553349990180408 0.06484375