4 0.4964159387326742 0.7103365502023987 0.044878048536979166 0.08428314676606821
3 0.42163414427975754 0.7157809667561705 0.030814895326597203 0.04999335594746519
5 0.2856420928929867 0.7063130342598821 0.04442345364722229 0.06475189676606803
9 0.6139833388089241 0.6322259175698248 0.030814895326597203 0.04999335594746519
3 0.5598588832618407 0.6200258107178482 0.028580248100139018 0.05455802521477064
9 0.42595666194718795 0.6332960153766896 0.02852569671336802 0.05221427521477064
6 0.3538998239912852 0.621716706240721 0.0391001740119445 0.07071529172311415
6 0.7357836439954172 0.53482969640264 0.04852972539871523 0.07355036465389268
3 0.544959275454306 0.5497985198992454 0.02781718189572917 0.055298331637205676
9 0.484149062023438 0.552073670849185 0.02852569671336802 0.05221427521477064
9 0.4192689444322574 0.5471128539113004 0.02865298328249999 0.057683025214770645
3 0.2999377161837504 0.5494422365438744 0.03641093189572917 0.05574871099041943
8 0.6101465579393753 0.46738216756982476 0.03733765226045147 0.062039654567984215
3 0.5377630648732296 0.4752931648562913 0.028598431895729172 0.055339275214770646
8 0.41953974173496567 0.45817318464399504 0.039045622625173595 0.06837154172311415
9 0.35277046903354203 0.4726207869734157 0.032613784669270895 0.060231493102595124
11 0.297301719033542 0.46971379296630944 0.0437876740119445 0.07096095318850323
9 0.5337464056789238 0.40329533412359664 0.027817181895729348 0.055298331637205676
5 0.48276513392743087 0.39204025158187966 0.028998475398715407 0.07252677521477065
10 0.41470546494947946 0.38457191033373544 0.04073606240468752 0.10747498530067894
0 0.3637969283803475 0.37644182779201857 0.037065548536979166 0.08387371099041943
0 0.29668216356270866 0.37604568012143924 0.04019054853697925 0.08403748530067894
3 0.7066370853904516 0.3218416954981288 0.03421265226045147 0.061875880257724794
9 0.6434831219595836 0.3239940157153739 0.030996733282499987 0.057805855947465276
2 0.5343626950978475 0.32919941485629123 0.034539960581076556 0.07593838025772479
3 0.6444994548814933 0.2670855964480685 0.031051284669270807 0.06014960594746528
7 0.46911759517409746 0.2415079850735363 0.04099063554295146 0.11841248530067894
2 0.4179915062682641 0.2575557089542545 0.0330320119678472 0.07820024310259503
1 0.29658863174322936 0.23792820443169874 0.0541991503605904 0.11598352611928178
11 0.6942072077312849 0.19010037256735032 0.0392820119678472 0.07852779172311405
3 0.5204066850298613 0.198938704770383 0.026400152260451292 0.06146644448207601
9 0.4703521336430905 0.19397456580623093 0.02561890226045129 0.061425500904511134