4 0.44456123247560375 0.7075344416850511 0.04726782564431211 0.08403255169541098
3 0.3690699095448253 0.71341626054397 0.03222600180902226 0.04982021753501122
5 0.23325524027751993 0.7047411197257605 0.04624423620519007 0.06450130169541098
9 0.5685143888526104 0.6287266991286492 0.03222600180902226 0.04982021753501122
3 0.515099461783389 0.6168409751834971 0.03012791327441171 0.054398555624352515
9 0.3796599287667021 0.6308948589723935 0.030005082541716986 0.05205480562435252
6 0.30819436454235094 0.6197347270455239 0.041103034825709095 0.07049659057054072
6 0.698178634668739 0.5306060303935649 0.05060086555840364 0.07327698821317571
3 0.5054621901866628 0.5466911410230975 0.0293876068519765 0.0551434183207995
9 0.44423808514370877 0.5493216813459689 0.030005082541716986 0.05205480562435252
9 0.3794762222988385 0.5447390351510759 0.030291687584671045 0.05752355562435252
3 0.2594945929456249 0.5477655277074778 0.0379813568519765 0.055543678659881836
8 0.5771534837187993 0.4638829491286492 0.03909015547249552 0.061830065963434676
3 0.5038830800553261 0.4722176798982269 0.0301688568519765 0.05517980562435252
8 0.3864875401412343 0.45578569706173466 0.04098020409301446 0.06815284057054054
9 0.3183583378572422 0.4706251389561828 0.03432076831736577 0.060049242142117265
11 0.2628895878572422 0.4680416404039248 0.04579053482570909 0.07071491439185813
9 0.5053061391912946 0.4002335179875681 0.0293876068519765 0.0551434183207995
5 0.45497526854450837 0.3892745932566277 0.03106961555840364 0.07236730562435252
10 0.3872112364323327 0.38220264784752295 0.043808632971258275 0.10725172787409357
0 0.3367165914752868 0.37436872311658254 0.03945532564431194 0.08366867865988184
0 0.2693653171650273 0.3743644150110307 0.04258032564431193 0.08381422787409357
3 0.6850555941888203 0.31775927398342413 0.03596515547249553 0.06168451674922304
9 0.6214877391458662 0.32028065239563686 0.032635437584671044 0.05763271753501122
2 0.5115395290599579 0.3261239298982269 0.03670213986866315 0.07574701674922295
3 0.6268203703081021 0.2633585643062957 0.03275826831736559 0.05997646753501131
7 0.4526801854369644 0.23880155831043964 0.044381843057166394 0.11818922787409347
2 0.4001350395754074 0.25514999627594637 0.03526247060135788 0.07801799214211717
1 0.2797373303940104 0.2362287142252424 0.05749931874690706 0.11568281203449331
11 0.6825591152197195 0.18607262634078897 0.041512470601357876 0.07830909057054058
3 0.5073986629357273 0.19592700764848586 0.028152655472495524 0.06132064371369372
9 0.4575214936684219 0.19125447022109845 0.027371405472495523 0.06128425641014079