4 0.5115587352403225 0.6942247017009879 0.04392327001113579 0.08278127232113448
3 0.5864496472390498 0.7049088315706044 0.03025112133990877 0.0489556972400564
5 0.722414419239368 0.704937879459284 0.04369600334181776 0.0632500223211343
9 0.3930092772517765 0.607763275971287 0.03025112133990877 0.0489556972400564
3 0.4470246152530491 0.5993292130650738 0.027961915340545217 0.05360228693163087
9 0.5811632579169583 0.621987237414803 0.027934643340226904 0.05125853693163087
6 0.6531291645846855 0.6154293202065186 0.03829997867599957 0.06940456493480802
6 0.2699995859325486 0.5016887796247349 0.047702250676317705 0.07191195616851012
3 0.4611149345958214 0.5300297881461516 0.027189756007317812 0.054369900162155815
9 0.5219887999284124 0.5365622061652149 0.027934643340226904 0.05125853693163087
9 0.5868507312619579 0.5361315580316541 0.027998278007635945 0.05672728693163087
3 0.7062819839274579 0.5468117337613551 0.03578350600731781 0.054519904626382495
8 0.3949274079408209 0.442919525971287 0.03663748134149962 0.06078354139585791
3 0.46744729793923 0.45590649553247786 0.027971006007317813 0.05438353693163087
8 0.5855433172740482 0.4470281477232286 0.03827270667568143 0.06706081493480802
9 0.6525217319382757 0.46616965989809317 0.03193180000795408 0.059139220779006865
11 0.7079904819382755 0.4671378705308301 0.04298747867599957 0.06948638555165906
9 0.4706273892823205 0.38407240584090335 0.027189756007317812 0.054369900162155725
5 0.5215086366168205 0.3763650458567894 0.028171000676317705 0.07157103693163087
10 0.5895228399506841 0.3736451948011292 0.039508490014317485 0.10613695170428335
0 0.6403677246180932 0.36906283481701524 0.03611077001113579 0.08264490462638267
0 0.7075188619510022 0.3733605969918799 0.03923577001113578 0.08269945170428335
3 0.29668190662795635 0.29039276947846526 0.033512481341499624 0.060728994317957155
9 0.3598995219605473 0.296966097805954 0.030342028007635947 0.0567681972400564
2 0.4691472526257291 0.30981274553247784 0.03367611334340879 0.07479149431795715
3 0.358219390634956 0.23989393749752855 0.03036930000795417 0.05911194724005649
7 0.5334102946371833 0.2265423238599666 0.03963575934913557 0.11707445170428335
2 0.5847546186346377 0.2461923506453278 0.03214088534372692 0.07710797077900686
1 0.7060029099697742 0.23502479991397918 0.05288064668204484 0.11418127678536125
11 0.30758413864577366 0.1593064107121673 0.03839088534372674 0.07721706493480815
3 0.48159380331000107 0.1803161603051302 0.025699981341499624 0.060592626623205435
9 0.5316210753103192 0.1788451635515411 0.024918731341499623 0.060578989853730246