8 0.3078125 0.7183873209953319 0.04296875 0.061406512932123646
2 0.3734375 0.7352278285171792 0.0359375 0.0596394244523216
8 0.57578125 0.724652726709542 0.0359375 0.061201924452321775
7 0.2484375 0.6240212070469937 0.06875 0.08715667069139794
11 0.44375 0.6441194437191585 0.0328125 0.05954849623907634
3 0.51953125 0.6458206845479586 0.0296875 0.04383256802583091
3 0.646875 0.64211535985821 0.03515625 0.04399169239901042
0 0.31953125 0.5532025901956616 0.04296875 0.06375026293212364
6 0.5140625 0.5350423089211379 0.0328125 0.06736099623907635
9 0.57421875 0.5411044408161647 0.02734375 0.04376437186589684
3 0.71171875 0.5378848494333688 0.03828125 0.05189512061225567
3 0.25234375 0.478595046780437 0.03828125 0.05423887061225567
2 0.321875 0.4664156440357276 0.0421875 0.07310253087881229
9 0.44921875 0.4548978193459792 0.02734375 0.05704562186589683
10 0.509375 0.43986620124100595 0.0421875 0.09888378087881247
9 0.58359375 0.4541129061764286 0.02734375 0.053920621865896835
11 0.634375 0.45185407271119143 0.03828125 0.06595762061225567
4 0.25546875 0.3816291185671916 0.0640625 0.10186402837152989
9 0.515625 0.3842155948145152 0.0265625 0.053897889812585566
9 0.56875 0.3834510651893441 0.02734375 0.05157687186589692
3 0.6359375 0.3783711086045688 0.03125 0.054815532132453625
9 0.51640625 0.3052866127612039 0.02734375 0.05470187186589692
9 0.634375 0.30888532271119146 0.0328125 0.05954849623907634
5 0.27890625 0.23250965696785145 0.03828125 0.07767637061225567
9 0.46015625 0.23973582059962043 0.0265625 0.05936663981258557
0 0.565625 0.21635449340258944 0.0296875 0.08602006802583091
3 0.6953125 0.2305497225529069 0.03515625 0.05961669239901033
1 0.32578125 0.14442698376917099 0.05546875 0.12661397578510517
6 0.3890625 0.1464919374509524 0.0328125 0.09470474623907635
3 0.453125 0.17197165907942247 0.0265625 0.06327288981258557
3 0.50859375 0.1609826832943173 0.0265625 0.06327288981258557
5 0.57578125 0.159027726709542 0.03125 0.07747178213245362