9 0.23638026241050603 0.7547793023544035 0.039756012820281586 0.04974702885594055
8 0.2998070616247177 0.7538641322988031 0.0455886358558109 0.0577505018140986
9 0.4304577481424824 0.7545139514434296 0.03350601282028158 0.04952877404661713
9 0.502750125106953 0.7648636636018143 0.03310575248119925 0.04093502404661713
5 0.3055541015333046 0.664074946001134 0.044916547766469604 0.06006696996293322
3 0.4322621507475162 0.6653696058899333 0.031943512820281586 0.04947421034428636
8 0.5160549538906694 0.6808160458157996 0.038448223945152016 0.05516121515360979
6 0.567527562658175 0.6677456161415524 0.04022904776646961 0.05990327885594056
6 0.6506482777119869 0.6808210242162531 0.04804154776646961 0.06017609736759475
1 0.722760872211469 0.6614286726723071 0.07595037799792799 0.0900099303072194
3 0.24182339537083278 0.5875099568009072 0.03986517473094038 0.05209077885594056
2 0.31144669065610303 0.5711607597034648 0.038249170801998925 0.06763393330244441
0 0.37639960256676186 0.5710814033501954 0.038249170801998925 0.06763393330244441
9 0.5090665533525501 0.5788443180483182 0.029818086641599174 0.054079864790790036
11 0.5771080779596559 0.5796553390997103 0.04108307237357565 0.06149306070710594
5 0.650036155709915 0.5931573331092606 0.04353598428423435 0.06391865626060227
3 0.7099013072814916 0.6015080356489986 0.03830267473094047 0.05203621515360979
9 0.4475704352794196 0.5047049244015875 0.029854473945152192 0.05486111479078985
3 0.5833987733687607 0.5117957165043721 0.03219822394515219 0.05494296034428618
10 0.6535849948327135 0.5001613012580952 0.0633604867654336 0.10438988883740699
3 0.6999141852794196 0.5135169623280208 0.038411836641598994 0.054379965153609613
0 0.32259401406313587 0.415828418959292 0.04184720574818703 0.07789931070710594
9 0.6985208132773476 0.4258259893698629 0.0377761358558109 0.057477683302444224
7 0.26467881431080487 0.31520837086605774 0.06766699710451593 0.11312004809323425
3 0.3316287198113229 0.33945689191745 0.03241654776646961 0.059630460344286276
2 0.3920760682397463 0.33530759445718794 0.03861304383752824 0.07544643330244423
4 0.4659138285788285 0.32927833846673815 0.042412285979645324 0.10677827885594056
11 0.584644557900664 0.35063996169504863 0.03616013192686936 0.07302083774894799
9 0.6969262340793465 0.3592560482628703 0.03788529776646961 0.05982143330244423
9 0.5233303763452982 0.27259431804831813 0.029364322373575648 0.06108383293962456
3 0.6989296898275336 0.2826389845605394 0.0355415477664696 0.059739587748947984
3 0.2860166209686147 0.1930977578893663 0.03416098428423435 0.06359127404661713