10 0.8014708301140356 0.6771122702683888 0.07435764845605419 0.07444138192686936
7 0.7359450338349 0.6606011664632819 0.07013393992586607 0.08750430810555195
9 0.6676588253047122 0.6770844991759397 0.03762897477225646 0.050111315963434676
1 0.5974455290255766 0.6607917191921503 0.053645844372369925 0.08439642473094047
2 0.5257168619652012 0.6907382384225726 0.03919147477225664 0.05018409057054054
8 0.4521603108767421 0.6683410076529951 0.04032738883740698 0.06037672787409356
9 0.316604756793058 0.6856098984712047 0.0421255018140986 0.044860889784752264
9 0.5907391720393349 0.603197543013468 0.031188001814098597 0.04435146753501122
8 0.4700447261230189 0.5978636877606189 0.03803820253973793 0.061830065963434676
3 0.3994866894625301 0.5941072950803825 0.03458582032575279 0.05230951674922295
5 0.7165080091553107 0.5073498879272347 0.04445189364673041 0.06680866439185813
9 0.646676658792491 0.5019946079434453 0.029198915879248943 0.05439855562435234
2 0.5968949136018145 0.5105733953708327 0.04258929328391083 0.058142139784752446
4 0.5306424310250095 0.4956611788692788 0.045379476586355064 0.09337116439185814
0 0.3269271539831676 0.5106270150965931 0.04771330290255769 0.07086046360606986
3 0.7794048240387679 0.42616835442878864 0.04248016587924912 0.05501713978475227
6 0.7110541281224518 0.41839654983789343 0.04477927586071573 0.07618366439185813
3 0.3312302188666248 0.43217452936461687 0.03466766587924912 0.05465326674922295
3 0.7730580764010206 0.2668297417323416 0.03946429328391084 0.05799659057054054
5 0.6999653167823737 0.25771376096276394 0.04087302586071573 0.07600172787409357
3 0.5238393264010206 0.27843729156572583 0.028526793283910834 0.057487168320799586
9 0.3419891256753812 0.2696916459900053 0.03477679328391083 0.05777826674922304
9 0.7564310823914704 0.1940472131962943 0.037983638837406984 0.060267565963434765
9 0.6367088594333123 0.19414572063989238 0.03187004809323426 0.06388271753501132
11 0.5766890186891395 0.2008537930134679 0.03227927586071573 0.07560146753501132
6 0.4092187764936878 0.17813553867024173 0.03444197658635506 0.09286174214211718
9 0.3522247320286507 0.20426569913315845 0.03491320253973793 0.06168451674922304
3 0.7455456568935744 0.1288224735353765 0.03733879809323426 0.06413742865988178
3 0.6313740294889127 0.13101001985410413 0.02944445253973793 0.06142980562435252
0 0.522480179126093 0.1274741050479612 0.03053572658635506 0.09267980562435252
11 0.4699727380191005 0.1252245543860074 0.03001737141421188 0.07783605562435252
3 0.4098164880191004 0.12802637675958292 0.02874504809323426 0.06373716832079959