8 0.4049510589296122 0.6950035049057348 0.04967682237357547 0.0620662598858317
6 0.47755380500067074 0.7076998230807928 0.038848484284234173 0.06396434091247105
3 0.5448140796077766 0.7065246422444339 0.033615174730940466 0.052054589923887916
3 0.28138081823523714 0.6131552801146057 0.04064642473094029 0.05234109140676253
9 0.5485148143062957 0.617925057263462 0.029599762820281584 0.04955167243340188
0 0.6798739762169544 0.6149207795831331 0.04371792080199892 0.06806159190105418
4 0.33435380686269756 0.5068933512554132 0.062360912944116095 0.10001192885919252
9 0.5962566474332383 0.5337927963890471 0.03230738585581072 0.05745967292769336
3 0.6707472251834972 0.5197992805717163 0.03376072394515202 0.05517958992388792
9 0.4681615725784633 0.43882248908840404 0.029854473945152192 0.05502042243340188
2 0.5324423963997809 0.4408996422444339 0.034597631926869356 0.07314833992388792
11 0.5982129456139926 0.44135062840426953 0.03601458271265763 0.07008700692008211
10 0.2868152191876411 0.36011119315646745 0.0625792367654336 0.10469942885919252
3 0.35291325413382924 0.367593429316303 0.0338698858558109 0.05752333992388783
5 0.4207728422231704 0.362480164981847 0.036269293837528235 0.07555575692008229
5 0.48029339143738203 0.36318581912646014 0.034597631926869356 0.07314833992388783
3 0.5999166867226524 0.37709712741568635 0.0299636358558109 0.05736417243340188
9 0.7240990494190995 0.37125435121823225 0.038666547766469606 0.06005809091247105
3 0.35699713254604204 0.30402567783342827 0.03397904776646961 0.059867089923887826
2 0.4119928475998539 0.2916092494685274 0.03928513192686935 0.07333934091247105
0 0.5936067206353832 0.29203637790997794 0.03688787799792799 0.0888370069200822
11 0.710866995242489 0.2888238531953986 0.04397263192686936 0.07353034190105419
8 0.30406687758364326 0.2263436882135516 0.046534705748187036 0.07831334239534575
6 0.35809940611969054 0.2100528433467479 0.040012877997927986 0.08896434091247096
1 0.480265504548114 0.2113368176435854 0.04068712014004525 0.12018250741437378
3 0.5286131133156197 0.2242387242596564 0.027910984284234174 0.06351867193911023
7 0.5939277442090318 0.19809537692139478 0.05251503205070396 0.12300375988583175
3 0.7035959966902311 0.23354610418398178 0.03416098428423435 0.06377333992388783
9 0.30324493217453846 0.15827943771926 0.03572348428423435 0.0638370069200822
9 0.47116017824559703 0.16709206912646013 0.029364322373575467 0.06123858893530469
9 0.5306807274598088 0.16779772327107326 0.02802014619489306 0.06586242193911027
9 0.5890197663349382 0.15994146091378356 0.029582646194893057 0.06592608893530465