9 0.6183624480891532 0.7230923462249852 0.0382581341726322 0.04172715456798422
6 0.5512582480750358 0.7118106874731295 0.04059417889684287 0.05509029172311415
9 0.4719424743975124 0.7229772388071819 0.0340711631118273 0.050075243102595125
5 0.27000824807503576 0.7265503753964848 0.04996917889684287 0.05558161465389251
7 0.5492777900978234 0.6254604296712133 0.05524050782192056 0.07922383254171698
9 0.41356780325200304 0.6286783621675017 0.03264517100433508 0.05233710594746519
0 0.35162154009782337 0.635819154795127 0.041140210466874015 0.06446529172311415
3 0.679328582120611 0.5321907072608332 0.04059417889684287 0.05509029172311415
2 0.5514310952747906 0.5349992039814728 0.03681673151356133 0.07046963025772471
10 0.4893406189523139 0.5312434401866628 0.04764781570031111 0.09596095318850324
2 0.22937408475144694 0.5549929579382017 0.04164073940606912 0.07305904172311414
3 0.6092505715266802 0.4649865971294963 0.03438968152767874 0.05554399310259513
11 0.4341518609892191 0.46248015208159343 0.0365892183593818 0.06656338025772471
11 0.3687620794191879 0.4752534690194782 0.039714218359381714 0.06672715456798421
3 0.30722533994253165 0.4753630116471033 0.03825042889684287 0.05496746099041942
3 0.23497861362005495 0.4721395143606369 0.03907718152767883 0.055789654567984216
4 0.6193906819512017 0.357750629241672 0.057386836746998425 0.10270227611928177
3 0.5583243793344833 0.37652828471416744 0.030483431527678916 0.055339275214770646
3 0.5010201135494677 0.3842046658764034 0.029702181527678916 0.055298331637205766
8 0.6874196161097166 0.2996648123037873 0.051061242036904986 0.07433161465389251
1 0.5573071818806146 0.2870120833346864 0.051773873578701314 0.11331222749876275
3 0.3852578766330602 0.31238497682139427 0.030619939420186613 0.057683025214770645
0 0.3246388950489117 0.31010982587145464 0.0429225183452643 0.08169373530067894
8 0.6294243765624731 0.22559654850897734 0.04246749203690499 0.07388123530067894
9 0.5623810897307701 0.2400142526019918 0.03006620257436623 0.061548331637205765
3 0.4971278160532468 0.2504438195398765 0.029975197312694313 0.059985831637205764
9 0.449145342361606 0.2451698213488988 0.029975197312694313 0.059985831637205764
9 0.38632682394575457 0.2539140575540889 0.03048343152767874 0.055339275214770646
9 0.3283778160532468 0.25928763229388974 0.030756447312694314 0.06002677521477064
6 0.5104006317535577 0.15628438376422776 0.03478379465362345 0.08905585594746528
9 0.390877087029347 0.17578905755408888 0.030983960466874017 0.06393302521477065
5 0.28103935544519854 0.1760933519907364 0.04494774992941277 0.07634781603337357