2 0.271875 0.740625 0.053125 0.0625
9 0.3375 0.74609375 0.0359375 0.03984375
5 0.5484375 0.73046875 0.03515625 0.05625
3 0.27421875 0.6609375 0.03828125 0.0484375
9 0.3375 0.6515625 0.0359375 0.04296875
3 0.48125 0.6421875 0.0296875 0.0484375
3 0.61640625 0.6453125 0.03125 0.05078125
1 0.68515625 0.63125 0.0625 0.08515625
6 0.278125 0.55390625 0.046875 0.06484375
3 0.5484375 0.56875 0.0296875 0.05078125
11 0.678125 0.5578125 0.03828125 0.0625
7 0.74609375 0.5515625 0.06875 0.09375
3 0.4203125 0.48359375 0.02734375 0.05390625
2 0.73203125 0.478125 0.0453125 0.06640625
9 0.3515625 0.40859375 0.0296875 0.053125
10 0.40859375 0.38984375 0.04296875 0.09765625
8 0.290625 0.3265625 0.046875 0.071875
9 0.3546875 0.33203125 0.03125 0.05390625
0 0.47265625 0.32109375 0.03125 0.084375
0 0.5390625 0.3125 0.0296875 0.08203125
3 0.6546875 0.31875 0.0296875 0.05625
9 0.70546875 0.31796875 0.03125 0.05859375
4 0.29921875 0.2484375 0.05546875 0.11328125
5 0.3515625 0.25625 0.03515625 0.07421875
3 0.41484375 0.2609375 0.0265625 0.06015625
9 0.47265625 0.25546875 0.0265625 0.05859375
9 0.52734375 0.25390625 0.0265625 0.05625
6 0.5875 0.24609375 0.03125 0.084375
9 0.64609375 0.2453125 0.02734375 0.0625
3 0.3015625 0.19140625 0.03125 0.06015625
8 0.41640625 0.1765625 0.03515625 0.0796875
11 0.53046875 0.18984375 0.02734375 0.0765625