9 0.6511764026474204 0.6473158774717355 0.035351001809022266 0.04920121941479181
8 0.5925859746736877 0.6635052283454161 0.04472600180902227 0.04941942496187508
7 0.5261764026474204 0.65022528476618 0.04961157564431211 0.08308591014423605
9 0.46235956411280965 0.6470288560045828 0.03222600180902226 0.04912848423243048
3 0.3265448948455042 0.6478490864372913 0.035351001809022266 0.04920121941479163
6 0.26400395126793935 0.6500850400845136 0.045793856851976414 0.05490635875746541
9 0.724802010403908 0.5675725196642007 0.03987472749876275 0.04618532218833345
3 0.5831500989385188 0.5755512866660412 0.033911332541716986 0.051508601823611146
2 0.4634926961795567 0.565851591186944 0.03900826831736577 0.05943020459715278
5 0.4048956241532894 0.5523898096518052 0.03843173620519007 0.06331827080156245
11 0.33376425260199183 0.5696513512549302 0.03909015547249543 0.06099270459715278
0 0.26455722919624347 0.5501941428580552 0.04566770409301446 0.06738817496187507
3 0.5921776181603955 0.4926296838924995 0.034034163274411534 0.053852351823611144
9 0.41269151402195253 0.47808014067385385 0.029882251809022264 0.04907393284565984
9 0.2818918933751662 0.4725412683330205 0.037817582541716986 0.05159952080156245
6 0.6619755410457455 0.39658917885850636 0.041389639868663154 0.07509157218833336
9 0.5411307745374021 0.40954573337940925 0.030291687584671045 0.05688643284565966
8 0.40765653324382944 0.3954858462209372 0.03966336555840364 0.07193020459715278
9 0.28804339608869967 0.39983046694624974 0.03822701831736577 0.059412020801562535
10 0.4781161974227521 0.3165964735957635 0.043685802238563554 0.1040160059839236
3 0.4205526809144088 0.32808014067385377 0.030291687584671222 0.05688643284565975
3 0.30583176164710335 0.32840940862562473 0.034197937584671045 0.05697735182361115
5 0.6682365863869041 0.26223236265409666 0.04200711555840364 0.07198475598392359
0 0.4924520143606369 0.25149815045749957 0.034109406377006476 0.08506598423243057
3 0.43221387720550714 0.254460802717951 0.02963326831736559 0.059211999050069505
9 0.31415991802411 0.24394348964767332 0.030496405472495436 0.06079268284565966
4 0.6774688234966054 0.17540450988055495 0.05906181874690706 0.11451774810013893
11 0.6085959927639107 0.1793484338924995 0.03670213986866315 0.07498246941479167
3 0.5538675491863458 0.18140254958381896 0.02983798620519007 0.0631182490500695
1 0.4342510900049488 0.17092160410472185 0.04656181874690688 0.1142268073706945
2 0.6188617853915359 0.11746602973218698 0.041512470601357876 0.07743532218833335
3 0.3271656083223145 0.11489176928295111 0.03296298620519007 0.06319098423243057