9 0.3140625 0.66328125 0.0328125 0.0484375
8 0.371875 0.678125 0.0421875 0.0484375
7 0.4390625 0.66328125 0.0453125 0.08203125
9 0.503125 0.65859375 0.0296875 0.0484375
3 0.6390625 0.65625 0.0328125 0.0484375
6 0.7015625 0.65703125 0.04296875 0.05390625
9 0.24453125 0.58515625 0.0375 0.0453125
3 0.3859375 0.58984375 0.03125 0.05078125
2 0.50625 0.57734375 0.0359375 0.05859375
5 0.565625 0.5625 0.03515625 0.0625
11 0.6359375 0.578125 0.0359375 0.06015625
0 0.70625 0.55703125 0.0421875 0.06640625
3 0.38125 0.50703125 0.03125 0.053125
9 0.56171875 0.48828125 0.02734375 0.0484375
9 0.69296875 0.4796875 0.03515625 0.05078125
6 0.31640625 0.4125 0.0375 0.07421875
9 0.43671875 0.42265625 0.02734375 0.05625
8 0.57109375 0.40546875 0.0359375 0.07109375
9 0.690625 0.40703125 0.03515625 0.05859375
10 0.5046875 0.328125 0.03828125 0.103125
3 0.56171875 0.33828125 0.02734375 0.05625
3 0.6765625 0.3359375 0.03125 0.05625
5 0.3171875 0.278125 0.03828125 0.07109375
0 0.49375 0.26328125 0.0296875 0.084375
3 0.55390625 0.26484375 0.0265625 0.05859375
9 0.67265625 0.2515625 0.02734375 0.06015625
4 0.3125 0.19140625 0.053125 0.11328125
11 0.38125 0.19375 0.0328125 0.07421875
3 0.4359375 0.19453125 0.0265625 0.0625
1 0.55625 0.18125 0.040625 0.11328125
2 0.37421875 0.13203125 0.0375 0.0765625
3 0.66640625 0.12265625 0.0296875 0.0625