0 0.5918146907524898 0.733647486196987 0.04122918758467122 0.05691820170428343
5 0.38133089213197074 0.7362291952081662 0.03876260685197641 0.05453354139585791
3 0.2494667384684976 0.7456569679363378 0.04053314676606821 0.04363695170428343
2 0.6637925893275802 0.6434139983718516 0.05183581693788462 0.06568922970746058
8 0.392453177862191 0.6433695393639676 0.04484883254171699 0.05151763555165907
7 0.3148195007929695 0.6326308624164507 0.06330226141996072 0.09086650771063773
1 0.2476729443705344 0.630676850241586 0.06864818068726608 0.08861821509696384
9 0.6501229149718922 0.5610691026739227 0.03831222749876275 0.04593979139585791
3 0.45682661635137317 0.5639508206135557 0.030127913274411534 0.05360228693163087
9 0.2700669227738083 0.5614728827089902 0.0387626068519765 0.05453354139585791
3 0.5255157406162041 0.4767877857105196 0.0325126068519765 0.05442444724005639
11 0.3441019663059447 0.4767490551922803 0.0393358169378847 0.06547104139585791
3 0.6516079291053865 0.39844637174864617 0.034197937584671045 0.056795470779006776
8 0.530022856174608 0.40570767247999484 0.04098020409301455 0.0670608149348082
3 0.40559606626051614 0.39258828936396767 0.0301688568519765 0.05438353693163087
5 0.3565001469932108 0.38938542288703193 0.039540534825709094 0.06937729139585791
9 0.28651851763999714 0.3967655004037418 0.032635437584671044 0.0567681972400564
3 0.5916840524657062 0.3332792934211574 0.030414518317365767 0.05907103693163096
4 0.5354307304394389 0.31744005924947 0.046152382971258274 0.10617786201270878
3 0.47951160108622526 0.3250655986167329 0.029510437584671045 0.056713650162155814
11 0.41701160108622526 0.32397465705871936 0.035139639868663156 0.07476422077900687
10 0.3456688675945686 0.3125638242670037 0.06111896370395291 0.10878071063273706
3 0.22696313319840086 0.324567172076253 0.03900826831736568 0.05922104139585782
9 0.5843495872914153 0.26433837864850507 0.029510437584671045 0.056713650162155814
2 0.5402687166446289 0.2549673327884204 0.03657930913596861 0.07244774431795716
6 0.48442815242027776 0.2461729853862081 0.034396011419960716 0.09036194724005649
9 0.4154767565587207 0.2637365864418683 0.029715155472495525 0.060619900162155814
9 0.47368208220303265 0.18264627353565505 0.028398316937884617 0.06528012662320544
6 0.4221605257805975 0.18096499675029384 0.03604039857509047 0.09195172077900678
9 0.37134165422930004 0.19571724350388295 0.029960816937884705 0.06530740016215578
9 0.31525542853955957 0.19161039610167072 0.030496405472495526 0.06063353693163096
0 0.23934802578059755 0.17777399269310407 0.05010289857509047 0.09219718262955987