11 0.20374494874190488 0.6744586027539157 0.05282738883740708 0.05888918667008767
9 0.40778760799773195 0.6693660608940255 0.033023320325752795 0.0509630571815924
3 0.5331149902117172 0.659263832167656 0.03146082032575279 0.0509539668225127
9 0.6036457450210405 0.6526047660090732 0.03466766587924912 0.0533158975406721
3 0.3486978393934105 0.5720734252572102 0.033105165879249124 0.0533068071815924
0 0.4786581579050647 0.563506425453602 0.03356895734906136 0.0665880571815924
3 0.6004959523701019 0.586230332265852 0.03146082032575279 0.0509539668225127
8 0.23496521080762242 0.4961881570086417 0.0407911803072194 0.0720977137974506
4 0.2880902108076224 0.49587908479993476 0.06116816769334763 0.09643009328594587
2 0.3448486422959681 0.5033597866935287 0.044588302902557685 0.06899543969514958
10 0.4143352522774347 0.4818660608940255 0.04389882213985139 0.09398634933607006
3 0.5396527108076224 0.49441553698811624 0.02919891587924912 0.05328408128389341
3 0.5952033063611187 0.4917490792407898 0.029198915879248943 0.05328408128389341
3 0.24372514111484178 0.4242767955723233 0.037819947730414506 0.05411532825883114
0 0.2930803003706689 0.4200841992613153 0.04087302586071564 0.0744414637974506
9 0.4772370455613455 0.4252615368899204 0.02919891587924912 0.05328408128389324
5 0.540091709626496 0.4147416725267357 0.035131457349061535 0.06659714754067192
3 0.6004835726031874 0.4300121485226306 0.03156994773041468 0.054078966822512696
6 0.6619121459241653 0.41559512451852554 0.03872024881887377 0.07989657825883115
8 0.3087623532732266 0.3512569312091386 0.03392362141421188 0.07674430718159239
9 0.47907485327322663 0.35026608206946025 0.028526793283910834 0.056404536104353475
9 0.5418749536360463 0.3413087177062755 0.028608638837406986 0.058748286104353474
2 0.4841467883897693 0.2721274465308408 0.03365080290255769 0.06893180718159239
7 0.54075145245492 0.2616439436039745 0.046252495823648765 0.11665168969514976
11 0.6020609746874385 0.27300362442032966 0.03375993030721922 0.0720568071815924
9 0.6571750606222879 0.2828371666730033 0.03329613883740699 0.0587755571815924
3 0.2628099909295073 0.21327111787922615 0.03329613883740708 0.0587755571815924
9 0.37350195426901844 0.21965695238457328 0.029226197730414506 0.05406533128389333
9 0.5948139590783419 0.21212066657480735 0.028526793283910834 0.056404536104353475
1 0.43461555826003523 0.12478935909862743 0.04499009618646852 0.12523634933607006
6 0.4965426393855612 0.1408319947354427 0.030481162884024117 0.09000283128389333
5 0.5493675390227416 0.14911667252673572 0.02993552586071573 0.07437783128389333