3 0.5762674086802771 0.6828062075092121 0.032095479707460586 0.04934678213245362
9 0.5115600263750288 0.6925054679340533 0.03061480032431163 0.05398881802583091
3 0.3757588940697805 0.7042733452102267 0.03369889001588611 0.05173599623907634
3 0.30853048376135506 0.7038845517950019 0.03838639001588602 0.05187238855894431
6 0.7154605478853844 0.5966831879131708 0.04803412540538936 0.06777017319868044
0 0.6442519752399385 0.5026125906578802 0.03874094602224041 0.07218488855894449
2 0.5133838047852431 0.5283065756141854 0.03624719155801355 0.06352294239901042
6 0.45299572970416524 0.5167756937191585 0.03254549310014117 0.07512803213245363
4 0.3779411826262645 0.5158329708370472 0.052458572645445935 0.09757133346523723
3 0.6917212646072013 0.445734453352577 0.03379434740221221 0.05720474623907634
9 0.6266456895261234 0.43433996377741824 0.03219093709378669 0.054815532132453625
11 0.5719854630650738 0.4374937075092121 0.03240912540538936 0.06731553213245363
9 0.3220127366040241 0.446330464568841 0.036042640015886016 0.05180419239901042
9 0.7528439508902092 0.36500963908766976 0.03848184740221221 0.057341138558944314
1 0.693841097805954 0.3432770430860203 0.05514324188232518 0.11717077962517113
3 0.5654257715070601 0.37515283188239146 0.02754434740221221 0.05702288981258556
9 0.4403575876596843 0.374883710412206 0.027585257710637735 0.05936663981258557
0 0.38091440381230846 0.3727050964638679 0.036547200486467354 0.08071044239901033
2 0.317592243503883 0.3722026427820865 0.04655344602224041 0.07241220909205773
5 0.7397751607121673 0.28800686988733987 0.041865946022240405 0.07227581677218975
11 0.6773569813290183 0.2945129341522471 0.037232993100140985 0.0752644244523216
3 0.6211888019458693 0.30083714199066364 0.02832559740221221 0.05704562186589692
8 0.446860957790068 0.2996563898790926 0.03258640340856669 0.07747178213245362
3 0.3336751651763942 0.308421287609237 0.032272757710637735 0.05950303213245363
9 0.7372171765404799 0.23102108399396254 0.03077844155801355 0.06336381802583091
9 0.678473422076253 0.2241322379923131 0.032300031249588024 0.06106553213245362
8 0.4517745543815013 0.22291203345260185 0.028680153408566687 0.07735812186589693
10 0.39396205438150134 0.22459420539764108 0.048715963879148026 0.10683267319868044
5 0.33229785145940205 0.22951503760923697 0.037232993100141165 0.07526442445232169
7 0.7301256509729347 0.13821145836714194 0.057582449268651456 0.1227077257851052
9 0.4429529334403387 0.16532685398571526 0.025309691558013724 0.06320469365265158
3 0.34303475405718975 0.17292405680956685 0.028434691558013547 0.06329562186589692