11 0.27421875 0.7084612377478123 0.0484375 0.05972114532659738
9 0.409375 0.7139091911106942 0.0296875 0.05381598423243048
9 0.62421875 0.7112523973233675 0.0328125 0.04373246941479163
3 0.68671875 0.7004226936761453 0.0375 0.05399782218833345
2 0.7640625 0.6931537479127077 0.0515625 0.06760638050895836
9 0.40234375 0.6187603452710067 0.03515625 0.05472452080156245
9 0.47734375 0.6271709508943399 0.03125 0.051508601823611146
6 0.54453125 0.610763394473576 0.0359375 0.06568020459715278
6 0.75625 0.5902105858686105 0.0515625 0.06760638050895836
3 0.2734375 0.5397294215434025 0.0375 0.054779072188333444
4 0.3484375 0.5192337771667358 0.0578125 0.09509560087368066
3 0.41640625 0.5278080369503815 0.0296875 0.05694098423243048
0 0.5453125 0.5099639606779857 0.0328125 0.07498246941479181
9 0.66953125 0.5117602371791314 0.0359375 0.05943020459715278
0 0.75 0.5067623062333327 0.0484375 0.0730023953265972
5 0.35 0.4559161595755553 0.0375 0.07274782218833345
10 0.4078125 0.42800805870187464 0.0515625 0.11213763050895835
8 0.48125 0.4442675319163884 0.03515625 0.07503702080156245
3 0.534375 0.4500622838162496 0.0296875 0.05459723423243048
9 0.67421875 0.4366511344055898 0.0359375 0.05943020459715278
9 0.728125 0.4424277025098605 0.03828125 0.0547972559839236
3 0.29453125 0.37595720906246505 0.0359375 0.05943020459715278
11 0.4125 0.371648955928333 0.0328125 0.07498246941479163
3 0.478125 0.37012151709874963 0.02734375 0.05688643284565975
3 0.35390625 0.29801274059760385 0.0296875 0.06084723423243057
3 0.47734375 0.2974834508943399 0.0265625 0.06077449905006951
9 0.3546875 0.23315080680201355 0.03125 0.06557110182361114
2 0.42109375 0.21988643417683992 0.03515625 0.07503702080156253
7 0.475 0.19831925228111072 0.040625 0.12594555737069452
1 0.59296875 0.1916672491469787 0.0375 0.12821657218833335
5 0.53515625 0.15473160002065928 0.02734375 0.08032393284565975
8 0.65078125 0.15282164827329808 0.0375 0.08290407218833336