3 0.35664396857100444 0.7174281244942549 0.03331248667249973 0.0441145877489479
8 0.6240769165738679 0.7056647675928313 0.03896305000795426 0.05993056070710594
9 0.28585984858373104 0.6211681941870355 0.038063621339908774 0.04974702885594055
6 0.3607143979153675 0.6362872518989166 0.03890850600731781 0.05524306070710594
3 0.4263666699156857 0.6362351773968126 0.030214758672817865 0.046349210344286365
5 0.4867501865850038 0.6188046299365505 0.03583805000795408 0.0598214333024444
9 0.5547007552514583 0.6227406509879426 0.02790737133990877 0.04939236479078986
11 0.6123678045830948 0.6372595079741844 0.038181800007954084 0.05990327885594056
4 0.6875950712524128 0.6203473156860654 0.06345452001113579 0.08421379809323426
3 0.3649848219287305 0.5379588793035783 0.031840893340226904 0.05187252404661713
2 0.428901871260367 0.5526959910991434 0.038935778007635945 0.05758681070710594
7 0.48618765993000324 0.5328125662342196 0.04327838001272664 0.09522321996293322
3 0.5484876652610033 0.5521826143274537 0.027934643340226904 0.05173611479078986
0 0.43391718260663914 0.4575199003549705 0.03208634134309048 0.07296627404661712
9 0.6142859352721391 0.4724157579741844 0.027934643340227085 0.05173611479078986
3 0.6713899106063209 0.4681573331092606 0.03186816534054522 0.05421627404661713
3 0.3621609086171386 0.3776389381965857 0.03190452800763603 0.05734127404661713
3 0.30512111529282004 0.309213831210344 0.03193180000795426 0.05968502404661713
9 0.3708097499602291 0.30603675670824 0.02796191534054513 0.054079864790790036
9 0.42378020862509286 0.32117317258748906 0.027971006007317813 0.05486111479078994
3 0.4927483846276381 0.3048239754900467 0.027217028007635945 0.05717758293962456
0 0.5497432719605472 0.309940550625123 0.030642020011135786 0.08306796034428628
1 0.6125159919637289 0.2886855987183572 0.049782918682362974 0.11731647477225655
10 0.7327830386298653 0.2967932537978331 0.059757355346908445 0.10204613883740707
2 0.3115443853039559 0.22737355416850202 0.041515885343726834 0.07798115626060227
8 0.4334193853039559 0.23162952295030878 0.03214088534372674 0.07765377404661714
9 0.7270512066359105 0.2520437489885097 0.03193180000795408 0.05968502404661713
9 0.3168227786441829 0.1767559952754946 0.03197725334181776 0.06359127404661713
11 0.3747898199793191 0.16549360226173623 0.03367611334340861 0.07536458774894798
9 0.4318210699793191 0.1674851773968125 0.02724430000795408 0.05952133293962456
6 0.5435670919796373 0.1690427321134687 0.028361904678545 0.08845486479078994
5 0.6551949353119101 0.18075653683012488 0.036019863343408606 0.07544643330244423