8 0.26665700997107705 0.74921875 0.052871733282499986 0.05625
2 0.40949847340194506 0.74375 0.04436890226045147 0.06015625
10 0.6876416571975353 0.74453125 0.059467225398715226 0.07109375
3 0.3412011086605561 0.6625 0.03711944671336811 0.05078125
5 0.4121675720914242 0.65703125 0.03953593189572917 0.05390625
1 0.5456522193178825 0.65234375 0.048911585106111134 0.0875
11 0.6131124762517366 0.6640625 0.03730128466927098 0.05859375
9 0.6804454466164589 0.6703125 0.03237739532659738 0.0484375
6 0.743472123478195 0.659375 0.05292628466927081 0.05859375
3 0.27966223698531295 0.56953125 0.038736498100138926 0.053125
3 0.47809973698531305 0.56953125 0.030923998100139016 0.053125
9 0.5437792883720839 0.571875 0.02847114532659738 0.0484375
6 0.6709412004161811 0.5640625 0.04227972539871523 0.07109375
3 0.7416173763279866 0.5796875 0.038736498100139016 0.053125
9 0.40180803428802125 0.48046875 0.03255923328249999 0.05625
0 0.596648408813056 0.49375 0.03753767401194459 0.06875
9 0.2821663750937156 0.40859375 0.037173998100138925 0.053125
4 0.40587597881718784 0.38671875 0.050765025835555734 0.1
3 0.7244266102760768 0.41171875 0.03641093189572917 0.05390625
3 0.29193945896555584 0.325 0.036520034669270895 0.05859375
9 0.4077826645126391 0.334375 0.030942181895729347 0.05390625
2 0.5280587969214586 0.3328125 0.03310474715020852 0.0796875
5 0.6458638927611461 0.32578125 0.03766496058107638 0.07421875
11 0.7091633265567363 0.3265625 0.04386040919430556 0.071875
9 0.4139040715227432 0.26171875 0.028798453647222288 0.0625
3 0.5288387405006947 0.265625 0.027962652260451294 0.06015625
7 0.647679006268264 0.2359375 0.056034407294444574 0.125
8 0.7128864321800696 0.2515625 0.044696210581076555 0.07421875
3 0.3544732137152085 0.1921875 0.03270470364722229 0.0625
0 0.40650783919017375 0.17890625 0.03343205547083343 0.09375
9 0.47149705955489596 0.18515625 0.028017203647222287 0.0625
9 0.5268748905769446 0.18125 0.028071755033993107 0.06484375