6 0.44140625 0.6942268713241548 0.03515625 0.060436210990419424
9 0.37421875 0.6875807236535756 0.03515625 0.044811210990419424
3 0.3140625 0.6797405681810801 0.0359375 0.050320904567984215
4 0.7671875 0.5964565931687081 0.06640625 0.09723020409301456
6 0.7 0.6148104454981288 0.046875 0.06730036465389251
2 0.578125 0.6076419973980082 0.040625 0.06072281603337348
0 0.68984375 0.5181844289897855 0.03828125 0.07622498530067894
3 0.6234375 0.5209542248967709 0.03125 0.05554399310259513
11 0.37109375 0.5163231993433162 0.0375 0.06837154172311415
10 0.309375 0.49668240671569086 0.05859375 0.0929145183173656
9 0.6234375 0.4482979748967709 0.03125 0.057887743102595125
3 0.55859375 0.45505590795888634 0.02734375 0.05533927521477082
7 0.378125 0.41669169154139996 0.046875 0.1079253646538925
3 0.325 0.4428137782669884 0.0328125 0.055625880257724705
9 0.6234375 0.375641724896771 0.03125 0.057887743102595035
5 0.5609375 0.37002248869158094 0.03125 0.07273149310259504
9 0.5015625 0.36378577679665036 0.0265625 0.055298331637205766
3 0.44375 0.3615372020568495 0.0265625 0.057642081637205855
9 0.31640625 0.3665821489137747 0.03515625 0.058092460990419426
9 0.6796875 0.3145271624814421 0.0296875 0.06405585594746536
5 0.61640625 0.29402323269868713 0.0359375 0.07375840456798421
8 0.55859375 0.2956809079588863 0.03125 0.07273149310259504
8 0.4984375 0.2979970024863908 0.03125 0.07351274310259504
1 0.4390625 0.2823852905914603 0.0359375 0.1128209045679843
0 0.33046875 0.2837253833099425 0.0359375 0.0870396545679843
11 0.55625 0.22758932722619166 0.03125 0.07585649310259504
2 0.50078125 0.22468233321908548 0.02734375 0.08112052521477064
9 0.71484375 0.17808837347186146 0.03125 0.06648149310259503
3 0.55234375 0.1758221093383673 0.025 0.063810194482076
9 0.49453125 0.17279228459856646 0.025 0.063810194482076
3 0.43984375 0.16758248416902516 0.02421875 0.06376925090451113
3 0.38359375 0.16932204658435407 0.0265625 0.06389208163720576