5 0.28116379579544387 0.7227513019458695 0.0450126068519765 0.05464263555165907
2 0.5374580613992761 0.7413002991032004 0.0387626068519765 0.05453354139585791
9 0.285421927862191 0.6415013019458693 0.040161332541716985 0.0514358149348082
1 0.3445036787667021 0.6182916728870319 0.05935838986866324 0.07518696063273715
3 0.41736796868079384 0.6305110292176979 0.03222600180902226 0.0489556972400564
9 0.4861998558359236 0.6301485649315129 0.030005082541716986 0.05125853693163087
6 0.6181934842846262 0.6480918157422918 0.04624423620519007 0.06325002232113448
3 0.23811423790267075 0.544493888391033 0.040161332541716985 0.0514358149348082
3 0.356782350747541 0.5481291773512588 0.0325126068519765 0.05442444724005639
0 0.420517302127022 0.5554973924482227 0.03629270409301455 0.06697899431795715
9 0.6745463828597166 0.5575855925276529 0.03872166327441153 0.05375229139585791
2 0.23969774932263146 0.45459559131313226 0.048915534825709095 0.06954093262955982
11 0.31280770070211245 0.4621274476437982 0.04176145409301437 0.06707445170428343
7 0.43406522501237194 0.4611161469124497 0.050717052238563556 0.10391593262956
10 0.4869855071245476 0.4659496972367611 0.04574294719560949 0.09836536201270896
6 0.5538864020815935 0.4725912094116258 0.035139639868663156 0.07476422077900687
5 0.2599936391912947 0.38066321347211085 0.0442280348257091 0.06945911201270878
8 0.3776757841483406 0.3881911156628615 0.03966336555840373 0.07172104139585782
11 0.49276851763999724 0.40036560754518663 0.03497586555840364 0.07163922077900686
8 0.6890669855278215 0.3998821866834544 0.046571784825709096 0.06950002232113439
3 0.27030037539648477 0.31828594439738744 0.03822701831736577 0.05920740462638267
4 0.4398283033702174 0.3063877366040241 0.046152382971258274 0.10617786201270887
3 0.4969857061291794 0.3198968575451867 0.02963326831736559 0.05905740016215581
3 0.568983536861874 0.31880769033690226 0.02963326831736559 0.05905740016215581
9 0.6789760125516145 0.3238554748329013 0.038104187584671045 0.056863654626382674
9 0.27283223315297234 0.24013367085843704 0.034197937584671045 0.056795470779006776
3 0.39762751526514795 0.24622180397446422 0.029715155472495435 0.060619900162155814
9 0.2833436872459868 0.17385015178371357 0.03432076831736577 0.059139220779006775
9 0.34757328358251366 0.18670075365015268 0.03452548620519007 0.06304547077900677
3 0.4599095092722541 0.19178944845457715 0.028152655472495524 0.060592626623205435
9 0.5104450978068649 0.19736333847046322 0.02963326831736559 0.05905740016215581
0 0.6203490422889409 0.17425884942751182 0.03760289857509047 0.09197899431795716