5 0.6520268487467743 0.6894286896592453 0.04438401136870649 0.055625258897248564
2 0.39442259578102484 0.7139644105332227 0.03813401136870649 0.055370590912471054
9 0.6553375325488827 0.6081786896592453 0.03956917737631773 0.05230925790866543
1 0.5985118709898958 0.5863156185184378 0.05849293231923358 0.07647892836490086
3 0.524628702016535 0.6002454673395741 0.031661176882026076 0.04964717292769336
9 0.4559423690127294 0.6014843151721274 0.029412927376317732 0.05189542243340171
6 0.32249319905078544 0.6225210098486507 0.04551542984777566 0.06425084239534584
3 0.7115968028148377 0.5099520952867331 0.03956917737631773 0.05230925790866543
3 0.5927831358186434 0.5163532869975069 0.031884011368706486 0.055115922927693364
0 0.5284659678338658 0.525213633841477 0.03551834733826169 0.06774325692008212
9 0.27465521832815737 0.5332157707230657 0.0381021778706093 0.05458934091247088
2 0.7183826550960152 0.4199810112943444 0.04811384783255335 0.07059634288963731
11 0.6446904871112377 0.4292233601154808 0.04098709733826169 0.06796609140676253
7 0.5237240711036264 0.43103255232054616 0.049514521748829844 0.10497134288963732
10 0.4704399036131405 0.43710348019115547 0.04460418726214943 0.09931159190105418
6 0.4030295691264601 0.4453099110275144 0.034274182319233584 0.07549208992388792
5 0.7050005874152487 0.3464307647543855 0.04342634783255335 0.07040534190105419
8 0.5868090029285684 0.3567063729670621 0.03883434832684483 0.07255809091247105
11 0.4707701674533049 0.37157398068544706 0.03414684832684482 0.07236708992388792
8 0.27483558494379096 0.3756579387078432 0.04577009783255317 0.07050084239534585
3 0.7005160172630245 0.2842172662372603 0.03754376235728962 0.06002625741437377
4 0.5323708537268713 0.27624955182625455 0.04492252224312132 0.10712409190105418
3 0.4740490177573161 0.291105230685447 0.028950012357289622 0.05967608893530461
3 0.4022695182516077 0.29169016251038904 0.028950012357289622 0.05967608893530461
9 0.2919859342592189 0.2993036857420937 0.03744826186299814 0.05768250741437377
9 0.7052618670727441 0.2060285992410659 0.03354201186299797 0.05752333992388783
3 0.5801026995822581 0.2150282089366172 0.029013679353484 0.06123858893530469
9 0.7009364644110058 0.13990885072394066 0.03363751235728962 0.059867089923887826
9 0.6356152119395478 0.15426978106600792 0.03379667984777566 0.06377333992388783
3 0.5229878779471591 0.16197880479200408 0.02745117935348418 0.06117492193911027
9 0.47201562695857585 0.16873548216832182 0.028950012357289622 0.05967608893530465
0 0.36444054889768607 0.148160338403832 0.03653701927737192 0.0927432569200822