6 0.7155028330188189 0.6850713640992682 0.04827515226045147 0.060701690006363405
11 0.3233328636040272 0.7133294400461343 0.0435512846692709 0.05908464600572696
5 0.24851470155992997 0.7046442360359529 0.04818423328250008 0.056795440006363405
3 0.7124336908263537 0.6154855700986318 0.03868194671336802 0.05121760200509069
9 0.6521319704616314 0.6210355887571322 0.03381260875746541 0.04335055800445442
2 0.5803842570307634 0.6147304974140418 0.03435812262517359 0.06678805800445424
3 0.5160853676880898 0.6241413127386786 0.030814895326597203 0.04878294533736351
9 0.4482257204616314 0.6186629247294517 0.028343858757465413 0.04328692333704538
6 0.38360017600871477 0.6085333993873157 0.0375376740119445 0.06916817067154532
0 0.5788237166619092 0.5139037940801782 0.03682915919430556 0.07228408000477256
2 0.5108004152751384 0.5154566560709513 0.03292290919430556 0.07223862667090888
10 0.45989187870600645 0.5203345127307243 0.04422408510611113 0.08799089600572714
9 0.3234816000206593 0.5390652367122707 0.03086944671336811 0.05112669533736351
9 0.6420699054914927 0.4489969567552231 0.03412173328249999 0.05663180800445424
3 0.5168153323532287 0.4584799500715876 0.027817181895729348 0.054215332670272606
3 0.39415908235322883 0.45705271538827025 0.028598431895729172 0.05422442333704538
9 0.32673519301055515 0.466427168045816 0.03250468189572917 0.05426987667090906
4 0.25847615549149267 0.4445334393698165 0.06092127583555564 0.10068180000795408
0 0.7010468216196525 0.3660668254296319 0.044878048536979166 0.08253123667249973
3 0.6280632632990274 0.37928389341976876 0.030996733282499987 0.05659544533736342
9 0.5186155281166662 0.3811362000715876 0.027798998100139017 0.05343408267027261
3 0.4583865429343053 0.38356121873008797 0.02859843189572935 0.054224423337045205
7 0.26892465264170107 0.36494593670431646 0.05875936379145843 0.10846702800763604
5 0.6829702752668748 0.3033395587603139 0.03995415919430556 0.07232044267186337
1 0.5786646349742706 0.2857151594127691 0.04800370174736131 0.11615225867281787
9 0.3982679669462498 0.3140930560550429 0.026309233282500077 0.05654090133672707
8 0.5665289640964581 0.2363418680776328 0.03154224715020835 0.08003294533736342
3 0.45688120716260394 0.24678792472945163 0.02796265226045147 0.06046533267027261
11 0.2755766557758331 0.24702264003818009 0.04000871058107638 0.07466419267186346
8 0.5736706232907638 0.16453050274504183 0.03446722539871523 0.07147555800445433
3 0.5101711677436804 0.17316915873645133 0.02640015226045147 0.06044715133672711
9 0.4547024177436804 0.17252372139558805 0.02640015226045147 0.06044715133672707