3 0.34018165860539906 0.6847959073838158 0.03506851282028158 0.04881930800445424
5 0.4738845705160578 0.6840066614019514 0.03788529776646961 0.059002830004772376
3 0.5424355173729047 0.6722975494111783 0.03350601282028158 0.04880112667090888
1 0.3439852088530681 0.5863493167170432 0.059726064515692644 0.09205168734086336
9 0.47679770885306816 0.5878947300684059 0.029854473945152192 0.05422442333704538
9 0.6694389731210918 0.5971713747612684 0.039756012820281586 0.04887385200509069
7 0.28607000910073715 0.4871845633752253 0.06314216294411609 0.09833805000795408
4 0.4813825091007372 0.4894572300684059 0.04517341294411601 0.0981289646721816
2 0.6153379780834906 0.5168111654200869 0.04480738585581072 0.05674089600572696
6 0.676258361458102 0.5011048967615865 0.04184720574818712 0.07700794267186346
10 0.29595873945603 0.4091322887094071 0.05778257485477489 0.10061816534054521
8 0.36309058147431267 0.42789192671863396 0.038722205748186946 0.07697158000477256
0 0.5448136164205006 0.41984471140990554 0.03481595574818712 0.07692612667090888
3 0.6693405814743126 0.43145546809354124 0.0355415477664696 0.05897555800445424
3 0.2513761395798645 0.35936809870304376 0.038666547766469606 0.05901192067154524
8 0.30593736104381725 0.3459328547103616 0.045389582712657715 0.06924089600572696
11 0.364167238008288 0.3544271547183158 0.038467494623316514 0.07150283000477246
3 0.43213598800828795 0.35521804272754265 0.0291823858558109 0.05655908267027261
2 0.5446359880082879 0.3565270987428147 0.03924874462331651 0.07151192067154524
11 0.25505125723871036 0.2804618487030438 0.044081793837528235 0.0746914646721816
9 0.37894252150673396 0.2889385147199066 0.0324165477664697 0.05893919533736351
3 0.43742710959607517 0.2919640647278608 0.029291547766469604 0.05890283267027261
3 0.6017807080244986 0.28762310475013253 0.0299636358558109 0.056568173337045294
0 0.672420693756475 0.28141001475967753 0.042247466087269106 0.08560169267186346
6 0.2657212375940032 0.20241866470399827 0.04488231451569265 0.0918789646721816
5 0.32168013916557975 0.2093231927116343 0.04095679383752824 0.07465510200509069
9 0.49437277646913264 0.21055098006840592 0.029291547766469604 0.05890283267027261
3 0.5461343296122858 0.22366005474217837 0.029364322373575467 0.06046533267027261
9 0.6738419526478151 0.2173293334261321 0.03397904776646961 0.058957376670908876
9 0.33552862344981405 0.1469504620464524 0.029582646194893057 0.06515283267027257
9 0.43576406389652006 0.1598419080601336 0.027801822373575646 0.06044715133672716
9 0.5609823877178377 0.15660891474376917 0.02802014619489306 0.06513465133672716