7 0.2668371285805494 0.632779641981527 0.06817838267822669 0.08554713544042354
3 0.350249065245095 0.6479183077707675 0.033403393340226906 0.0509721475406721
9 0.40798883991091317 0.6538319644848217 0.03343066534054504 0.0533158975406721
6 0.488530315245095 0.6471138109922213 0.03585623134149962 0.06036078307929138
1 0.5564081585773677 0.654530880372258 0.051826676678863134 0.09013918667008766
9 0.6212428179105951 0.6549348804704539 0.03186816534054522 0.0533068071815924
9 0.492437112587549 0.5799081302740621 0.027934643340227085 0.050940331283893414
4 0.6200717639242762 0.5541672660090733 0.0526261080124085 0.09170623184962742
8 0.7526388159214127 0.5744883354873058 0.0523897506763177 0.07139373184962743
3 0.5513495832670485 0.4850405369881162 0.027971006007317813 0.05406533128389342
6 0.6108427619350939 0.47453885334309087 0.036773841343090474 0.07208407825883115
9 0.7419109485996394 0.4894002631804029 0.03890850600731781 0.0541289637974506
0 0.5516592132797753 0.39129508216765607 0.03220452001113579 0.0822130571815924
2 0.6240700152769116 0.4119661304704539 0.036773841343090474 0.07208407825883115
9 0.6795296746101389 0.41242467272312744 0.033439756007317814 0.05409714754067192
3 0.7435194492759571 0.41830196800086306 0.036592028007635946 0.05645907825883114
10 0.3105353212921837 0.30129783782499686 0.05290791868236289 0.11592498184962743
3 0.43042055995386586 0.33731663017586627 0.02802555000795408 0.058752831283893324
11 0.5023319226209566 0.3337734736582038 0.03364884134309047 0.07206589754067191
9 0.6202370379535476 0.3385559015476927 0.028043731341499623 0.060315331283893325
3 0.6796120379535476 0.33821046790266723 0.03194998134149962 0.060338057181592394
9 0.3250887172979107 0.2590285245932803 0.03194998134149962 0.060338057181592394
0 0.38225632729950154 0.24697797648687425 0.036201676678863134 0.09004828307929139
3 0.5578739452975926 0.2600178110904173 0.027262481341499622 0.060310786104353475
8 0.6259154206317744 0.25337238047045385 0.03682838534372692 0.07677157825883123
5 0.504022786640683 0.18846097365820386 0.02827099801081765 0.07984658128389333
2 0.5633432426400466 0.19280304001317838 0.03608349801081765 0.07989203307929138
5 0.6164318799729558 0.19561896780447138 0.03604713534372674 0.07676703307929138
9 0.3899971966502281 0.11881661505055577 0.028043731341499623 0.060315331283893325
11 0.5079386746499098 0.12047404294004463 0.02827099801081765 0.07984658128389333
3 0.66877617731541 0.128131485954844 0.02807100334181776 0.06265908128389333
3 0.7272244766470464 0.14029059748935832 0.03588350334181776 0.06270453307929139