2 0.5121337812325797 0.734375 0.03553349990180408 0.06484375
3 0.44410139871902227 0.7453125 0.03153180113146803 0.0484375
5 0.2417258324622437 0.75078125 0.05190338846548563 0.05859375
7 0.7322468142136753 0.634375 0.07240678600615773 0.09140625
9 0.6486757901113742 0.63046875 0.031563617388246715 0.05390625
9 0.5821877268796577 0.64453125 0.02999657220870695 0.053125
8 0.7117439375538505 0.5328125 0.047288611338122524 0.07109375
3 0.6366393984244347 0.55078125 0.03312611738824671 0.05390625
6 0.5741303080653551 0.55234375 0.03322611133812252 0.07109375
3 0.44436554001317835 0.565625 0.02765736738824671 0.05390625
9 0.3201286092950192 0.56875 0.036232936670087576 0.05078125
1 0.7122120910464507 0.45234375 0.05681814744247617 0.09765625
3 0.6448609645830177 0.48046875 0.03157725292686635 0.05625
0 0.5793132326351943 0.4671875 0.033276108313060604 0.0796875
9 0.4495621001216369 0.478125 0.02765282220870695 0.053125
9 0.5039228680756178 0.4 0.02687611738824671 0.05390625
9 0.4547450246914762 0.39296875 0.027693728824565157 0.06015625
11 0.38908366325515764 0.39921875 0.03557440651766246 0.071875
8 0.3242308228960781 0.40078125 0.04335509026088378 0.06640625
0 0.6880438589022357 0.309375 0.03877667456983911 0.08515625
3 0.5660370486955812 0.33203125 0.027684638465485634 0.05859375
3 0.5066893197728201 0.32734375 0.026903388465485633 0.05859375
10 0.39345352156821817 0.31953125 0.04127041549465282 0.1109375
4 0.3278194312091386 0.32109375 0.0521897347764936 0.1078125
9 0.6798182684449602 0.24609375 0.031590888465485634 0.05859375
3 0.5570756600337038 0.2609375 0.026912478824565156 0.06015625
9 0.44224554557232326 0.25859375 0.025349978824565335 0.06015625
2 0.3328569100337039 0.2609375 0.03871304205628183 0.07421875
3 0.2702750968019873 0.275 0.033153388465485635 0.05859375
6 0.5676955183467643 0.18125 0.030232921544777015 0.09375
5 0.4441989310127468 0.19140625 0.027807358313060603 0.0796875
11 0.2706841629605701 0.2046875 0.038726677594901296 0.0765625