2 0.5049618801126601 0.7259338396948698 0.03704301042484133 0.06545740462638268
3 0.5732488788590189 0.7356849407505299 0.032659387305303156 0.04898297077900686
5 0.7757517532321982 0.7376217674564609 0.053267403998350636 0.05949377678536116
7 0.28252092728880857 0.6297657719173926 0.07453465023742681 0.09266083279171564
9 0.36600101702225185 0.6244003875835494 0.03281851167848249 0.05445172077900686
9 0.4328164439818559 0.6373037621781599 0.03123327962517113 0.053643197240056395
8 0.30065951035833427 0.5278350791415629 0.048943616851332014 0.07191195616851012
3 0.3761823475844951 0.5444946992719466 0.03438101167848249 0.05447899431795715
6 0.4387278116911178 0.544966257713933 0.034881116851332016 0.07166649431795716
3 0.5688017565974105 0.5559838039810548 0.028912261678482664 0.05438353693163087
9 0.693111434810656 0.5569405576345028 0.03741508346523723 0.05140854139585791
1 0.2983181088672662 0.44736632914156294 0.05909150666391758 0.09863809740221222
3 0.3663239627864744 0.4743185669666984 0.03288670783841656 0.05679547077900686
0 0.4315625178801817 0.45989182833078407 0.03513116943775678 0.08026024431795716
9 0.5615682666265405 0.4685656245979059 0.028889529625171127 0.05360228693163087
9 0.5053888112954064 0.3913815616916926 0.028131011678482486 0.054369900162155725
9 0.5544029728156044 0.3834911952147569 0.029094118104973178 0.06063353693163087
11 0.6202098292420951 0.38859570657884257 0.0372475989046432 0.07248865462638268
8 0.6850990433487176 0.3890263547124035 0.04490097453146404 0.0671562723211343
0 0.31915814311129087 0.3039612025183575 0.04075904381093611 0.08582445170428335
3 0.4416923726573197 0.324490116480231 0.02904865399835046 0.05907103693163096
3 0.5009309803374518 0.31876622200011806 0.02826740399835046 0.05905740016215581
10 0.6139849098043383 0.30897639042621844 0.04385295157021041 0.11164661201270887
4 0.679655373910961 0.30939340179030417 0.05469952335696497 0.10871252678536117
9 0.32591059679307227 0.24052994805413067 0.03295490399835055 0.059139220779006865
3 0.44899875580598775 0.25323272524652896 0.028312868104973177 0.060619900162155814
9 0.5637743096460538 0.24888437013367898 0.026750368104973176 0.060592626623205435
2 0.6732175058059877 0.24931897240715517 0.040440795064577276 0.07488695170428335
3 0.7361266827655919 0.26229053084914156 0.03451740399835046 0.059166494317957154
6 0.436523836368231 0.17372250324970614 0.03241534639736088 0.09426819724005649
5 0.5602568530612785 0.1817241436726293 0.02966241943775678 0.08016478693163095
11 0.7340807979675712 0.19197803084914158 0.04050899122451135 0.07723070170428334