9 0.7496917069139797 0.6662682622072079 0.03748327962517113 0.05417067445232178
5 0.6247371710206023 0.6714678907370224 0.04237536810497318 0.06133831677218957
3 0.5495780466474229 0.668181417854911 0.03272758346523723 0.05169053213245363
9 0.49417749280735707 0.6721391436400163 0.028912261678482664 0.05470187186589683
1 0.4168337428073571 0.6743896169178389 0.05075616943775678 0.08109688730530315
6 0.3449814748606684 0.6772622158224824 0.044119724531463955 0.06763378087881229
9 0.6233445040901281 0.5698599266303997 0.03438101167848249 0.054860996239076344
0 0.4896370938235714 0.569840857746639 0.037224866851332014 0.07211669239901042
3 0.3502934489964209 0.591097395289369 0.03748327962517113 0.05417067445232178
3 0.27891855416927036 0.6103762441940123 0.04217077962517113 0.05430706677218975
11 0.6735741731321735 0.4956806290585399 0.04028167069139812 0.06986387061225567
6 0.5408071372387961 0.5011075781214679 0.037224866851332014 0.07211669239901042
3 0.414889494918928 0.5000799387045937 0.03288670783841656 0.05715928213245362
9 0.7248207728947467 0.40270586738005737 0.03295490399835046 0.05950303213245363
0 0.6551303985215672 0.3992602701247667 0.038324365597690854 0.08307692445232169
8 0.5399600395877939 0.4182496140148452 0.034812920691398117 0.06970474623907634
3 0.4099459306540208 0.43767086691783896 0.028980457838416563 0.05704562186589683
10 0.7258400521242063 0.3033734571135007 0.06586434389007856 0.11744356426490725
11 0.5402579047897733 0.3478689178549111 0.034903848904643195 0.07282974623907634
9 0.4697180842566599 0.34210230265293173 0.028980457838416386 0.05704562186589692
2 0.4103430842566599 0.34382993870459366 0.03363686559769086 0.08294053213245363
5 0.6417318250854599 0.2612518047645028 0.03809704506457727 0.07526442445232169
9 0.4684761815119506 0.2725483205996204 0.028381064264907253 0.06327288981258557
2 0.3511977532987053 0.2728331285963215 0.037611311757624756 0.08539794239901025
3 0.6999785826073073 0.19387643665952958 0.03306856426490725 0.06340928213245363
3 0.6415212249271753 0.20026884065788014 0.02916231426490725 0.06329562186589692
7 0.5908165312745238 0.1775049420698059 0.04894962852981451 0.12631845909205772
9 0.40889058135366607 0.2132929925446596 0.029230510424841327 0.06563937186589693
8 0.3533763672470434 0.21334446832976478 0.039886865597690765 0.08312238855894431
3 0.6857964106622682 0.13642764951251102 0.03306856426490725 0.06340928213245363
9 0.6278702503957113 0.13420357145755024 0.028449260424841326 0.06561663981258556
4 0.45921953879637123 0.11565346291948844 0.039506432369880426 0.12370192445232168