9 0.5578523788985612 0.6080727073419279 0.03185217787060921 0.05485409997176518
11 0.4937434579480341 0.624699494244218 0.03363751235728962 0.06041385523343692
6 0.4178494614080751 0.6038339864222974 0.03779843034206731 0.06689136838761663
9 0.29114503996325647 0.6191643128577135 0.03478617688202616 0.05034861049510884
10 0.6827661486702246 0.5213756151214961 0.05991085228117754 0.09311993942018652
3 0.6180669787082806 0.5332693993929503 0.03344651136870649 0.05572635523343692
8 0.48093439323301723 0.5354626889966635 0.03779843034206713 0.06689136838761663
3 0.24120338977297603 0.5379451339608707 0.03956917737631773 0.05296537628012423
3 0.6742479945256115 0.4613635782897932 0.03735276136870649 0.05595386838761662
5 0.5518145790122919 0.4487509152485531 0.033955847338261694 0.06822635523343692
0 0.301959159050348 0.4498605760118931 0.04130543231923358 0.07644837891096046
3 0.23832774057127878 0.4547686129141832 0.0381021778706093 0.05521812101845249
11 0.6072143448296227 0.37679959151456 0.04039684832684483 0.07327787628012442
4 0.4889100138029834 0.35894569162749945 0.04245143825073257 0.10457337891096027
3 0.43317200836577585 0.3815417574689848 0.02963576186299797 0.05784259207925739
2 0.37173975984865065 0.37091579963294674 0.03436968281352524 0.07838260523343692
3 0.310197423384804 0.3822103444277446 0.03500901136870649 0.05581736049510884
3 0.24401400787148436 0.37287387080669104 0.038229511862998056 0.058343121018452584
9 0.6636991081754955 0.3166580230422388 0.031884011368706486 0.05563534997176509
3 0.4846655241831067 0.30936292058081205 0.028854511862998145 0.057797089448421435
1 0.43649727962031426 0.2807150048381488 0.047489106729801736 0.11344014469597585
9 0.37698035817549547 0.29995855752545453 0.02875901136870649 0.055453339448421436
9 0.31585185718691233 0.3010968523202524 0.029731262357289623 0.060186342079257396
0 0.25634952319452353 0.30076365237672215 0.04875051779449713 0.08701415258848363
9 0.49065553901185427 0.23923243110415576 0.02745117935348418 0.06161233418674961
6 0.428138292966187 0.2167967180064459 0.03491085228117754 0.09166385523343701
7 0.3130398749814095 0.21635783127356495 0.06021194121648214 0.11963693678935065
2 0.2659102069966319 0.2198776734234095 0.04586559832684482 0.07359639469597586
8 0.6009338058177682 0.16577879152867742 0.03561384783255335 0.07066111049510884
5 0.4985263888215739 0.16138044688917133 0.03280718281352506 0.07829159997176513
9 0.4388648873386992 0.16495349694564107 0.026765429847775656 0.06391058155591364
9 0.37464321984821314 0.16512853121709525 0.029985930342067313 0.06643634207925735