9 0.6146944336644046 0.5505346274156864 0.03278167889684287 0.05433467292769336
11 0.5525962520661386 0.5734256407615593 0.034662697312694314 0.059867089923887916
6 0.47507819681858415 0.5601390735750844 0.0389329683593818 0.06627625741437378
9 0.350616523112826 0.5879205167687329 0.03563366311182729 0.04977450692008212
10 0.7303278679640937 0.451850435210621 0.06148280254613141 0.09213576186299814
3 0.667175420580812 0.4700857820545911 0.03438968152767874 0.05517958992388792
8 0.5310482047816791 0.48581289422160034 0.0389329683593818 0.06627625741437378
3 0.2929412600292335 0.5119601946393422 0.04045767100433508 0.05230925790866543
3 0.7159321680205633 0.39292110418398174 0.03829593152767892 0.055338757414373774
5 0.5929573996047118 0.3924502133852415 0.035117723621053545 0.06767958992388792
0 0.34464870222143035 0.41823009927824695 0.04260399992941277 0.07577859140676253
3 0.2818679811606255 0.42940236262411985 0.03903167889684287 0.05458934091247088
11 0.6409328970444631 0.3153173690127294 0.04164073940606912 0.07262175790866543
4 0.5215458602127601 0.3092185607235031 0.044242094639506034 0.10390359140676261
3 0.46835994703034567 0.33722815559030683 0.030619939420186527 0.05736417243340188
2 0.4062316733528224 0.3327117519399853 0.03570925782192056 0.07783583992388791
3 0.3461587233387049 0.35003851479156656 0.03595218152767874 0.05524325692008221
3 0.27943395492285344 0.3472756121298282 0.03921368942018653 0.05771434091247105
9 0.6911534339467532 0.24983960764402288 0.03282718152767874 0.05511592292769345
3 0.5124291944700969 0.26025447870828067 0.029838689420186526 0.05733233893530461
1 0.46170885765251135 0.23647873908840406 0.049430123578701315 0.11268834239534575
9 0.4044346839467532 0.2615225014456937 0.02970218152767874 0.05498858893530469
9 0.34377019973176876 0.26869301429727493 0.030756447312694314 0.05970792243340188
0 0.2845772102551124 0.27423736015266187 0.05022678413027979 0.08622134288963731
9 0.5114589576948637 0.1898146447158919 0.02850370257436623 0.06117492193911027
6 0.4470856445548016 0.17364315806176478 0.03648280254613141 0.09111708992388783
7 0.3326059156014889 0.18457268228205254 0.06224864199455275 0.11866642836490086
2 0.2860949366481763 0.1927326921678843 0.04710948940606911 0.07284459239534576
8 0.6138489393495994 0.1057659554765761 0.03681673151356133 0.07008700692008221
5 0.5115961946112713 0.11149864372730875 0.03414675782192056 0.07777217292769345
9 0.4526307182887946 0.12094923958269561 0.027858960466874017 0.06348683844101304
9 0.3887957314429742 0.12746583642666567 0.031120468359381804 0.06595792243340184