1 0.37421875 0.7056353590004315 0.046875 0.07449146077238851
5 0.234375 0.6001989461380572 0.05078125 0.05888918667008767
3 0.3 0.6091921510567133 0.0375 0.04865566861791084
3 0.38046875 0.615755247564113 0.03515625 0.04864203307929138
0 0.496875 0.6182030158126816 0.0328125 0.05878464754067192
3 0.63515625 0.6275547690341354 0.03515625 0.04551703307929138
3 0.703125 0.616221838414172 0.0359375 0.04864657825883114
6 0.3734375 0.5212649041799713 0.0359375 0.06661532825883114
9 0.4390625 0.5286956090986275 0.02734375 0.05328408128389341
9 0.57421875 0.5396280430382404 0.02734375 0.05328408128389341
2 0.70078125 0.5287354739527915 0.0359375 0.07130282825883114
8 0.56875 0.44590985929501914 0.0328125 0.0720658975406721
11 0.6359375 0.4525502238545956 0.0359375 0.06661532825883114
2 0.696875 0.4475081998504905 0.0484375 0.06668805113146821
0 0.25859375 0.35162054557232325 0.0453125 0.0768261204133089
5 0.3265625 0.3520063649523599 0.03828125 0.0689727137974506
9 0.44375 0.36694958802138855 0.02734375 0.056409081283893325
3 0.50390625 0.3626933591968233 0.0265625 0.05406078610435348
9 0.275 0.27808759680198725 0.03515625 0.05411078307929138
7 0.334375 0.26289841315696183 0.053125 0.12140282220870695
11 0.38984375 0.2758569554096354 0.03515625 0.07129828307929138
9 0.45859375 0.30280072961013216 0.02734375 0.05328408128389324
3 0.6375 0.29316613349551596 0.0296875 0.060328966822512695
3 0.40078125 0.21798082289607806 0.02734375 0.060315331283893325
4 0.584375 0.20910020570422297 0.04296875 0.10806248487468953
6 0.63828125 0.21894283831597616 0.0359375 0.09005282825883124
3 0.696875 0.22328944985049048 0.0328125 0.06034714754067201
8 0.28046875 0.13430578054520864 0.0375 0.07990566861791085
10 0.3375 0.12772398243880256 0.05078125 0.11123293667008757
9 0.453125 0.15127004586691087 0.0265625 0.06265453610435348
9 0.62421875 0.1502746515476927 0.02734375 0.06265908128389333
9 0.69140625 0.16004001610726917 0.03125 0.0587755571815924