9 0.6974962112433328 0.7323335314075379 0.04299113680346807 0.04180706677218975
9 0.634715490182528 0.7255810777257563 0.03531514469597585 0.04392349623907634
3 0.5632045112292154 0.7214224266303997 0.03517863680346807 0.04157974623907634
9 0.49694247439751243 0.7342694191085524 0.03219014469597585 0.04383256802583091
9 0.4255602980609184 0.714508500066507 0.03219014469597585 0.04383256802583091
1 0.22712279806091834 0.7202824416075876 0.07132823940606911 0.0730487065847754
6 0.49651681114451074 0.6344512755350431 0.03631620257436623 0.06111099623907634
4 0.4396598663920653 0.6197271974800822 0.04682876834526439 0.08091503087881229
7 0.23432762428457296 0.6233619775009649 0.06897678413027988 0.08623902837152997
3 0.702174547919744 0.5582739057807171 0.041102413111827295 0.049551370612255674
3 0.5734503084430876 0.5588996945770883 0.0340711631118273 0.04934678213245362
11 0.4438916110598061 0.5470709474800822 0.03631620257436623 0.06111099623907634
6 0.25730936895231393 0.5501601582214926 0.049089218359381716 0.06616220909205772
3 0.6958783162650083 0.4789046545270759 0.03903167889684287 0.05417067445232178
0 0.5764226609751015 0.4543031227903338 0.03681673151356133 0.06970474623907634
11 0.46318691360593756 0.4568180205204781 0.03645271046687384 0.06345474623907635
9 0.3851074162367734 0.45830997585161215 0.03264517100433508 0.05164506802583091
0 0.33387113992841416 0.46760005931684934 0.04007823940606912 0.0721394244523216
3 0.27463264782092195 0.46698394536851123 0.03825042889684287 0.05414794239901042
3 0.6475310925027804 0.39841918415224714 0.03434417889684287 0.05403428213245363
2 0.7014821161097166 0.31573706479363267 0.042740507821920556 0.07767637061225567
10 0.6445264608198098 0.2893169687919832 0.05706061305535748 0.10929008346523714
8 0.5828154160955992 0.3043713189502678 0.03699874203690499 0.07282974623907634
5 0.5259738818947322 0.31616427678868425 0.03369173151356151 0.06961381802583091
3 0.7112281134082934 0.2421404404204533 0.03631620257436623 0.06111099623907634
3 0.5323673660391293 0.2465648306287503 0.02841269731269449 0.05932117570596294
8 0.4673339002399963 0.23831807310690287 0.03570925782192056 0.07747178213245362
9 0.42418313971665267 0.2426933360390266 0.029975197312694313 0.05936663981258557
5 0.3593848923474886 0.2437988464638679 0.039342492036904986 0.07289794239901033
2 0.6436303607068703 0.1707942893250966 0.03570925782192056 0.07747178213245362
9 0.5416961343843937 0.1667409383088822 0.028640210466873837 0.06322742570596293
9 0.4277778475526907 0.1809745860390266 0.029838689420186526 0.05702288981258556