9 0.7194698185545564 0.7841162396942387 0.04180706677218975 0.04228034190105419
9 0.6564386211409812 0.772943976348366 0.034062762932123646 0.044305756920082116
3 0.5847454775674719 0.7637652945234239 0.03399456677218975 0.04196200692008212
9 0.5188022288211129 0.7720287806832594 0.030937762932123646 0.04417842292769336
9 0.44678247631383067 0.7471932653602202 0.030937762932123646 0.04417842292769336
1 0.24834497631383057 0.7391075568435326 0.06925611685133201 0.07383143083635879
6 0.5154619316449647 0.671774112698482 0.03456286810497318 0.06149325692008212
4 0.4581268047645028 0.6530121838392894 0.04450616943775678 0.08140650889724857
7 0.25272625092443685 0.642296223839727 0.06651756175762476 0.08698534684397004
3 0.7190703164429852 0.6096746552075584 0.03969063730530316 0.04999734140676253
3 0.5902549946562307 0.6012971280215211 0.032659387305303156 0.04971083992388792
11 0.46024088572245747 0.5803559338392894 0.03456286810497318 0.0614932569200823
6 0.2735903318823915 0.5704039777940596 0.04719926042484133 0.06669009288963731
3 0.710451485880742 0.5295414862341976 0.037483279625171305 0.05458934091247105
0 0.5901760897999504 0.49648229402913235 0.034812920691398117 0.07008700692008211
11 0.4769175718532616 0.491085186805039 0.03463106426490725 0.06383700692008212
9 0.398815303906573 0.48712058699531935 0.031165083465237053 0.05199092292769336
0 0.3478067333734596 0.4928639096190016 0.03800611685133202 0.07255809091247105
3 0.28849992953339354 0.48810081376361475 0.03670202962517113 0.054557507414373776
3 0.6597133514784328 0.44534555836358825 0.03279577962517131 0.054398339923887915
2 0.7112962350228121 0.3661010687437117 0.04050899122451135 0.07812234140676262
10 0.6535208389420205 0.335588556386422 0.053918273356964974 0.10988167737631774
8 0.5921968940357277 0.3463867935348407 0.034903848904643375 0.0732120069200822
5 0.5356513773426803 0.35425103167184263 0.03168792069139812 0.06995967292769345
3 0.7189017980340783 0.29288640323039206 0.03456286810497318 0.06149325692008221
3 0.5400182800873896 0.2848152821661342 0.02670490399835046 0.059612421939110226
8 0.474688796780437 0.2719850183259698 0.033477741224511345 0.07783583992388783
9 0.43162911856719166 0.273359175930624 0.02826740399835046 0.05967608893530461
5 0.366808100620503 0.26993574558855676 0.037247598904643374 0.07330750741437378
2 0.6491636110453443 0.21652022140545002 0.033477741224511345 0.07783583992388783
9 0.5470244495251463 0.20531878315471735 0.026818564264907252 0.06351867193911023
9 0.43342495077878757 0.211640425930624 0.028199207838416562 0.05733233893530461