3 0.33000968873267417 0.6942945354311589 0.03862739532659729 0.049528638558944314
6 0.519453395229688 0.6826309243858146 0.034267203647222286 0.06345474623907635
2 0.6521567924561464 0.6818078734487425 0.03895470364722229 0.06359113855894431
4 0.722505660047327 0.6854162582467632 0.06591724715020852 0.08155152837152997
3 0.5278821846486116 0.6087076910788621 0.028580248100139018 0.053920621865896835
9 0.27224847406753516 0.5271010237526765 0.03639274810013893 0.05414794239901042
10 0.520994445382188 0.514040048758994 0.04505988649288213 0.09109401293212364
3 0.5822228861116324 0.5283131489172785 0.030923998100139016 0.05398881802583091
7 0.7183415708571532 0.5065100082467632 0.060975827222326376 0.10404865399835046
9 0.26412554312173653 0.4464504173261856 0.03711944671336802 0.051826924452321774
0 0.33160333064079894 0.42733435596427227 0.043969511967847284 0.07779003087881246
5 0.45126186720993094 0.43628111012090737 0.03285017401194459 0.06965928213245362
3 0.6433402644363893 0.4371856952354972 0.032504681895729345 0.054815532132453625
3 0.7061312051658337 0.45150425950040446 0.032504681895729345 0.054815532132453625
6 0.27540657560680587 0.3608993622324784 0.04475076196784729 0.07781276293212365
9 0.33251056078916696 0.36568380212420637 0.03406718189572917 0.054860996239076344
11 0.45178723765090306 0.35822430628084145 0.032904725398715404 0.07200303213245363
3 0.511943487650903 0.35997467438581465 0.027871733282499988 0.05702288981258556
3 0.33494392334635437 0.30251621239076304 0.03255923328249999 0.05715928213245362
2 0.5103796812301391 0.29278717438581464 0.03446722539871523 0.07204849623907635
9 0.6824001515948612 0.3040382261143096 0.031051284669270984 0.05945756802583091
3 0.2746590803564585 0.22815505839241249 0.03655640226045147 0.06117919239901033
9 0.39629769101378487 0.22154500870898164 0.02874390226045147 0.06095187186589692
8 0.4429726692622918 0.21431518190766202 0.03682915919430556 0.07289794239901033
11 0.5081255437873266 0.22948319233250336 0.031414960581076554 0.07508256802583091
5 0.6234414192622918 0.21956628622258173 0.0330320119678472 0.07747178213245362
9 0.6791465586049654 0.2313365120076869 0.03270470364722229 0.06340928213245363
0 0.2820702304327084 0.14405284303214858 0.04046330547083343 0.09486387061225568
1 0.44431565729444455 0.1378436101209074 0.03572190729444458 0.1259547462390763
9 0.5020378915268752 0.16919055001263528 0.02640015226045147 0.06088367570596289
9 0.5543816415268751 0.17071359758449509 0.026363784669270984 0.05932117570596289
8 0.6696247818194794 0.1576716914745735 0.03701099715020852 0.08071044239901033