3 0.2390625 0.74140625 0.040625 0.0453125
9 0.31015625 0.7234375 0.03828125 0.04296875
3 0.44609375 0.7328125 0.03125 0.04296875
2 0.5828125 0.72578125 0.040625 0.0484375
9 0.65 0.709375 0.03515625 0.03984375
3 0.25703125 0.64921875 0.03828125 0.0484375
3 0.31328125 0.62890625 0.03515625 0.05078125
8 0.38125 0.62421875 0.0375 0.06640625
1 0.4515625 0.6296875 0.0484375 0.08203125
10 0.71796875 0.625 0.0609375 0.08203125
9 0.3109375 0.54296875 0.03125 0.053125
0 0.51484375 0.53515625 0.03515625 0.06484375
9 0.56875 0.53671875 0.02734375 0.05390625
8 0.6515625 0.52578125 0.04296875 0.06640625
11 0.7046875 0.53828125 0.04296875 0.0625
9 0.38125 0.47265625 0.03125 0.05625
3 0.45 0.4671875 0.0296875 0.05390625
3 0.69765625 0.446875 0.03515625 0.053125
5 0.321875 0.38125 0.03828125 0.07109375
9 0.390625 0.38125 0.0265625 0.05625
3 0.26484375 0.3203125 0.03515625 0.05859375
9 0.43671875 0.30078125 0.02734375 0.05390625
3 0.50390625 0.30859375 0.0265625 0.05859375
2 0.68125 0.2984375 0.0359375 0.0765625
4 0.25703125 0.2234375 0.0625 0.1109375
7 0.38125 0.22109375 0.046875 0.125
6 0.68515625 0.2203125 0.03828125 0.08984375
5 0.38125 0.1734375 0.0328125 0.0765625
0 0.45 0.15 0.0296875 0.09375
9 0.49609375 0.16328125 0.025 0.0625
6 0.609375 0.1484375 0.03125 0.08984375
11 0.6765625 0.15859375 0.0359375 0.0765625