3 0.20020704489093272 0.7358420085493748 0.04299972749876284 0.04625805737069442
9 0.2722424971749249 0.7162185331506594 0.04053314676606821 0.043859755983923596
3 0.4076886742441464 0.7224295527179511 0.033501896766068205 0.043696101823611146
2 0.5447759164422303 0.7122161384896523 0.043163501809022266 0.049383057370694414
9 0.6128232315710926 0.6942460820688883 0.037244372455808694 0.04066202080156245
3 0.22300713704358807 0.6432362812507983 0.04081975180902227 0.0493285059839236
3 0.2803216700602749 0.6216145479682984 0.037817582541716986 0.05159952080156245
8 0.3485360815256641 0.6153450577519441 0.04098020409301446 0.06727907218833344
1 0.41856197648271004 0.6191772661488191 0.05273657564431193 0.0831586453265972
10 0.6852138879480993 0.6082890918525342 0.06523657564431211 0.08344958605604162
9 0.28248171359241125 0.5357315993550692 0.034034163274411534 0.053852351823611144
0 0.48679739936806 0.5231731287060064 0.038554566937884616 0.06566202080156244
9 0.5406217622129302 0.5234809468102772 0.0301688568519765 0.05454268284565984
8 0.6240074722988386 0.5106159644777077 0.04644895409301455 0.06740635875746523
11 0.6764773750578005 0.5218794663775689 0.04624423620519007 0.06350010875746523
9 0.35647913557325006 0.46378255775194416 0.034197937584671045 0.05697735182361115
3 0.4255157406162041 0.45671363373999957 0.0325126068519765 0.05459723423243048
3 0.674236523632891 0.4306368705378814 0.037940413274411534 0.05394327080156245
5 0.30189453414834055 0.3737582762168053 0.04200711555840373 0.07198475598392359
9 0.37064453414834053 0.3721581022048608 0.029510437584671045 0.05686824905006951
3 0.24805688319840086 0.31414819329489563 0.03822701831736568 0.059412020801562535
9 0.42095547263752275 0.2906165082650344 0.0301688568519765 0.05454268284565975
3 0.48773353686187393 0.2968652018442704 0.02963326831736559 0.059211999050069505
2 0.6656095533702173 0.2825812302452772 0.039949970601357875 0.07739895459715278
4 0.2453213868164455 0.2174550312507984 0.06831398801421233 0.11239220364722229
7 0.36966296754914013 0.2122200577519441 0.05342597241038014 0.12609102773541672
6 0.673610161126705 0.20436531126732582 0.04298976141996071 0.0907347559839236
5 0.3721605257805975 0.16456380775194412 0.03682497060135788 0.07732621941479167
0 0.44213883310754376 0.1395261337399996 0.034600729307785016 0.09444098423243057
9 0.48753654228894094 0.1517345398001732 0.02827548620519007 0.06308188145888889
6 0.6015957202626736 0.1342541394395828 0.03595851141996072 0.09057110182361114
11 0.6682509537543302 0.1428465830188189 0.039949970601357875 0.07739895459715278