9 0.5297518880347989 0.7237446063273707 0.03137897477225664 0.0489556972400564
11 0.46700635137431 0.7296849147693572 0.037011415879249124 0.05373865462638268
9 0.325391770248784 0.7107967727248761 0.03684772477225655 0.0490511546263825
3 0.2645088339511149 0.7081706047058128 0.03908234736759484 0.045967064934808025
3 0.6636482275978454 0.6502543335991993 0.03751984736759475 0.04593979139585791
5 0.5414830509188231 0.6340508607915976 0.03477679328391083 0.056822744317956975
9 0.4065450557281466 0.625441699672393 0.02903522477225664 0.04891478693163087
2 0.3393302738769811 0.6250501874975285 0.0405456436467305 0.06551195170428344
5 0.20764376425833425 0.6352592102257 0.05274554328391083 0.05713639001588611
3 0.5970634175237116 0.5646656611159091 0.033023320325752795 0.051326720779006865
11 0.2771328634400276 0.5481370856310894 0.04437004809323426 0.06323638555165925
8 0.2273238363981856 0.5417955823846785 0.044506457349061355 0.06714263555165925
9 0.6731298989193901 0.46827763067709993 0.03712054328391083 0.056863654626382674
9 0.5364657126217209 0.4643286960189451 0.03156994773041451 0.05442444724005639
3 0.4868104530030741 0.47596957954200947 0.029226197730414506 0.05438353693163087
1 0.41985113149619496 0.44587693059766964 0.04602431733052796 0.08825002232113448
6 0.6766120521847675 0.39094751744657513 0.04106399881887377 0.08035570170428334
3 0.6051363562684514 0.40064407142433467 0.03313244773041468 0.05445172077900686
0 0.43103665735691055 0.3718081850618965 0.03403274881887377 0.08023297077900686
8 0.30662693439875255 0.37510868871534453 0.040763898456054014 0.07176195170428334
3 0.24337296624991805 0.37322286038785574 0.037819947730414506 0.054533541395857824
9 0.30805551434315226 0.31181380194586933 0.03156994773041451 0.05442444724005639
0 0.2455654380269497 0.2880529736183806 0.049739594372369925 0.08284945616851021
3 0.612991040203868 0.24287248173276016 0.02944445253973793 0.06063353693163096
7 0.4975396549946579 0.21349685308095984 0.04264634618646852 0.12566820170428333
10 0.4378918364830036 0.2202729586008469 0.04578870435383653 0.10386138555165916
2 0.3791071135248456 0.22471895089020913 0.040763898456053924 0.07176195170428334
9 0.31441713094804075 0.2415694857932452 0.029389888837407164 0.05907103693163096
3 0.2536978857573642 0.23425581777418195 0.03725695253973793 0.060769904626382674
9 0.5007936297669144 0.16508662661991017 0.02874504809323426 0.06296365016215581
6 0.4388392667902229 0.14837068506189657 0.03296132213985139 0.09426819724005649
4 0.32041664900420813 0.13692289610167072 0.055709341377145095 0.11965002678536121