9 0.47857049544737684 0.7322075939154016 0.031943512820281586 0.04964717292769336
11 0.5413979811793531 0.7417855237631772 0.037630586641599 0.054557507414373776
9 0.6828213478047417 0.7311729704168668 0.03741226282028158 0.04987000741437377
3 0.7436860731976358 0.732093483268448 0.03961046360606986 0.04684050790866543
3 0.3437909270027427 0.6510783162350726 0.03804796360606986 0.04677684091247088
5 0.46579220553878997 0.6420136754363325 0.035432385855810725 0.05758700692008212
9 0.6006573571103666 0.6412708706071473 0.029599762820281584 0.04955167243340188
2 0.6678812444139195 0.6447898014435062 0.04130139619489306 0.06640359140676252
5 0.7997134412707665 0.662637829123835 0.05340113585581072 0.058319177376317734
3 0.4093923482190265 0.5695364975657231 0.033615174730940466 0.052054589923887916
11 0.7291954259692854 0.5716507317855734 0.04509848428423435 0.06421900889724856
8 0.778940714844415 0.568219325663794 0.04528042080199892 0.06812525889724856
9 0.3321876852749104 0.4689197322426839 0.0377761358558109 0.05768250741437377
9 0.4688336606678044 0.47292809440969313 0.03219822394515219 0.055115922927693364
3 0.5186346075246513 0.4874336047898165 0.029854473945152192 0.05502042243340188
1 0.585257027293193 0.4612968691242726 0.04704412799792799 0.08925084239534584
6 0.3278040922231704 0.3915441487445867 0.04199275496239876 0.08124734140676253
3 0.3994072644729114 0.40537849707143153 0.0337607239451521 0.05517958992388774
0 0.5732064834556647 0.3867279506452034 0.034961504962398846 0.08096083992388783
8 0.6976799445805353 0.39725822684265755 0.04159249462331651 0.07265359140676253
3 0.7609248072769823 0.3990554901885303 0.038448223945152196 0.055370590912470964
9 0.695513822992748 0.3340088103407547 0.03219822394515202 0.055115922927693364
0 0.7577398411897132 0.31393107368662754 0.05069566687305756 0.0839412598858317
3 0.3897132791552198 0.24747049657714 0.030145572373575468 0.06127042243340188
7 0.5048459735308674 0.22486993779362213 0.0441032185684687 0.12655984140676252
10 0.5645848465663966 0.23510178364900897 0.04699062406898662 0.10484400889724857
2 0.6234333076912671 0.24295804600629864 0.04159249462331651 0.07265359140676253
9 0.6883327156729845 0.2635371428502687 0.030072797766469605 0.05970792243340188
3 0.748979117244561 0.25977015570184997 0.037958072373575645 0.06158875741437377
9 0.5010274607105858 0.1763687707974277 0.029473484284234176 0.0635823389353047
6 0.5627997146395272 0.16329045064520337 0.03405397642635144 0.09495967292769344
4 0.681113066996892 0.15875414235597712 0.05709337014004525 0.12085101087441492