9 0.3327249638154945 0.7688244441870354 0.04065597749876275 0.04664931070710594
3 0.4616721573930594 0.774107199629331 0.033501896766068205 0.04406002404661713
0 0.5959243266603649 0.7764559280297847 0.03872166327441171 0.054379965153609613
9 0.6643501000661132 0.7577902627835078 0.037694751809022264 0.049665183302444404
10 0.7446108101520214 0.7715105116023814 0.07325711555840364 0.07352183475372306
2 0.3226329115769309 0.6655357530800429 0.04644895409301446 0.0679067518140986
3 0.5285929845077094 0.6820858799365505 0.032348832541716985 0.05181796034428636
9 0.5974281936891066 0.6712327146902736 0.031939396766068204 0.04400546034428636
1 0.6538043464480685 0.6607242898253498 0.04743159995457145 0.0866567518140986
5 0.7932762822237173 0.6733929593327959 0.05150826831736559 0.06028522477225664
9 0.32783166666531355 0.586175635294028 0.03987472749876275 0.04662202885594056
9 0.4584232473980082 0.5930754544386545 0.032348832541716985 0.05181796034428636
3 0.7154987630018403 0.5880159653232457 0.037817582541716986 0.0520089333024444
5 0.31909075248639085 0.5086681941870355 0.0455858169378847 0.06631696996293304
11 0.39553042175369624 0.5089980656012474 0.040898316937884704 0.06615327885594055
0 0.4499313167107421 0.5054390451828275 0.03501680913596861 0.07296627404661712
3 0.6353365502023987 0.5017758757601992 0.030127913274411534 0.054079864790789856
9 0.7064712437799636 0.5050397742162531 0.0387626068519765 0.05516121515360979
7 0.3235525231786057 0.4152455764010206 0.06630110866099877 0.10447173439090332
9 0.3856397653766896 0.4244320926430894 0.0340751068519765 0.05499752404661713
8 0.504720636023476 0.42001246587139984 0.03888211555840364 0.07232143330244423
3 0.7541474259375678 0.41780515824433684 0.038227018317365594 0.05982143330244423
11 0.37800764981828594 0.3532019333872623 0.041225865558403726 0.07240327885594056
6 0.45070816542211817 0.3417039273968125 0.03571284995457145 0.08624752404661713
4 0.6882524310259504 0.335962392002268 0.05630863297125828 0.1072420703257528
9 0.7457750039567289 0.34732896713734424 0.037940413274411534 0.05435268330244423
3 0.38744020352718755 0.28022822485707455 0.03275826831736568 0.059630460344286186
3 0.6714876549066686 0.2839088186812903 0.030496405472495526 0.06111111479079003
8 0.3201022173219975 0.21549111306150945 0.04595430913596861 0.07334821996293313
2 0.3765602572360892 0.20654518819658568 0.03982713986866324 0.0754737151536097
3 0.489428749434173 0.2175050247644073 0.028152655472495524 0.0610292692372937
6 0.7299751843053107 0.20952886677452454 0.04508784995457145 0.08657490626060227