6 0.2986505859591325 0.6854052605500115 0.05223595364722229 0.06338639001588611
3 0.43938468873267417 0.6925473790555421 0.030814895326597203 0.0489556972400564
5 0.5725420276385075 0.6761292666357962 0.03417628466927099 0.059166494317957154
0 0.6301363220914242 0.6677633875769587 0.038863784669270984 0.0592483149348082
9 0.7022477114340978 0.6791742203686744 0.03399444671336802 0.051353994317957154
6 0.37475718464861163 0.6000501874975285 0.03973595364722229 0.06316820170428343
5 0.43407763326184073 0.5987428319776414 0.034267203647222286 0.06307274431795715
9 0.4941793318750699 0.5974491132272295 0.028580248100139018 0.05360228693163087
3 0.5707963832618408 0.6011292666357961 0.028580248100139018 0.05360228693163087
0 0.6227946411456255 0.5871991801906326 0.037483122625173594 0.0670335413958579
9 0.6899094059632643 0.5852469423654971 0.03243194671336802 0.051326720779006865
2 0.4951950115865976 0.5068786603051303 0.03655640226045147 0.060769904626382674
9 0.6162342101998268 0.5066486095737815 0.03243194671336802 0.051326720779006865
9 0.31011019034819476 0.4396115194784652 0.03412173328249999 0.056822744317957155
3 0.37433634450850733 0.44776098457542923 0.03255923328249999 0.05679547077900686
3 0.5615999551658337 0.4408775592494701 0.027817181895729348 0.054369900162155815
8 0.6121811834143406 0.433170199265356 0.037483122625173594 0.0670335413958579
1 0.4295485617390975 0.33705135551659177 0.047894598973819494 0.11172843262955982
9 0.48561737699357665 0.36380081614932885 0.027871733282499988 0.056713650162155814
3 0.6133787010817711 0.35041224634325674 0.028707534669270986 0.05907103693163087
4 0.6653587751699656 0.33570090989809315 0.0540173124046877 0.10636877678536116
11 0.72502471589941 0.34923730437820605 0.04229790919430556 0.07258411201270878
2 0.3737700340036808 0.2892217816533299 0.03915472539871532 0.0717483149348082
11 0.4900853650257294 0.2873474103051302 0.031360409194305564 0.0723931972400564
3 0.37703919794763907 0.22836610227018092 0.028707534669270895 0.05907103693163096
3 0.4794011317432293 0.2309337690714282 0.026400152260451292 0.060592626623205435
3 0.6462431396270141 0.21900828773911454 0.02874390226045147 0.06063353693163096
9 0.3177901780960071 0.16563823132901834 0.03265015226045147 0.060701720779006776
9 0.4801447077312848 0.1622246793798537 0.02645470364722229 0.06293637662320543
10 0.5404275910900348 0.13516334739891694 0.0434434883164931 0.12180286201270882
8 0.5859764804327086 0.1461105300284768 0.03310474715020852 0.08023297077900678
7 0.7045082748856251 0.13880831898870266 0.05441735590767358 0.12355627678536125