8 0.2761950109210075 0.733224971368269 0.04983765226045147 0.06212992688202608
2 0.4237785257386465 0.7361165025086389 0.036520034669270986 0.06002625741437377
9 0.48860409194305615 0.7379774328507063 0.03081489532659738 0.04964717292769336
2 0.27886410961048663 0.6466972223568522 0.05296265226045147 0.06225726087441501
0 0.3389658082237158 0.6468046517103362 0.04436890226045147 0.06190709239534584
3 0.4084061392457644 0.6457315830409867 0.033939895326597205 0.0497745069200823
3 0.48162543369868105 0.6393489318621232 0.030814895326597203 0.04964717292769336
3 0.5465419188810422 0.6451161122041903 0.03086944671336802 0.05199092292769336
9 0.6098049850854519 0.6469133755500632 0.03225010875746541 0.044242089923887916
9 0.7428356906325353 0.6617000702265864 0.03928135875746523 0.04452859140676253
11 0.2852030689572921 0.5501723908359213 0.046676284669270894 0.06044009288963732
6 0.4203229513661116 0.5541170860067363 0.03900925503399311 0.06637175790866542
5 0.480442833774931 0.5550057653602203 0.034267203647222286 0.06383700692008212
4 0.5451774810013893 0.5529604457022874 0.042752504084062434 0.09306159190105419
3 0.28162216764677117 0.4633899738397269 0.03875468189572917 0.05543425790866543
11 0.34510343939826427 0.47456223718559976 0.03982687262517368 0.06796609140676253
9 0.4807318148732295 0.4668200158545119 0.028598431895729172 0.0550204224334017
3 0.5432136310776393 0.46858544570228755 0.028580248100139018 0.054239172433401706
9 0.5989005866247226 0.4802206240671884 0.02865298328249999 0.05736417243340188
1 0.28565374458475723 0.3683321418245045 0.0581054003605904 0.11554142836490086
9 0.5385793760436461 0.40361436170989873 0.027798998100139017 0.054207338935304605
8 0.6664498029053822 0.3978975553978388 0.04391496058107638 0.07593775889724856
9 0.2925025034184725 0.32724422680547643 0.03730128466927081 0.06005809091247096
3 0.4674661358272919 0.33281243037924824 0.02796265226045147 0.06123858893530461
10 0.7174836664125003 0.31021848326844814 0.06351959897381967 0.11342051285158128
3 0.352493792837396 0.2555403231551549 0.03108765226045147 0.06136592292769345
6 0.4105965803564585 0.2368340855124446 0.034903636492882126 0.0911807569200822
7 0.5933545289696877 0.2419393740671884 0.04963893692972228 0.1206600098858317
9 0.70521874933441 0.25274156429508743 0.036520034669270986 0.06002625741437377
5 0.34822256050482653 0.1726323226608633 0.03693826196784729 0.07799500741437382
3 0.5766566850298613 0.19520895410524447 0.026400152260451292 0.06117492193911027
0 0.6439890021842014 0.17063471843970052 0.03337750408406244 0.09267958992388783