8 0.6325784147523962 0.7366410985837311 0.03998615399835046 0.05903919267186346
9 0.4888822390464334 0.7133046906031393 0.030937762932123646 0.04331419533736351
8 0.4176748287798766 0.710225691279457 0.043937868104973174 0.06064714600572696
2 0.2829588479802065 0.7000705359643653 0.053312868104973175 0.06075623400699968
6 0.6292595349689405 0.6225785985837311 0.04009981426490725 0.06294544267186346
3 0.4951573196086766 0.6335171932686393 0.028753137305303156 0.04875567333704538
9 0.42872833755536527 0.6335086499443208 0.03272758346523723 0.051144876670908876
10 0.28987878622258173 0.6155864479630926 0.06934704506457737 0.07500054734245402
0 0.7555659707040332 0.5585877292330046 0.05259981426490725 0.06309089334022708
6 0.4253101693712498 0.5428927406110935 0.034744724531464044 0.06678805800445424
0 0.3532987770513817 0.539041581954184 0.04400606426490725 0.06299089600572713
3 0.2947504911580044 0.541285881962138 0.03975883346523714 0.05122669267186346
5 0.6868948755603136 0.4546638452419133 0.040168010424841326 0.06528919267186346
1 0.6266704294003796 0.4530200765834129 0.05585284639736088 0.09436816534054504
3 0.5478096435070022 0.4555007339274578 0.028889529625171127 0.05344317333704538
7 0.48211644734706827 0.4539205999363666 0.04576479255729495 0.09659373667249974
3 0.3554857511871342 0.4530495379535475 0.03438101167848249 0.05428805800445424
9 0.684272329242095 0.391391685908686 0.03670202962517113 0.053534080004772555
5 0.4350846714828208 0.3685012679424117 0.03325042069139794 0.06911362667090888
3 0.614743427751027 0.3117047332511401 0.031324207838416565 0.05659544533736342
9 0.4958570354311589 0.308399014600594 0.028312868104973177 0.06046533267027261
3 0.43460128668480014 0.2981705866088663 0.02904865399835046 0.05891192333704529
11 0.6685838301000249 0.22823770524350412 0.03972774122451135 0.07699885200509068
4 0.6171660826073073 0.2069535985837311 0.05166545157021041 0.11150112133990878
9 0.5488934557268454 0.22415982725973066 0.028381064264907253 0.06280908267027252
9 0.3779133659934022 0.23005693328295687 0.029094118104973178 0.060474423337045294
2 0.31495872492717536 0.21515918662477468 0.04740384890464337 0.07240225867281787
9 0.7299328555685609 0.16109511123491363 0.03782426042484133 0.06526192067154524
9 0.6572084094086269 0.1595967932447768 0.028449260424841326 0.06515283267027257
11 0.4880946965556454 0.14906037726768484 0.02966241943775678 0.0800056733370453
3 0.3696402132486929 0.16059840861713864 0.03143786810497318 0.06050169533736342
3 0.31300376834240007 0.14797168662477467 0.03463106426490725 0.06288180800445434