8 0.7678762263138307 0.7143518628300783 0.05765938730530316 0.04941934740221221
3 0.5520239057807173 0.7259281112052252 0.032500262932123644 0.043514220779006865
11 0.3469954249810471 0.7412196948077197 0.04203438730530316 0.04914661201270896
11 0.2862397814075378 0.736033362826783 0.044446333465237055 0.0515312723211343
3 0.6868284662847007 0.6283109971639215 0.03725595909205772 0.04593979139585791
1 0.5612290727111915 0.6242565170494239 0.050369724531464044 0.06725172970746059
2 0.42570910985821 0.6391156781686282 0.039827029625171304 0.053793201704283436
8 0.29459550217807806 0.6367191554404569 0.04869356426490725 0.06331820616851011
5 0.749022240895307 0.5303996026838085 0.04857990399835046 0.05941195616851012
9 0.4845278318823915 0.5498525807664161 0.028821333465237232 0.05125853693163087
3 0.42915001009563686 0.5476957913991531 0.028753137305303156 0.04891478693163087
9 0.3622663869760987 0.5652611668045425 0.032500262932123734 0.043514220779006865
4 0.355065303906573 0.4638759448077197 0.05429034639736088 0.09465002678536116
7 0.2973664641731297 0.4609788157488824 0.058128400237426804 0.09237446063273716
3 0.7350687041439998 0.3658831351512127 0.03757420783841638 0.05687729139585782
6 0.6701340259307544 0.3701399870176517 0.044278848904643196 0.07261138555165916
5 0.613011847717509 0.37426047118933914 0.03715667069139794 0.06936365462638268
6 0.5451340259307544 0.37232187013367896 0.0333413489046432 0.07242047077900686
9 0.49461118870459364 0.39116337338008983 0.028131011678482486 0.054369900162155815
10 0.359682259237707 0.38571003449929425 0.05454039898378564 0.10324377678536116
0 0.2943838681714802 0.40246688636573336 0.04425611685133202 0.07183013555165925
0 0.6591941774218226 0.2899030620987296 0.04059991943775678 0.08035570170428334
3 0.6061911978757937 0.313472975653566 0.028980457838416386 0.05672728693163096
9 0.4293559132360576 0.32592988555495445 0.028199207838416562 0.056713650162155814
3 0.37324230555592564 0.3222242329571667 0.028980457838416563 0.05672728693163096
9 0.7248024570469938 0.23565984700176573 0.03295490399835046 0.059139220779006775
9 0.5965865288337483 0.2410212771956936 0.029094118104973178 0.06063353693163087
9 0.48709786856719167 0.24683667492221742 0.02670490399835046 0.059030126623205434
2 0.36388768910030506 0.24117878449929425 0.03816524122451135 0.07718979139585783
3 0.6604420918450143 0.16650647240715516 0.03150606426490725 0.06301819724005649
3 0.43590509309865555 0.18135772524652896 0.028312868104973177 0.060619900162155814
9 0.3220017174718349 0.17787994358990375 0.02904865399835046 0.05907103693163096