8 0.16852904806091834 0.728125 0.05907116311182729 0.0484375
3 0.38369902175255904 0.7359375 0.03375264469597585 0.04296875
11 0.5877039822900202 0.74765625 0.04344616311182729 0.0484375
11 0.6490055033367076 0.74140625 0.04592642100433508 0.05078125
3 0.2572190927145419 0.640625 0.03857665258848364 0.0453125
1 0.3833643637612293 0.634375 0.05230522362105354 0.06640625
2 0.5177925716678545 0.646875 0.04137542889684287 0.053125
8 0.64931558745287 0.6421875 0.050515210466873836 0.0625
5 0.2034864189381965 0.54375 0.050287697312694314 0.05859375
9 0.4666843689523139 0.55859375 0.030301421004335083 0.05078125
3 0.5223351294756576 0.55546875 0.030164913111827295 0.0484375
9 0.5877858242281032 0.571875 0.03375264469597585 0.04296875
4 0.6038574162367734 0.4703125 0.05702281570031094 0.09375
7 0.6618974293909531 0.46640625 0.06079255780780315 0.09140625
3 0.23183747404457664 0.37890625 0.03921368942018653 0.05625
6 0.2964992135212329 0.38203125 0.04637374203690507 0.071875
5 0.35334845299788925 0.38515625 0.03916048151356133 0.06875
6 0.4214992135212329 0.38203125 0.035436242036904986 0.071875
9 0.47045265301200667 0.4 0.02970218152767874 0.05390625
10 0.6060639293203659 0.3921875 0.057523344639506035 0.10234375
0 0.6699976267036474 0.4078125 0.046328239406069116 0.07109375
0 0.3144672344973331 0.3015625 0.0429225183452643 0.0796875
3 0.36549140820309134 0.32421875 0.030619939420186527 0.05625
9 0.5415078766330602 0.33359375 0.029838689420186526 0.05625
3 0.5980308924180757 0.32890625 0.030619939420186527 0.05625
9 0.253498913394176 0.2484375 0.034662697312694314 0.05859375
9 0.3814419028708323 0.2515625 0.03084745257436623 0.06015625
9 0.49058938971665267 0.25546875 0.028412697312694312 0.05859375
2 0.6144819160250119 0.24765625 0.04039675782192056 0.0765625
3 0.3240004001694092 0.178125 0.033327710466874015 0.0625
3 0.5475821133377062 0.1890625 0.03006620257436623 0.06015625
9 0.6619631317535577 0.18359375 0.030756447312694314 0.05859375