9 0.7547261165744565 0.7710839256675319 0.03753097749876275 0.0465401833024444
9 0.5603243413596859 0.7370015584296713 0.033788501809022264 0.04952877404661713
1 0.4917823812737776 0.723690537378279 0.04217088986866315 0.07555556070710594
3 0.42841592209238044 0.734734675582714 0.033788501809022264 0.04952877404661713
5 0.6836146771807632 0.664104750169636 0.04513543758467105 0.05772321996293321
2 0.6199649349826792 0.6548636702252363 0.04122918758467105 0.05758681070710594
3 0.43283674920703047 0.6405308077966991 0.033911332541716986 0.05187252404661713
9 0.36412437075832804 0.653727723042976 0.03818939676606821 0.04422371515360979
3 0.29003177351729 0.6386632290334258 0.04081975180902227 0.04977431070710594
3 0.4861830772261916 0.5722098829317753 0.030005082541716986 0.05173611479078986
8 0.4207661171402834 0.5590079892850448 0.04513543758467105 0.05772321996293304
0 0.35526394787297805 0.5590600637871489 0.04176145409301446 0.06774306070710594
5 0.7346371873575285 0.5068031708582085 0.046367066937884616 0.0663442518140986
3 0.6720553002023987 0.5030581227649742 0.035596663274411536 0.0542708377489479
11 0.5461135979184066 0.4807242765785059 0.03621081693788462 0.06598958774894789
9 0.49183553369405536 0.4866270469969258 0.02922383254171699 0.05170883293962447
0 0.42255326718571184 0.47406999409436823 0.039045889868663156 0.07544643330244423
4 0.29418592774659 0.4500918023544035 0.0637116971956095 0.09970238883740698
9 0.7269641282215599 0.4347917616023814 0.03888543758467104 0.05750496515360979
11 0.3726108208946136 0.399022864875608 0.03966336555840373 0.0723487151536096
10 0.7220508989137748 0.3410417616023814 0.060709527928304044 0.10193701143274536
6 0.662921560379164 0.34365584091380885 0.03957815637700666 0.08560268330244422
3 0.5975012782669884 0.3452704154159129 0.02963326831736559 0.05952133293962456
2 0.5512437539567289 0.3405357861971527 0.03657930913596861 0.07302083774894799
9 0.42636990671569086 0.3236979718618497 0.029510437584671045 0.05717758293962456
7 0.35548419662978264 0.31030510525696114 0.061282738014212336 0.11287451143274545
8 0.4310330732694627 0.24899807222466935 0.03670213986866315 0.07536458774894798
3 0.7061249265033946 0.21571437938839627 0.034402655472495526 0.06124752404661713
6 0.5443685549520971 0.19446931804831813 0.03447789857509065 0.09244296034428627
9 0.4847445714604405 0.20252486550858015 0.028152655472495524 0.0610292692372937
9 0.4270582242194025 0.18803329037350394 0.02827548620519007 0.0633730192372937
3 0.37824890999505123 0.19412703375008197 0.030496405472495436 0.06111111479078999