5 0.30285877518245546 0.7332783259829962 0.04717043667008758 0.053237864653892686
9 0.36218377820751757 0.7449837878779269 0.03618748487468952 0.04485215456798421
3 0.5637280974893584 0.7586722308896648 0.029919304156530303 0.04139960594746519
3 0.6261962812325796 0.7674164670948549 0.035392599336070064 0.042467460990419426
3 0.23538544975229464 0.644559984734852 0.040874984874689525 0.045097816033373664
1 0.28940987442032967 0.6270725915868285 0.06689712939029935 0.08785520409301455
2 0.37278545580241884 0.6689535543862701 0.04559430113146812 0.050812227498762755
6 0.24923030201523094 0.5483810255534549 0.04882384026088378 0.06894475180902226
11 0.31558200986075324 0.5612362296464694 0.040974978824565245 0.062285316033373485
3 0.4374570098607533 0.56762342774659 0.029982936670087668 0.05233710594746519
3 0.5030183773471959 0.5820001882620396 0.02762555113146803 0.049870525214770645
7 0.5687024646812133 0.5752831987774891 0.04896928600615773 0.09394475180902226
11 0.6311570128858154 0.5863711849826793 0.03786361436318479 0.06446529172311415
9 0.25505812119887583 0.48694888059640906 0.03546532220870704 0.05496746099041942
3 0.32147800673749527 0.48808533468942344 0.03312157220870695 0.0548446302577247
3 0.37379448566025636 0.49551605438627017 0.03155907220870695 0.05476274310259512
4 0.623899024789672 0.49064924920703046 0.05210792154477702 0.09645227611928178
9 0.26412456987101596 0.4061492599496227 0.037813617388246804 0.05587154172311397
9 0.32350866023009556 0.40769847184455327 0.03154543667008758 0.052418993102594943
9 0.4969461602300956 0.4167879460639557 0.02763918667008749 0.05221427521477064
8 0.6266654764868742 0.4181158299397252 0.04102497579950324 0.07087906603337366
2 0.26232624141579297 0.3122764292169281 0.04729315651766246 0.07433161465389251
10 0.4474552203385541 0.32666755709980366 0.04356416851971492 0.10459564676606821
6 0.6169182926454571 0.34727106343138175 0.0356016775949012 0.07840496099041942
9 0.32754269613805737 0.2516122461548128 0.027693728824565333 0.061589275214770645
9 0.5095330395221991 0.26818334972742885 0.026912478824565156 0.061548331637205765
8 0.5727824732654204 0.2769685295101838 0.03322611133812252 0.0728133802577248
3 0.6204750847017388 0.27321608774164124 0.027684638465485634 0.06002677521477064
0 0.6861182654198981 0.2735303482570908 0.038776674569839284 0.08716248530067894
9 0.39112847316722454 0.20258492593756774 0.025327252926866172 0.05756019448207601
5 0.4552727863989411 0.19187979929788757 0.027789177594901203 0.07799552521477064
0 0.6200892653217023 0.20520639416407635 0.035678945647078034 0.09168621099041943