5 0.30703125 0.7171875 0.046875 0.05078125
9 0.36640625 0.72578125 0.0359375 0.04296875
3 0.56796875 0.72890625 0.0296875 0.03984375
3 0.63046875 0.734375 0.03515625 0.040625
3 0.2390625 0.63203125 0.040625 0.04296875
1 0.29296875 0.61171875 0.06640625 0.084375
2 0.3765625 0.64921875 0.0453125 0.0484375
6 0.25234375 0.53515625 0.0484375 0.06640625
11 0.31875 0.54453125 0.040625 0.06015625
3 0.440625 0.54453125 0.0296875 0.05078125
3 0.50625 0.55546875 0.02734375 0.0484375
7 0.571875 0.5453125 0.0484375 0.09140625
11 0.634375 0.553125 0.0375 0.0625
9 0.2578125 0.4734375 0.03515625 0.053125
3 0.32421875 0.47109375 0.0328125 0.053125
3 0.3765625 0.47578125 0.03125 0.053125
4 0.6265625 0.4578125 0.0515625 0.09375
9 0.26640625 0.3921875 0.0375 0.05390625
9 0.32578125 0.390625 0.03125 0.05078125
9 0.49921875 0.390625 0.02734375 0.05078125
8 0.62890625 0.38515625 0.040625 0.06875
2 0.2640625 0.2984375 0.046875 0.071875
10 0.44921875 0.303125 0.04296875 0.10234375
6 0.61875 0.31484375 0.03515625 0.0765625
9 0.32890625 0.234375 0.02734375 0.06015625
9 0.5109375 0.24140625 0.0265625 0.06015625
8 0.57421875 0.246875 0.0328125 0.07109375
3 0.621875 0.240625 0.02734375 0.05859375
0 0.6875 0.2375 0.03828125 0.08515625
9 0.3921875 0.18203125 0.025 0.05625
5 0.45625 0.16796875 0.02734375 0.0765625
0 0.62109375 0.17265625 0.03515625 0.08984375