8 0.75625 0.7384872654359953 0.05546875 0.06080168734086335
3 0.60625 0.7328356074156325 0.0328125 0.04881930800445424
9 0.4046875 0.7140839653882702 0.0328125 0.04881930800445424
11 0.33984375 0.7062981900461343 0.0421875 0.05908464600572696
9 0.2671875 0.7195152580362711 0.0421875 0.04345964600572714
0 0.74140625 0.6515957927673135 0.05078125 0.060747143340227086
3 0.67421875 0.6367514954248594 0.0359375 0.05119942067154533
6 0.4765625 0.6227328067313607 0.0328125 0.06678805800445424
0 0.33984375 0.6148919400461342 0.040625 0.0629727146721816
9 0.27890625 0.6259016180378619 0.03828125 0.04341419267186346
2 0.67265625 0.5531395640913139 0.03515625 0.06681533000477238
6 0.60703125 0.5476884480824052 0.0359375 0.06682442067154533
3 0.47890625 0.5485413287316788 0.02734375 0.05344317333704538
1 0.4125 0.5352686220559975 0.040625 0.0903164646721816
5 0.3484375 0.5392106873806342 0.03828125 0.06685169267186346
9 0.2828125 0.5423533213717254 0.0359375 0.054324420671545325
4 0.7328125 0.47102704543281354 0.0640625 0.0984016846753633
9 0.6125 0.4774395827498143 0.0296875 0.05112669533736351
9 0.41640625 0.45172032538986107 0.02734375 0.05656817333704538
8 0.73203125 0.4022679547660409 0.0453125 0.07162100867281787
9 0.41875 0.38690384739017925 0.02734375 0.0534431733370452
10 0.35703125 0.3596231847151341 0.05546875 0.10611418734086327
3 0.66015625 0.3240878634229504 0.03125 0.05661362667090888
11 0.61171875 0.3172742420830416 0.0359375 0.07229317067154524
2 0.54765625 0.3188725574076784 0.03515625 0.07228408000477256
3 0.43359375 0.3120765700588609 0.0265625 0.05655908267027261
3 0.37578125 0.3153101107176795 0.02734375 0.0589119233370452
3 0.30390625 0.30275501937458904 0.03125 0.06051987667090888
5 0.725 0.25452988876508637 0.040625 0.0746914646721816
9 0.48984375 0.24007484806649693 0.025 0.06044715133672707
3 0.43359375 0.2370765700588609 0.0265625 0.06046533267027261
7 0.3703125 0.2238402260502704 0.04296875 0.12159373667249973