9 0.22616309656498662 0.7317347897710047 0.04376984736759484 0.046048885551659244
3 0.2957489102673175 0.731385962254295 0.03762897477225655 0.04906479139585791
9 0.42778016026731747 0.7336905762955986 0.032750501814098595 0.043514220779006865
0 0.6378644883976186 0.7170327305149442 0.044288202539737934 0.060892635551659066
8 0.23210805091882308 0.6286507000794301 0.04919395734906136 0.06722445616851011
3 0.3080976320443491 0.6463933534879969 0.03771082032575279 0.05140854139585791
9 0.3803545779606651 0.6367104362797125 0.031378974772256554 0.0489556972400564
7 0.43194435981183055 0.6368292130650738 0.04984872177703163 0.08597445616851011
3 0.5027925731513416 0.6451014090873143 0.03146082032575279 0.051299447240056396
9 0.24432036344002758 0.5475643413131323 0.037901793283910835 0.05687729139585791
9 0.31791163086322277 0.5668285844132734 0.03771082032575279 0.05140854139585791
3 0.3810391134400276 0.5499507759712869 0.03154266587924912 0.053643197240056395
1 0.5056670912075091 0.540400272317839 0.04616072658635506 0.09215627232113448
3 0.2543699752355927 0.483638209007884 0.03938244773041451 0.0545608149348082
3 0.3115376344914198 0.48072744317957133 0.03321429328391083 0.05679547077900686
9 0.38215023485423955 0.4733610024323367 0.02919891587924912 0.05360228693163087
4 0.5779538081752172 0.46270769480112917 0.051847731395678484 0.09850172970746059
5 0.38250738811961693 0.3959763421239112 0.0353224303072194 0.07244774431795716
9 0.629972665161459 0.40576794804754013 0.034694947730414684 0.05447899431795715
6 0.6982415155242786 0.39836059699187987 0.045751498818873595 0.0804375223211343
3 0.3237251543616857 0.33319392410484794 0.03329613883740708 0.059139220779006865
11 0.4469816050873251 0.31814739691244964 0.033759930307219396 0.07242047077900678
10 0.504848668789656 0.3175940178536122 0.04419892250267097 0.10305286201270877
9 0.6257514458314979 0.32517646712226356 0.029444452539738108 0.06063353693163096
2 0.27073905281773963 0.2611319634721109 0.04779514845605402 0.07188468262955983
5 0.3310589939247322 0.25749449472169894 0.03852927586071573 0.07484604139585782
11 0.3943402439247322 0.2585990730491877 0.03540427586071573 0.07479149431795715
3 0.5086209987340556 0.25434004139256255 0.02718254809323426 0.06293637662320543
8 0.5667335990968754 0.24675541233372514 0.03247024881887377 0.0802056972400564
2 0.626026753543379 0.25013555681383803 0.04087302586071573 0.07488695170428325
6 0.2866939242319516 0.18480128855318873 0.040637412884024206 0.09049831493480816
0 0.6858134705110872 0.17222479098552543 0.04077382213985139 0.09440456493480816