5 0.8734301648677587 0.8172881784392629 0.08152779691210768 0.14530718281352506
1 0.6837848223094873 0.7705538053978388 0.08772572241000383 0.2110913503040111
4 0.6044271274894797 0.3522866250557716 0.07723216651222131 0.17867809832684484
3 0.6854563834799295 0.28225530935217147 0.054464299907332855 0.10753792737631773
3 0.6416989821134687 0.570683797983465 0.0616865228654909 0.11329317885919252
3 0.5250124460011341 0.3568521082498576 0.054600709163159775 0.11144417737631773
7 0.364995094457188 0.4213244906456409 0.08349209019601869 0.20155718281352525
11 0.18378475607526776 0.25869320357377185 0.07068950063297219 0.1253620973382616
9 0.27183284918169337 0.09923197334543535 0.0599057680561673 0.1069795118629981
9 0.3618254213215447 0.19651549163422408 0.056944459163159954 0.1115396778706093
9 0.44233635525696113 0.35738400745155485 0.05688989546082901 0.1099771778706093
9 0.277368642002268 0.6822208868815887 0.06443950063297219 0.12510742935348418