9 0.34127704419758115 0.64921875 0.03155907220870695 0.053125
9 0.5272963574292977 0.66328125 0.02762555113146803 0.0484375
6 0.6710963544042355 0.671875 0.04100224990180408 0.06484375
3 0.2860986648072818 0.56484375 0.03624657220870704 0.053125
4 0.3407088967551051 0.5515625 0.05601417154477702 0.09375
5 0.46432365875715753 0.58203125 0.033176114363184794 0.0625
11 0.6580782039366975 0.5828125 0.04100224990180408 0.06484375
6 0.34504187275099996 0.490625 0.04104315651766246 0.071875
3 0.40991743900777866 0.49609375 0.030001117388246713 0.05390625
2 0.477877098648699 0.49453125 0.031663611338122524 0.07109375
9 0.6536810745463981 0.4984375 0.02765736738824671 0.05390625
3 0.7256106167008758 0.5078125 0.03781361738824671 0.05390625
0 0.30077826746300157 0.40234375 0.038744858313060515 0.0796875
3 0.41497257766965595 0.425 0.02688975292686635 0.05625
11 0.6610526921310367 0.42265625 0.03869486133812252 0.07109375
9 0.7150089391059744 0.43125 0.03545168667008767 0.05078125
9 0.417647604895215 0.34765625 0.02767100292686635 0.05625
0 0.47387487899751585 0.34375 0.030164743851679887 0.08203125
7 0.5425476109453392 0.33046875 0.04281473477649378 0.1078125
3 0.7145362404338343 0.35 0.035483502926866174 0.05625
3 0.30550615319801266 0.275 0.031590888465485634 0.05859375
5 0.4804743369412341 0.26953125 0.030105656517662283 0.071875
8 0.5922203580184728 0.27421875 0.033257927594901204 0.0765625
10 0.6624464996072165 0.259375 0.04361416549465282 0.1109375
2 0.3143948189872532 0.19140625 0.03561985831306043 0.0796875
9 0.4894539063212706 0.2015625 0.025363614363184794 0.0625
3 0.5332266322189698 0.20546875 0.025349978824565154 0.06015625
9 0.6012726502711464 0.21875 0.026926114363184796 0.0625
9 0.7122556020665446 0.2265625 0.033153388465485635 0.05859375
3 0.37267949677854617 0.13828125 0.027693728824565333 0.06015625
1 0.4233607528286704 0.12109375 0.042928364264988875 0.12734375
8 0.5984471112399268 0.1359375 0.0317136083130606 0.0796875