8 0.2875 0.69453125 0.0453125 0.0625
2 0.35078125 0.690625 0.04296875 0.05390625
3 0.428125 0.7125 0.0296875 0.05078125
6 0.68359375 0.7 0.040625 0.05859375
9 0.7640625 0.7046875 0.03828125 0.04296875
7 0.28125 0.60546875 0.0671875 0.08984375
5 0.3671875 0.6140625 0.0375 0.06015625
9 0.5609375 0.625 0.03125 0.0484375
9 0.61484375 0.625 0.0328125 0.053125
4 0.69296875 0.60859375 0.05859375 0.0875
9 0.68125 0.54140625 0.0359375 0.05390625
9 0.75234375 0.5453125 0.03828125 0.0484375
6 0.43125 0.4515625 0.03515625 0.071875
3 0.49375 0.459375 0.0265625 0.05390625
3 0.61640625 0.4625 0.03125 0.05390625
3 0.30859375 0.38125 0.03515625 0.05625
9 0.37890625 0.37578125 0.0265625 0.05859375
0 0.44296875 0.375 0.0296875 0.08203125
9 0.50390625 0.384375 0.0265625 0.053125
3 0.61953125 0.37578125 0.02734375 0.05859375
5 0.7421875 0.3703125 0.0421875 0.071875
8 0.31484375 0.290625 0.03828125 0.0765625
3 0.5609375 0.309375 0.0265625 0.05625
3 0.60546875 0.31328125 0.02734375 0.05859375
2 0.678125 0.3078125 0.03828125 0.071875
3 0.325 0.2296875 0.0296875 0.06015625
11 0.446875 0.23203125 0.02734375 0.07421875
1 0.55234375 0.2046875 0.0375 0.12109375
11 0.3859375 0.16796875 0.03125 0.0765625
0 0.503125 0.1578125 0.0296875 0.08984375
9 0.55859375 0.178125 0.025 0.05859375
10 0.6109375 0.15546875 0.03828125 0.11875