3 0.27265625 0.740625 0.040625 0.0484375
8 0.4671875 0.734375 0.0359375 0.06484375
0 0.62265625 0.7296875 0.03828125 0.06015625
9 0.75703125 0.7296875 0.04296875 0.05078125
10 0.2765625 0.6359375 0.0625 0.09375
9 0.47421875 0.6421875 0.0296875 0.0484375
3 0.54296875 0.63671875 0.02734375 0.053125
1 0.3453125 0.55078125 0.05625 0.0875
3 0.409375 0.56640625 0.0296875 0.05625
9 0.471875 0.55625 0.0296875 0.05078125
9 0.5375 0.5609375 0.02734375 0.05390625
2 0.61015625 0.56171875 0.0375 0.06640625
3 0.35703125 0.48046875 0.03125 0.05625
8 0.40390625 0.48046875 0.03828125 0.07109375
6 0.61015625 0.46875 0.0375 0.0765625
2 0.66328125 0.4640625 0.03828125 0.071875
5 0.28125 0.4078125 0.04296875 0.07109375
3 0.34765625 0.40078125 0.03125 0.05625
7 0.4703125 0.384375 0.040625 0.1109375
3 0.53046875 0.39609375 0.02734375 0.05625
11 0.7234375 0.39609375 0.04296875 0.07109375
3 0.296875 0.328125 0.03125 0.06015625
6 0.4140625 0.3109375 0.0296875 0.0875
4 0.47265625 0.3109375 0.040625 0.1078125
0 0.66015625 0.309375 0.0375 0.08515625
9 0.359375 0.2578125 0.03125 0.05859375
9 0.5953125 0.24765625 0.0265625 0.0625
5 0.65 0.24296875 0.03515625 0.0765625
3 0.703125 0.2515625 0.03125 0.06015625
9 0.30859375 0.196875 0.03125 0.0625
9 0.359375 0.19921875 0.0265625 0.0625
11 0.471875 0.19453125 0.0296875 0.0765625