9 0.7078780732888615 0.622856650838398 0.038576686670087665 0.052787485300678935
3 0.6516008022116226 0.6304920884230691 0.03545168667008767 0.052623710990419424
9 0.5109485311343838 0.6425494323847467 0.02763918667008767 0.05221427521477064
8 0.3804706907753042 0.6509495098380811 0.043282367388246715 0.05615814676606821
3 0.3296985311343838 0.6520483423797979 0.03545168667008758 0.052623710990419424
2 0.7154047478587007 0.5373319086403141 0.048778388465485635 0.061132251809022264
6 0.5841592930382404 0.5434291796712133 0.0331988402608836 0.0681258802577247
11 0.38956895570422295 0.5637803804848674 0.03630111436318471 0.06438340456798422
3 0.32075532319066563 0.5783209153105765 0.03545168667008758 0.052623710990419424
7 0.7041586965308408 0.4566960623037873 0.05681814744247617 0.10060418758467105
4 0.6440478983262389 0.4520362177762827 0.052121557083396476 0.09879602611928177
9 0.5791041543763631 0.4726220347141674 0.02765736738824671 0.055339275214770646
10 0.5197518802740622 0.47182749660909806 0.04120678298109546 0.10212906603337366
9 0.33451836222188536 0.4948123744919736 0.0331261173882468 0.055625880257724705
6 0.2595865399149825 0.48702420793820167 0.04727497579950324 0.07120661465389251
11 0.6350501482280431 0.38768379070706127 0.03789997579950324 0.07071529172311397
3 0.4506342416121848 0.40437772501237196 0.02687611738824671 0.05529833163720586
9 0.3904779916121847 0.4075303804848674 0.02687157220870695 0.05451708163720585
3 0.2732904916121847 0.41367191711959883 0.0354698673882468 0.05574871099041943
0 0.6362450095661656 0.31654909712949636 0.036401108313060426 0.0815709045679843
9 0.5776012625912278 0.32821361544686206 0.02765736738824671 0.055339275214770646
5 0.5120080788480064 0.3261841259623116 0.030101111338122523 0.07264960594746528
2 0.4002893288480064 0.3320390575540889 0.036323840260883776 0.0682896545679843
9 0.2737268288480064 0.33867191711959876 0.035483502926866174 0.058092460990419426
8 0.57411771428843 0.2557620833346864 0.03166815651766246 0.07351274310259504
3 0.5069211239293503 0.26084573100526576 0.026889752926866173 0.057642081637205855
9 0.45147055464750957 0.26062772501237197 0.02687611738824671 0.055298331637205766
3 0.4006529432111911 0.2695390575540889 0.026889752926866173 0.057642081637205765
5 0.40415973829253504 0.20375028324382938 0.030119292056281922 0.07577460594746528
3 0.6155472110669761 0.11535176730131289 0.026912478824565156 0.061548331637205765
0 0.40148016588743635 0.1273515575540889 0.02786644564707803 0.09127677521477065
1 0.28903016286237426 0.12465368272343103 0.05617325282867043 0.12400074400710621