9 0.71171875 0.697455849161602 0.03828125 0.052787485300678935
3 0.65546875 0.6991954115769309 0.03515625 0.052623710990419424
9 0.51484375 0.6965130676152532 0.02734375 0.05221427521477064
8 0.384375 0.691237990161919 0.04296875 0.05615814676606821
3 0.33359375 0.687014157620202 0.03515625 0.052623710990419424
2 0.71875 0.6126680913596859 0.0484375 0.061132251809022264
6 0.5875 0.6050083203287867 0.0328125 0.0681258802577247
11 0.39296875 0.6049696195151325 0.0359375 0.06438340456798422
3 0.32421875 0.6123040846894235 0.03515625 0.052623710990419424
7 0.70703125 0.5308039376962127 0.05625 0.10060418758467105
4 0.646875 0.5198387822237173 0.0515625 0.09879602611928177
9 0.58203125 0.5336279652858326 0.02734375 0.055339275214770646
10 0.52265625 0.5266100033909019 0.040625 0.10212906603337366
9 0.3375 0.5301876255080264 0.0328125 0.055625880257724705
6 0.2625 0.5145382920617984 0.046875 0.07120661465389251
11 0.6375 0.45450370929293876 0.0375 0.07071529172311415
3 0.453125 0.45187227498762805 0.0265625 0.055298331637205676
9 0.39296875 0.4487196195151325 0.0265625 0.05451708163720568
3 0.27578125 0.4425780828804012 0.03515625 0.05574871099041943
0 0.63828125 0.38345090287050365 0.0359375 0.0815709045679844
9 0.5796875 0.38897388455313797 0.02734375 0.055339275214770646
5 0.5140625 0.3800658740376884 0.0296875 0.0726496059474652
2 0.40234375 0.37421094244591113 0.0359375 0.0682896545679843
9 0.27578125 0.3675780828804012 0.03515625 0.058092460990419426
8 0.57578125 0.31611291666531355 0.03125 0.07351274310259504
3 0.50859375 0.3141542689947342 0.0265625 0.057642081637205855
9 0.453125 0.30812227498762806 0.0265625 0.055298331637205766
3 0.40234375 0.31171094244591113 0.0265625 0.057642081637205765
5 0.40546875 0.24624971675617063 0.0296875 0.07577460594746528
3 0.61640625 0.17996073269868712 0.0265625 0.061548331637205765
0 0.40234375 0.1695234424459111 0.02734375 0.09127677521477065
1 0.28984375 0.15503381727656898 0.05546875 0.12400074400710617