2 0.7726329115769308 0.6167770692011922 0.05504270409301455 0.06910852611928178
9 0.6461489767057933 0.6398571223442671 0.03547383254171699 0.0525008802577247
3 0.5782621138609231 0.6449817135924112 0.03247166327441153 0.05468085594746519
6 0.5095973230423201 0.6352625548405555 0.038554566937884616 0.06668621099041942
7 0.3611188794647553 0.6422605845778818 0.06864818068726608 0.09085737336031982
2 0.30502933174874747 0.6632182157401179 0.05451043758467104 0.05895227611928178
3 0.705380134553138 0.5443122489839471 0.037940413274411534 0.05496746099041942
0 0.5686237630018404 0.5358114314802356 0.03653836555840364 0.0728133802577247
0 0.36652567446722967 0.5511033180695385 0.04200711555840364 0.07309998530067893
5 0.6255487924004826 0.4560553324301752 0.03941770409301455 0.06828965456798422
9 0.5556047845985665 0.46677150441101406 0.030291687584671222 0.057683025214770825
11 0.4925315745126582 0.45910949061620415 0.0364155348257091 0.07046963025772471
9 0.6191106846439951 0.3780531631628699 0.03275826831736559 0.06014960594746528
3 0.30533146766068175 0.4148659249215149 0.03888543758467104 0.058133404567984215
9 0.6127511420163698 0.3164981874731294 0.030291687584671045 0.057683025214770645
8 0.42916071404263717 0.3112352346233104 0.03698874491161739 0.0814071302577248
1 0.3621812539567289 0.30377793871632486 0.061528399479601606 0.11853199400710626
3 0.3061702713695834 0.34118276345612564 0.03822701831736568 0.060436210990419424
9 0.7232515507682257 0.24255167514865753 0.038308905472495526 0.061998710990419426
9 0.6068043571906607 0.24787101820582405 0.02983798620519007 0.06389208163720576
11 0.49126456637205784 0.24060847410786082 0.035139639868663156 0.07585649310259504
3 0.3751006558111797 0.2662812607425922 0.032840155472495434 0.061712105947465366
8 0.7138112737444325 0.16705703019161167 0.04435086555840364 0.07322281603337358
9 0.6537369108995623 0.1717721856641071 0.034648316937884616 0.06648149310259503
10 0.47212174072774593 0.15935515208159345 0.04812431874690688 0.11549220318850333
3 0.4263522173219975 0.182905516735486 0.02827548620519007 0.063810194482076
4 0.3583049021931351 0.17002041440606533 0.05453809305716657 0.11894475180902231
5 0.7047804324962884 0.0993748852345658 0.04167624491161739 0.08165279172311406
6 0.6497653838757694 0.0959909356641071 0.040727898575090474 0.0932896545679843
3 0.529122013228983 0.11093094018666287 0.027371405472495523 0.061425500904511175
9 0.474021755427067 0.12086918419376906 0.027371405472495523 0.061425500904511134
3 0.42369088478028055 0.132124266735486 0.02827548620519007 0.063810194482076