2 0.2769749545002436 0.660037067774182 0.053108122625173684 0.06730627678536116
9 0.40470056420763945 0.6786661111986347 0.03399444671336802 0.051353994317957154
3 0.4727056817988201 0.6814150101429745 0.030923998100139016 0.053643197240056395
6 0.5403653072737853 0.6693201590873142 0.03666550503399311 0.06545740462638268
7 0.688784623478195 0.6711298952875966 0.06609908510611114 0.08861821509696384
2 0.7462341007767714 0.690094129459284 0.052871733282499986 0.057150026785361165
3 0.3384923763279866 0.5853603961016708 0.03639274810013893 0.0537386546263825
0 0.4740662004161811 0.5721081939903503 0.03446722539871523 0.07166649431795698
0 0.6765190531897227 0.5803276172844193 0.039935975398715226 0.07176195170428343
5 0.4113466884483337 0.494482025971287 0.037483122625173594 0.0670335413958579
9 0.4818228426086463 0.5027405852240523 0.02865298328249999 0.05672728693163087
11 0.5440682694703824 0.4928940267820659 0.03441267401194459 0.06932274431795697
9 0.41187205888930584 0.4163979362797125 0.031051284669270984 0.059111947240056396
3 0.7271885875746531 0.44220605437820615 0.037246733282499986 0.05687729139585791
9 0.41356053903767387 0.3547337333576132 0.02865298328249999 0.05672728693163096
8 0.5960275469214587 0.343080987414803 0.034667247150208524 0.08026024431795716
1 0.6621792237831947 0.33330261282019247 0.058159951747361126 0.11659321063273706
3 0.720791810789167 0.368686733761355 0.036520034669270986 0.05920740462638267
9 0.29791604882131967 0.2847740150142384 0.03655640226045147 0.060769904626382674
9 0.4143041150257294 0.2860246436660387 0.028017203647222287 0.06296365016215581
11 0.5288387405006947 0.2747479987788887 0.032977460581076555 0.07476422077900687
3 0.6464808353904516 0.2963247642001642 0.03108765226045147 0.0606744472400564
8 0.3016209706490627 0.20908822240056457 0.042279725398715315 0.07180286201270877
9 0.36181358824024323 0.21170075365015267 0.03275925503399311 0.06538922077900677
10 0.5417731919637154 0.19297584739891696 0.04482415036059031 0.1140176355516592
3 0.5891391544446529 0.21488780356742715 0.02645470364722229 0.06293637662320543
4 0.6559447947372571 0.19965431574229178 0.05114688554295146 0.11725172970746049
5 0.3055077304327084 0.1412149297868908 0.03935474715020835 0.08034206493480815
6 0.3600497600679862 0.13591950365015268 0.03806500408406262 0.09203354139585782
3 0.4813435318194793 0.14662695291880407 0.02561890226045129 0.060578989853730295
9 0.5369759359797918 0.1546264135515411 0.025618902260451472 0.060578989853730295
3 0.5879572077312848 0.16410655356742715 0.02645470364722229 0.06293637662320543