9 0.40587918079880775 0.7446905316533299 0.035596663274411536 0.05369774431795715
9 0.4776313500661131 0.7436013644450454 0.033501896766068205 0.043514220779006865
5 0.4679044679993661 0.6622559070587194 0.03909015547249552 0.06078354139585791
6 0.668030620758328 0.6532605568138381 0.04188428482570909 0.06941820170428344
3 0.7397418464480685 0.6513901396055537 0.04028416327441153 0.0537795649348082
9 0.32701279511401604 0.5653518591700397 0.04028416327441153 0.053779564934808025
11 0.40053218226914583 0.5681962155007058 0.04410520409301455 0.06711536201270878
10 0.6702714721832376 0.5619770377391146 0.06605544719560949 0.09871991801906325
0 0.7397617786056726 0.5624094602224046 0.05060086555840364 0.07191195616851012
2 0.2639971387370094 0.479954101459402 0.049324970601357876 0.07735343262956
9 0.3313074694697041 0.4834706136342666 0.03888543758467104 0.05687729139585791
2 0.46917928369405537 0.47807182183137176 0.04143390547249552 0.06082445170428343
9 0.6487439529613607 0.4788645288106608 0.030291687584671222 0.05672728693163087
1 0.7285985492978876 0.4685503660666033 0.06774077792830405 0.10109094155801372
3 0.3324771438253921 0.40153482102059285 0.03576043758467105 0.056822744317957155
8 0.39962370024782723 0.40192633319545745 0.03982713986866315 0.07484604139585774
9 0.47014091813565156 0.4070598924482228 0.03012791327441171 0.05360228693163087
3 0.5896312245580868 0.4083650681779238 0.030291687584671222 0.05672728693163087
8 0.6434179658516594 0.3921321420411857 0.03982713986866315 0.07484604139585782
3 0.2822890360689045 0.3226052516215578 0.03900826831736568 0.05922104139585782
3 0.33882564111185864 0.32905584902377 0.03596515547249544 0.060728994317957155
3 0.5852093181810801 0.32399006817792375 0.029715155472495525 0.060619900162155814
11 0.28374531546754667 0.246138209007884 0.04607713986866324 0.07495513555165915
5 0.33505883197589004 0.25718084902377003 0.04167624491161739 0.0803420649348082
9 0.454303476932936 0.25379852475347103 0.029960816937884615 0.06530740016215582
7 0.5112152182265086 0.23762014569463358 0.04384625452255584 0.1217483149348082
9 0.5818928883983252 0.26070881817792374 0.03041451831736559 0.05907103693163096
6 0.6310740168470277 0.24595657142433464 0.040646011419960715 0.09047104139585782
3 0.3393092407277459 0.18934846671852174 0.033085816937884704 0.06536194724005648
4 0.38766817559888345 0.17380133319545746 0.0533031416776855 0.1234744561685102
0 0.45880286917644836 0.1758235292176979 0.03447789857509047 0.09192444724005648
3 0.6246702086155702 0.19823213757695876 0.03061923620519007 0.06297728693163096