9 0.3671875 0.73828125 0.0328125 0.053125
9 0.4390625 0.7359375 0.03125 0.04296875
5 0.43359375 0.6546875 0.0359375 0.06015625
6 0.634375 0.6421875 0.03828125 0.06875
3 0.70625 0.6390625 0.0375 0.053125
9 0.29765625 0.56015625 0.0375 0.053125
11 0.37109375 0.56171875 0.040625 0.06640625
10 0.64140625 0.55078125 0.0609375 0.09765625
0 0.7109375 0.55 0.046875 0.07109375
2 0.2390625 0.47578125 0.0453125 0.0765625
9 0.30625 0.478125 0.0359375 0.05625
2 0.44453125 0.4703125 0.03828125 0.06015625
9 0.62421875 0.46796875 0.02734375 0.05625
1 0.7046875 0.45625 0.0625 0.1
3 0.31171875 0.39609375 0.0328125 0.05625
8 0.37890625 0.3953125 0.0359375 0.07421875
9 0.44921875 0.39921875 0.02734375 0.053125
3 0.56875 0.3984375 0.02734375 0.05625
8 0.6234375 0.38125 0.0359375 0.07421875
3 0.265625 0.31796875 0.0359375 0.05859375
3 0.321875 0.3234375 0.0328125 0.06015625
3 0.56875 0.3140625 0.0265625 0.06015625
11 0.27109375 0.24140625 0.0421875 0.07421875
5 0.321875 0.2515625 0.0375 0.0796875
9 0.44140625 0.24609375 0.0265625 0.06484375
7 0.49921875 0.22890625 0.0375 0.12109375
9 0.56875 0.25078125 0.02734375 0.05859375
6 0.61875 0.23515625 0.0359375 0.08984375
3 0.3296875 0.18359375 0.0296875 0.06484375
4 0.37890625 0.1671875 0.046875 0.12265625
0 0.45 0.16796875 0.0296875 0.09140625
3 0.61484375 0.1875 0.02734375 0.0625