6 0.6301128061014378 0.7080836427004245 0.03782725292686635 0.05843412628012423
3 0.570755986819597 0.7146668426439546 0.03153180113146821 0.05025760523343692
9 0.42770087840834065 0.7081500740869289 0.033062484874689345 0.044879860495108836
8 0.21904804107432319 0.7101430265201207 0.05579600292686626 0.05948068678935066
9 0.5655503363520589 0.6258773584289703 0.029937484874689346 0.04469784997176518
9 0.4958918213249442 0.6080520925733676 0.029937484874689346 0.04469784997176518
3 0.43966454722264336 0.6152345319935542 0.03154543667008767 0.05260135523343692
3 0.3685980682998821 0.6240627713996233 0.03545168667008758 0.05282886838761662
9 0.30918216168402385 0.6204897213431535 0.038544870413308896 0.047542128910960456
7 0.23336000506816554 0.6178722265342381 0.07470962939029935 0.08869774992941296
4 0.6438748033709633 0.5212815927145419 0.05601417154477702 0.09698068678935065
9 0.557923667832344 0.5239431321064936 0.029982936670087668 0.05251034997176518
3 0.4328918515755653 0.5257548030402415 0.02999657220870695 0.05485409997176518
6 0.24685890280522926 0.5201781791791915 0.05118122579950315 0.07170767100433509
9 0.6919350534691592 0.4536166796027146 0.03623293667008749 0.05287437101845249
3 0.6215634661351417 0.44755566637794775 0.03156361738824689 0.05572635523343692
1 0.3713589330558503 0.4269602582454436 0.04747496369925477 0.10585515785015538
11 0.3089043848512484 0.4384129687123176 0.04103861133812261 0.07345988680346807
11 0.6921845174630016 0.36216492697187863 0.03868122579950324 0.07097962891096028
2 0.38197372530852386 0.37085447141374067 0.038631228824565246 0.06238587891096028
5 0.6941464723816576 0.29640341907937084 0.03869940651766246 0.07410462891096029
5 0.6229799995090207 0.28804415848543996 0.03635565651766228 0.07396812101845249
0 0.4502782977136226 0.2902877399001793 0.03174542456983911 0.08697635523343701
3 0.3940101169954634 0.29043892932036586 0.027684638465485634 0.060186342079257396
3 0.26355500253408276 0.30038161866996527 0.035497138465485634 0.06064136838761662
2 0.6827044574527388 0.21032170591107385 0.036414743851679886 0.08412437101845249
0 0.5029851411959602 0.2153185610033365 0.030182924569839287 0.08688534997176518
9 0.3358340026322787 0.23130612400222433 0.033153388465485635 0.060504860495108836
10 0.2653578761688455 0.20727636077745754 0.05928461729005097 0.12216269731269432
9 0.6323408430895542 0.150733874284573 0.030051114363184795 0.06422909997176514
3 0.5620647045258726 0.16107911105980618 0.026912478824565156 0.061703339448421435
8 0.46194652985783763 0.14659094780680454 0.030164743851679887 0.08376034997176514