6 0.37421875 0.74453125 0.0375 0.05625
3 0.43359375 0.74765625 0.03125 0.0484375
9 0.5765625 0.7328125 0.0328125 0.04296875
8 0.78515625 0.72265625 0.05546875 0.05625
9 0.43828125 0.65859375 0.0296875 0.04296875
9 0.5078125 0.63671875 0.0296875 0.04296875
3 0.5640625 0.640625 0.03125 0.05078125
3 0.63515625 0.6453125 0.03515625 0.05078125
9 0.69453125 0.63828125 0.03828125 0.0453125
7 0.7703125 0.63125 0.07421875 0.084375
4 0.359375 0.55859375 0.05546875 0.09375
9 0.4453125 0.55625 0.0296875 0.05078125
3 0.5703125 0.55078125 0.0296875 0.053125
6 0.75625 0.534375 0.05078125 0.06875
9 0.3109375 0.49375 0.0359375 0.05078125
3 0.38125 0.48359375 0.03125 0.05390625
1 0.63125 0.4484375 0.046875 0.103125
11 0.69375 0.45625 0.040625 0.07109375
11 0.31015625 0.40234375 0.03828125 0.06875
2 0.6203125 0.39296875 0.03828125 0.06015625
5 0.3078125 0.33671875 0.03828125 0.071875
5 0.37890625 0.32421875 0.0359375 0.071875
0 0.5515625 0.31640625 0.03125 0.08515625
3 0.6078125 0.31328125 0.02734375 0.05859375
3 0.73828125 0.315625 0.03515625 0.05859375
2 0.31875 0.25 0.0359375 0.08203125
0 0.4984375 0.24453125 0.0296875 0.08515625
9 0.665625 0.25078125 0.0328125 0.05859375
10 0.7359375 0.22265625 0.05859375 0.11875
9 0.36875 0.1875 0.0296875 0.0625
3 0.4390625 0.19375 0.0265625 0.06015625
8 0.5390625 0.1734375 0.0296875 0.08203125