6 0.3698871938985621 0.73146324329176 0.03782725292686617 0.05755952885594055
3 0.4292440131804029 0.7325148226031876 0.03153180113146821 0.04952877404661713
9 0.5722991215916593 0.7126784938399142 0.033062484874689345 0.0441145877489479
8 0.7809519589256768 0.695237989578745 0.05579600292686635 0.05818701143274545
9 0.4344496636479411 0.643288631496195 0.029937484874689346 0.04400546034428636
9 0.5041081786750559 0.6189855467424719 0.029937484874689346 0.04400546034428636
3 0.5603354527773566 0.6209275034585611 0.03154543667008767 0.05187252404661713
3 0.6314019317001179 0.6231323550025071 0.03545168667008767 0.0520089333024444
9 0.6908178383159761 0.6140276843139346 0.038544870413308986 0.04664931070710594
7 0.7666399949318344 0.604350094750888 0.07470962939029935 0.08696677586071573
4 0.35612519662903663 0.5460440984639032 0.05601417154477702 0.09568701143274545
9 0.442076332167656 0.5406993448357061 0.029982936670087668 0.05181796034428636
3 0.5671081484244347 0.5308654986492376 0.02999657220870695 0.054161710344286365
6 0.7531410971947707 0.5079661680718658 0.05118122579950324 0.07052332032575279
9 0.3080649465308408 0.48289182323615965 0.036232936670087576 0.05203621515360979
3 0.3784365338648583 0.4702802066312712 0.0315636173882468 0.05499752404661713
1 0.6286410669441498 0.42639376425833425 0.04747496369925486 0.10476191106992569
11 0.6910956151487516 0.4320237161651 0.04103861133812252 0.07251240626060226
11 0.3078154825369984 0.39151285508732514 0.03868122579950315 0.07008681070710594
2 0.6180262746914762 0.37130696017465026 0.038631228824565156 0.06149306070710594
5 0.3058535276183424 0.3259697006408214 0.03869940651766246 0.07321181070710595
5 0.37702000049097933 0.31098705218476747 0.03635565651766246 0.0731299651536097
0 0.5497217022863774 0.2971452630772079 0.03174542456983911 0.08624752404661713
3 0.6059898830045366 0.29205596979329707 0.027684638465485634 0.05954861479079003
3 0.7364449974659172 0.2898436506486706 0.035497138465485634 0.05982143330244423
2 0.31729554254726117 0.2388690047245054 0.036414743851679886 0.0832862151536097
0 0.49701485880403984 0.227125428956457 0.030182924569839287 0.08619296034428628
9 0.6641659973677213 0.2275371128070554 0.033153388465485635 0.059739587748947984
10 0.7346421238311545 0.1969567462021669 0.05928461729005097 0.12079613883740707
9 0.3676591569104459 0.174622966249918 0.030051114363184705 0.06353671034428628
3 0.43793529547412735 0.1784175996450295 0.026912478824565156 0.06108383293962456
8 0.5380534701421624 0.15461302269585472 0.030164743851679887 0.08306796034428628