9 0.25750257530471227 0.7056767864971369 0.039191474772256554 0.04865566861791084
10 0.317576979751216 0.7029830576725716 0.0603224303072194 0.07221134328594588
3 0.5215204352861788 0.7252388109922213 0.031188001814098597 0.0431414668225127
6 0.6616370037978332 0.7322377238545956 0.042507447730414684 0.05414259933607006
0 0.3962352038905003 0.6282916090004316 0.039546138837407076 0.05881191861791084
9 0.5282937357416657 0.6283047236582039 0.02911707032575279 0.050940331283893414
5 0.40492566841113786 0.5415046813073344 0.037983638837406984 0.05880282825883114
3 0.460912773583281 0.556025723560008 0.02911707032575279 0.050940331283893234
8 0.5328324136018143 0.5345092718628057 0.035131457349061354 0.06659714754067192
2 0.5909549376484315 0.5654274737563997 0.03771082032575279 0.05099032825883114
3 0.6509474965414389 0.5603899949318345 0.033023320325752795 0.05096305718159222
3 0.7123934280297847 0.5522184257481896 0.036929570325752795 0.05098578307929138
11 0.27896831442012104 0.44768702449508435 0.04763145734906136 0.06666987041330899
9 0.3322123655085802 0.4731637474659173 0.036929570325752795 0.05098578307929138
3 0.4073661329317753 0.45475411505055574 0.029226197730414506 0.05406533128389342
3 0.46249014255042215 0.46693595248276915 0.028444947730414505 0.05406078610435348
9 0.5931225836574148 0.47086440749962105 0.029226197730414506 0.054065331283893237
1 0.33971235226173624 0.37466261495235986 0.05220239546082901 0.1080943011314682
3 0.4006597759455336 0.39696888612779463 0.02919891587924912 0.05328408128389324
11 0.47148070743387943 0.388742774789672 0.03356895734906136 0.0665880571815924
3 0.28696680897782545 0.3187080516224475 0.034694947730414503 0.05409714754067192
7 0.3489930938242157 0.28240239207972295 0.05718999582364877 0.11671532220870703
9 0.47150550008481795 0.32232288925105257 0.028444947730414682 0.05406078610435348
9 0.5871305000848179 0.3216502026791609 0.028608638837406986 0.058748286104353474
2 0.3481374327542901 0.23552284690018316 0.042943957349061354 0.06664259933607006
9 0.4130903101589518 0.238270596998379 0.026882447730414503 0.05405169574527395
4 0.46136411905195923 0.23330129586691087 0.04430804990733286 0.10570509933607006
0 0.5771528101589518 0.23731610929501917 0.03020834437236992 0.08219033128389333
9 0.6326860475450801 0.2612166967272326 0.028444947730414505 0.05406078610435348
5 0.689980192372937 0.2460366034412867 0.0384474303072194 0.07208407825883115
6 0.29635418874473984 0.1623716932111911 0.041336817330527964 0.0877227137974506
8 0.34759923021455214 0.17535750654110355 0.040763898456053924 0.0713164637974506