9 0.6932712726630509 0.7163979811793532 0.040254926882026074 0.05022047787409356
1 0.6439079426249948 0.6984441937519656 0.06396168231923358 0.07705695967712849
9 0.36340735912689764 0.6861624017764644 0.0334146778706093 0.054580492142117264
11 0.29778235912689766 0.6831058682780183 0.044734179847775654 0.06446491439185813
5 0.6953377914461313 0.6272627065722474 0.04942167984777566 0.06468323821317572
0 0.6260293759328116 0.6185554865560366 0.04039684832684483 0.07284034057054072
9 0.43604104589475556 0.5940519844891221 0.029540261368706487 0.05517980562435252
8 0.3683442099252004 0.6034226763835703 0.04014218034206722 0.06659034057054072
10 0.24702496684528263 0.5648973697257604 0.06657468775644108 0.10291098428423417
6 0.5701560607235031 0.5298525514860141 0.03827593281352506 0.07819992865988183
3 0.2631075646778358 0.4967659538861602 0.03813401136870649 0.05558006596343468
11 0.5800841590503479 0.4590862872179905 0.03795759783255335 0.07038742865988183
2 0.51555874403132 0.4482536410230974 0.0341786818249421 0.07333049214211726
5 0.4576825770351255 0.44712348056018064 0.03258434832684483 0.07247646753501122
3 0.6982240054000265 0.4027528581438239 0.03744826186299797 0.057887428659881834
9 0.6307009243733871 0.3886496627347191 0.03363751235728962 0.060049242142117085
4 0.5828682608372338 0.37154989991443754 0.04648502224312132 0.10743366439185813
3 0.5229839248676788 0.38128446484441497 0.028950012357289622 0.059830918320799585
3 0.39364659334674784 0.3666504224546288 0.028854511862998145 0.057487168320799496
9 0.34630867832771983 0.35661829693790015 0.03207501235728962 0.05997646753501122
8 0.7029380217116488 0.32548188275092976 0.04052418231923358 0.07596534057054054
3 0.6317806047154544 0.3237331381276133 0.03207501235728962 0.05997646753501122
3 0.5710341057040376 0.31620742845048483 0.028950012357289622 0.059830918320799585
3 0.46116435718691234 0.30404556864952187 0.028950012357289622 0.059830918320799585
2 0.3520758586697871 0.2919200961521119 0.04130543231923358 0.07600172787409357
9 0.69135853456323 0.26388941128697707 0.03363751235728962 0.060049242142117175
7 0.6468246259699926 0.22346131037735426 0.055715442205065455 0.12345892473094038
0 0.5787139545251739 0.24298825227180237 0.03491085228117754 0.09129924214211708
9 0.5285229535365907 0.24534696484441496 0.02745117935348418 0.06132064371369372
9 0.47383545353659073 0.24279985359570994 0.02745117935348418 0.06132064371369372
6 0.30776212596999264 0.20766922063538323 0.04106535178688588 0.08924659057054055
3 0.47438855186343565 0.17159694168505113 0.026765429847775656 0.0636280064101408