3 0.7718394915537157 0.696875 0.04203438730530316 0.0484375
3 0.5553650453937817 0.69453125 0.03123327962517113 0.053125
9 0.4970668120868291 0.7046875 0.028753137305303156 0.0484375
1 0.2848934210206024 0.6890625 0.06339256175762475 0.084375
2 0.7607452156894683 0.6109375 0.05482990399835046 0.05859375
3 0.6867310541692704 0.61796875 0.03435827962517113 0.053125
0 0.556748037476223 0.6078125 0.034744724531464044 0.06640625
5 0.4926173413162889 0.60546875 0.03697481426490725 0.0625
8 0.361640125956025 0.61484375 0.04490097453146395 0.06640625
10 0.2814297887298642 0.596875 0.07002900666391758 0.09765625
3 0.7509179231321734 0.51484375 0.039068511678482666 0.05390625
9 0.43018788598515484 0.52734375 0.03281851167848249 0.05390625
9 0.290685116784825 0.5390625 0.037506011678482484 0.05390625
9 0.6684714844940868 0.446875 0.03679295783841656 0.05625
9 0.5505936627073321 0.45 0.02826740399835046 0.05859375
3 0.4201021806540208 0.44921875 0.028980457838416386 0.05625
9 0.2984999652937569 0.45859375 0.03679295783841656 0.05625
9 0.7233659214828208 0.3734375 0.03764240399835046 0.05859375
4 0.6002322983632826 0.35703125 0.049875631037097 0.103125
11 0.3649540279093115 0.3796875 0.03959134890464337 0.071875
8 0.6553767879384413 0.2921875 0.044347045064577276 0.07421875
9 0.594484752045064 0.29375 0.03139240399835046 0.05859375
3 0.3675729110579795 0.30859375 0.02904865399835055 0.05859375
11 0.7086405287672413 0.21640625 0.03972774122451135 0.0765625
3 0.5874247583132701 0.2390625 0.028312868104973177 0.06015625
5 0.5318650801000249 0.2359375 0.02957149122451135 0.0765625
0 0.48072011724704333 0.2234375 0.030003400237426803 0.09140625
6 0.41643029671392995 0.215625 0.032301686130804086 0.08984375
3 0.6446629453020042 0.165625 0.02916231426490725 0.0625
6 0.5317537683424001 0.1515625 0.030003400237426803 0.09140625
7 0.4797593593294846 0.13671875 0.041918378529814504 0.125
2 0.42837035556856085 0.16953125 0.029798811757624933 0.084375