3 0.3612481415949523 0.7768969936348267 0.03243206677218975 0.04135235182361115
9 0.4814386211409811 0.7570228643601393 0.030937762932123646 0.04365973423243048
6 0.6145011737274059 0.7515203596104867 0.04210258346523723 0.05172680737069442
3 0.7589187634608491 0.7587906117946881 0.04343776293212365 0.04395067496187508
9 0.3516578444188038 0.6766060529053822 0.036406512932123734 0.04378702080156245
3 0.6095385405787378 0.6802629554501741 0.032659387305303156 0.04916485182361115
9 0.6803056816449647 0.6662744970532992 0.038977583465237234 0.05165407218833344
1 0.29264420876285335 0.5822007830537503 0.054108489970870186 0.08870013050895835
8 0.4927351369760987 0.5837308347248615 0.03463106426490725 0.06326371941479181
10 0.5501528318823915 0.5717770018029519 0.05332723997087001 0.08868194671336802
3 0.6767153318823915 0.574722776688577 0.03663383346523723 0.05159952080156245
6 0.7454425998290801 0.5771042007005215 0.04880722453146404 0.06749727773541672
7 0.36749710774663896 0.48152994224805584 0.05447220282385157 0.10120013050895835
3 0.426857735880742 0.5102738445085073 0.028889529625171308 0.05376143284565984
9 0.5500140910535916 0.49594120041618106 0.02810827962517113 0.05374324905006951
3 0.6140765910535915 0.49743227165458387 0.03123327962517113 0.053815984232430655
4 0.6852612692668368 0.49596199705329924 0.05897784639736088 0.09505923328249999
5 0.30205997585161215 0.41980988582729195 0.042557224531463954 0.06735180737069442
0 0.6093867425446596 0.4167998674942714 0.03731579506457727 0.07503702080156245
9 0.3126996106496328 0.349697407578785 0.03139240399835055 0.059284734232430567
3 0.6051826273426802 0.3463418971295491 0.028912261678482487 0.05454268284565966
8 0.6605831811827463 0.3499766966164589 0.034903848904643375 0.07263871941479172
9 0.4883193877675215 0.2787342101998268 0.02826740399835046 0.059211999050069505
11 0.5446603159807669 0.27691844348232686 0.029412366851332018 0.07173018284565975
0 0.6598677788337484 0.2670914614340978 0.03839256175762475 0.08521145459715278
9 0.3197572558724947 0.21461389276114612 0.03306856426490725 0.06322735182361114
2 0.36458402256554223 0.205494119109792 0.04034986685133202 0.07198475598392359
11 0.4300953622989855 0.21092780793937535 0.03340954506457727 0.07494610182361114
3 0.48089934435229686 0.21132850465274347 0.02826740399835046 0.059211999050069505
9 0.5404562007787875 0.2064604731176046 0.02663670783841656 0.056831881458888935
2 0.6083340225655421 0.21116746333395886 0.03786972453146405 0.06724270459715279
5 0.7180954674718351 0.2004319447165978 0.040440795064577276 0.07510975598392369