0 0.19165969311928643 0.6521030133659411 0.05576718034206722 0.06793792889684287
3 0.3401608601154808 0.6418950135071155 0.0349771778706093 0.055036110495108835
5 0.4040641926249949 0.6420700477785697 0.03838867935348418 0.062249371018452494
3 0.4685259406478285 0.647668329419188 0.03331917737631773 0.05260135523343692
9 0.599567693613578 0.6260068900695884 0.03309634288963732 0.04713260523343692
11 0.6782975300774247 0.6066128769859961 0.04561093034206713 0.06734639469597585
2 0.2823748764271032 0.5681004687123176 0.03883434832684483 0.07318687101845249
3 0.3367267954004639 0.5540232871846388 0.03500901136870649 0.05581736049510884
9 0.5984773788985611 0.5379986558546042 0.03510451186299797 0.05816111049510884
9 0.20928222771969757 0.48740347653423816 0.04282151136870649 0.056272386803468064
10 0.3369124792025723 0.4729552977079825 0.054983271748829846 0.10608267100433508
4 0.5337065661607105 0.44434663736816543 0.04694793726214943 0.10015889469597586
7 0.6780295691264601 0.4219116532943553 0.06555335722409339 0.1168304552052021
5 0.22212707901229187 0.4017011949642071 0.04820934832684483 0.07373290258848364
8 0.2849944935370283 0.4081717318664972 0.04061968281352524 0.07874662628012441
3 0.4104719960084863 0.38917256093274927 0.029731262357289623 0.060186342079257396
9 0.6025639955141947 0.3803226637471118 0.03500901136870649 0.05581736049510884
3 0.2297114273391367 0.33033442917919154 0.03832501235728962 0.06068687101845249
9 0.2964850918638732 0.336577452927302 0.033701179353484004 0.06197635523343692
6 0.4755969303048862 0.30198410309671125 0.03468801779449713 0.08619510523343701
0 0.535721346806789 0.29926165052234505 0.0347198512925944 0.08697635523343701
8 0.6643092618258171 0.2995662164344175 0.0458974318249421 0.07437764469597585
2 0.41808286064695344 0.24064405567107744 0.03918451680591399 0.08178062101845249
9 0.47316960866978713 0.24678836888172678 0.02901367935348418 0.061703339448421435
3 0.5335486931564675 0.2378159163073606 0.028950012357289622 0.06014083944842143
1 0.664127531103189 0.2083874795885971 0.06018010771838504 0.11885568678935066
6 0.36095079296618704 0.16992900824544363 0.03975751977166349 0.09584312101845253
9 0.4231642914833122 0.17332004777856963 0.029204680342067135 0.06639083944842143
3 0.4807221234985347 0.17620285309671124 0.029109179847775658 0.06404708944842144
9 0.5386937909890207 0.16892940841485285 0.029204680342067135 0.06639083944842143
3 0.3634510518634356 0.1276960056146077 0.02989042984777566 0.06409259207925735
11 0.5991166378329907 0.1014997137329944 0.03436968281352524 0.07838260523343701