6 0.290625 0.67109375 0.046875 0.05859375
6 0.3609375 0.67109375 0.04296875 0.05390625
9 0.42734375 0.6875 0.0328125 0.0484375
3 0.54765625 0.6828125 0.02734375 0.0484375
9 0.62109375 0.6984375 0.03125 0.040625
9 0.2953125 0.59375 0.0328125 0.0484375
11 0.359375 0.58984375 0.040625 0.06015625
3 0.48828125 0.60078125 0.0296875 0.0484375
4 0.228125 0.49296875 0.0671875 0.09140625
2 0.2984375 0.49921875 0.03828125 0.06640625
8 0.37109375 0.49921875 0.03515625 0.07109375
9 0.4359375 0.51328125 0.0296875 0.05078125
9 0.56171875 0.51171875 0.02734375 0.053125
0 0.43359375 0.415625 0.03125 0.0765625
3 0.5546875 0.4234375 0.02734375 0.05390625
9 0.61875 0.42421875 0.03125 0.05078125
5 0.24375 0.34296875 0.0453125 0.07109375
2 0.43203125 0.34375 0.0375 0.0625
0 0.6140625 0.34609375 0.0359375 0.0765625
7 0.68359375 0.3234375 0.05546875 0.11328125
3 0.31796875 0.27734375 0.03515625 0.05859375
3 0.43203125 0.26953125 0.02734375 0.05859375
10 0.5015625 0.25390625 0.040625 0.11328125
11 0.5640625 0.28046875 0.03125 0.07109375
1 0.321875 0.17578125 0.0484375 0.11640625
3 0.378125 0.209375 0.0296875 0.0625
5 0.49921875 0.2046875 0.02734375 0.0765625
8 0.62109375 0.19609375 0.0359375 0.07421875
9 0.675 0.2046875 0.02734375 0.0625
3 0.38828125 0.12734375 0.0265625 0.0625
3 0.49375 0.13671875 0.0265625 0.0625
9 0.5515625 0.140625 0.0265625 0.06015625