9 0.27890625 0.67578125 0.03828125 0.04296875
5 0.3421875 0.68203125 0.040625 0.05625
9 0.41015625 0.6875 0.03125 0.04296875
3 0.54765625 0.6828125 0.02734375 0.0484375
9 0.68125 0.68515625 0.0359375 0.04296875
3 0.290625 0.59140625 0.0375 0.053125
5 0.5453125 0.5890625 0.0328125 0.0625
9 0.62109375 0.6 0.03515625 0.05078125
8 0.75390625 0.60625 0.05546875 0.05859375
9 0.29921875 0.5078125 0.03125 0.05390625
3 0.49453125 0.5078125 0.02734375 0.05390625
3 0.55 0.50234375 0.02734375 0.053125
3 0.62109375 0.51953125 0.03125 0.053125
9 0.43203125 0.43515625 0.02734375 0.053125
11 0.61484375 0.43203125 0.0375 0.06640625
2 0.7515625 0.43125 0.0515625 0.06875
4 0.3765625 0.33203125 0.05078125 0.10546875
3 0.4890625 0.35 0.0265625 0.05625
8 0.55703125 0.353125 0.0328125 0.071875
1 0.684375 0.334375 0.05625 0.115625
3 0.31875 0.26796875 0.03125 0.06015625
0 0.38046875 0.2640625 0.03515625 0.08515625
2 0.440625 0.28046875 0.03515625 0.07109375
3 0.49609375 0.27734375 0.0265625 0.06015625
9 0.55703125 0.28515625 0.02734375 0.06015625
6 0.440625 0.19140625 0.0296875 0.09375
10 0.50234375 0.190625 0.03828125 0.12109375
6 0.60859375 0.2046875 0.03515625 0.09140625
9 0.6640625 0.21640625 0.0296875 0.0625
7 0.74375 0.1984375 0.0640625 0.12265625
11 0.60859375 0.1421875 0.03515625 0.0765625
0 0.6671875 0.1390625 0.0359375 0.09140625