3 0.52265625 0.7309149592498962 0.03125 0.04916485182361115
1 0.4484375 0.7166874986688198 0.05078125 0.09102569671336802
4 0.30625 0.7352530478713891 0.06640625 0.08357687262517359
3 0.7171875 0.6495052243518756 0.0375 0.054779072188333444
9 0.6625 0.6333886086605561 0.0359375 0.05396145459715278
3 0.5140625 0.6439961874984033 0.0296875 0.05381598423243048
0 0.31953125 0.6425934223964239 0.04296875 0.06975010875746541
11 0.2484375 0.6440636969977085 0.05078125 0.06602569671336803
7 0.5171875 0.5432876726807644 0.0421875 0.09707567496187508
10 0.38984375 0.5364174639995489 0.046875 0.10343477773541672
9 0.31875 0.5691377386008336 0.0359375 0.05708645459715278
2 0.5078125 0.4758819671336809 0.0328125 0.0726387194147918
9 0.44765625 0.47760681487322965 0.02734375 0.06079268284565984
11 0.3953125 0.47716975056868094 0.0359375 0.07193020459715278
3 0.31875 0.48007523860083356 0.03125 0.05697735182361115
9 0.6890625 0.39260060771062555 0.0296875 0.06084723423243066
6 0.6328125 0.38269762442812555 0.0375 0.08290407218833336
3 0.4546875 0.398082969033542 0.02734375 0.05923018284565975
9 0.26796875 0.4109245418874655 0.0359375 0.06099270459715278
5 0.62421875 0.3207788526766325 0.03515625 0.07503702080156253
0 0.5140625 0.3072774374984032 0.0296875 0.08584723423243057
8 0.32890625 0.3217178779435072 0.03515625 0.08050577080156254
3 0.68203125 0.25181195355031305 0.0296875 0.06319098423243057
8 0.50546875 0.25004616574691013 0.0328125 0.07732621941479172
6 0.44296875 0.24468521209968785 0.02734375 0.09438643284565976
9 0.27265625 0.25790864466100716 0.0359375 0.06099270459715278
2 0.67578125 0.18291648318559087 0.0375 0.08056032218833335
9 0.559375 0.18489459764263935 0.025 0.06542563145888894
9 0.5015625 0.18823649676895876 0.0265625 0.06077449905006951
3 0.45390625 0.20197103523795173 0.025 0.06542563145888884
3 0.39453125 0.1904328167730906 0.02734375 0.06548018284565975
5 0.2703125 0.19613534327423635 0.040625 0.07750805737069447