3 0.4438674307313056 0.704860715426771 0.03350601282028158 0.04934678213245362
1 0.5186683775881524 0.6902011703621935 0.05496578990858687 0.09132133346523723
4 0.6598370330886704 0.7079389366595296 0.07022691687305738 0.08396347453146405
3 0.2533387841221278 0.6245834967012948 0.04001072394515202 0.054997388558944316
9 0.3087176428896334 0.6081485029695008 0.038411836641599174 0.05417067445232178
3 0.4565001714256807 0.6178919128403462 0.032161836641599176 0.05398881802583091
0 0.650885872211469 0.6153566315658224 0.04617083271265763 0.07000026293212365
11 0.7218340729972572 0.6164130147144904 0.05380139619489306 0.06632133346523723
7 0.45806913358400847 0.5172015910535915 0.04666313833701032 0.09732128087881228
10 0.5855948201017732 0.509590016363843 0.05164173676543378 0.10370767319868043
9 0.6550875287454443 0.5418963995125111 0.0385573858558109 0.057295674452321775
2 0.4705734416895604 0.4497413064138554 0.03616013192686936 0.07282974623907634
9 0.5305841424753487 0.4511159383088822 0.030145572373575645 0.06095187186589683
11 0.5828915051717958 0.4503741407370224 0.03924874462331651 0.07213942445232177
3 0.6592356813504782 0.452833899512511 0.0338698858558109 0.05715928213245362
9 0.2933988196874884 0.36751514278208647 0.03248932237357547 0.06102006802583091
6 0.35004908002657065 0.35728468494366994 0.041320666873057556 0.08312238855894431
3 0.5272643974377473 0.3716330267886843 0.030072797766469605 0.05938937186589692
9 0.7131826267595829 0.3833875660472739 0.03873932237357547 0.061201924452321685
5 0.361517427007252 0.29531588235724515 0.03861304383752824 0.07524169239901032
0 0.4721830992569929 0.28117316284034616 0.0336537160872691 0.08602006802583091
8 0.6564660539717228 0.29453566620555843 0.038867754962398846 0.08071044239901033
3 0.30697978432701556 0.2266855543022844 0.032598484284234265 0.06336381802583091
8 0.4834331224163567 0.2238918602539214 0.03637845574818695 0.07751724623907634
6 0.5461150589341214 0.2181670459890142 0.03171022642635144 0.09454562186589692
9 0.7156270382559569 0.23039895836714192 0.03873932237357565 0.061201924452321685
2 0.31643186703967324 0.15775369787579369 0.04121150496239876 0.08077863855894432
9 0.43261979321835564 0.15905412193240392 0.02802014619489306 0.06557117570596294
9 0.49021396939703815 0.1620594499873647 0.029364322373575648 0.06092913981258556
3 0.5371788606295325 0.17551654473537295 0.02802014619489306 0.06557117570596294
3 0.5970268955757205 0.16363265868371107 0.030363896194893058 0.06563937186589693
5 0.7208453852366383 0.16861201220720792 0.04419095574818695 0.0777445667721897