9 0.6988163377548863 0.782408643329827 0.03959970909205772 0.046203505983923775
1 0.5655635685545564 0.7675804642838895 0.044119724531464045 0.06738817496187507
3 0.5009100351684616 0.7864018930454866 0.030937762932123646 0.04365973423243066
11 0.42611462364826364 0.7776249986688197 0.03734688730530315 0.04927395459715278
9 0.22861749802144296 0.7675557483844793 0.03875026293212373 0.04384157218833344
3 0.36181409441880386 0.6768424422480559 0.036406512932123734 0.04378702080156245
6 0.7031497997499379 0.6066092095342367 0.04701740399835046 0.05964841014423623
0 0.5635333702830513 0.5955418101235769 0.037756064264907255 0.06333645459715279
6 0.43970106518934404 0.5793693366247226 0.03704301042484133 0.06566202080156244
3 0.31194813822973994 0.5904678779435072 0.036633833465237145 0.05159952080156245
9 0.24962999465623065 0.5827631742962849 0.036565637305303156 0.049255770801562446
9 0.3122867705204781 0.49822582655673636 0.03672476167848249 0.05472452080156245
9 0.6237985835317442 0.43198910961048664 0.03272758346523723 0.051508601823611146
5 0.5698014053184988 0.4338594277147575 0.034744724531464044 0.06716996941479181
2 0.5104036732651874 0.43325870924989623 0.03764240399835046 0.05943020459715278
3 0.4472588155850555 0.42709832180708374 0.028912261678482487 0.05454268284565984
0 0.38413668995823486 0.42015668436427117 0.037247598904643284 0.07269327080156245
5 0.6993501644896988 0.36104213639597277 0.04028167069139812 0.0696410059839236
3 0.5130633235026142 0.34185245924989627 0.02826740399835046 0.059211999050069505
3 0.4550235029695009 0.3483193583762157 0.028912261678482487 0.05454268284565975
9 0.33234452091618955 0.34624575246854195 0.03288670783841656 0.05697735182361115
11 0.5702597095542762 0.28376850873680604 0.03340954506457727 0.07494610182361114
2 0.5127654583006349 0.2714854078631254 0.033477741224511345 0.07728985182361114
10 0.45938204552679573 0.25226197596739625 0.04157739773014448 0.1141722559839236
9 0.3947057800873896 0.2718646547289934 0.028131011678482486 0.05452449905006951
9 0.3345495300873896 0.2704645024685419 0.03451740399835055 0.05935746941479163
8 0.6925953622989856 0.21703756325770893 0.042784545064577274 0.07516430737069442
3 0.5786010584589195 0.21203897910152825 0.029094118104973178 0.06079268284565975
3 0.5097601302456741 0.21356380508958378 0.028381064264907253 0.0631182490500695
7 0.46218644827150507 0.1827489097629865 0.039506432369880426 0.12349270459715278
8 0.334569913631769 0.18915995108177114 0.03825616943775678 0.08052395459715282
4 0.27834264568508027 0.18706946779927108 0.06104045157021041 0.11228310087368057