3 0.5412776911421201 0.6576698151893441 0.03153384288963732 0.04617631802583091
9 0.48582618718778736 0.6780110589211379 0.031311008402957086 0.040707568025830906
2 0.4073974396592453 0.6685882463055833 0.04012759288963732 0.04642637061225567
9 0.2747931866934958 0.6864924633151999 0.039904758402957 0.04095762061225568
5 0.545768872967062 0.5857493510827213 0.03526367935348418 0.06111099623907634
9 0.41829778897467323 0.59257967577247 0.029094592395345842 0.04376437186589684
8 0.21627237395564528 0.5906547775801071 0.051079680342067224 0.06625313730530316
9 0.6651820592406283 0.4894162571926429 0.03322367688202608 0.04934678213245362
3 0.4820193907615592 0.5033293076674967 0.029412927376317732 0.05157687186589684
6 0.4292445592406284 0.4962813372926679 0.03535917984777566 0.06345474623907635
7 0.6728128285180003 0.3978963469260863 0.06172802026595505 0.09777592194503919
3 0.6041119080617647 0.4178427855641729 0.031884011368706486 0.05477006802583091
3 0.48048340707318166 0.4261219499873647 0.028759011368706667 0.05467913981258565
3 0.4247918225865012 0.4332046757724699 0.029412927376317732 0.05157687186589684
6 0.35541974007698723 0.4313215785171792 0.04042868182494201 0.07296613855894432
2 0.6042020913695815 0.33902746377741827 0.04307617935348418 0.06133831677218975
1 0.5473445963124974 0.31727213572245744 0.04938718775644109 0.10131845909205772
10 0.4900586783277198 0.32518157561418537 0.044795188250732566 0.10352581677218975
9 0.4240198428524563 0.337247318092338 0.02963576186299797 0.05704562186589683
9 0.364422008365776 0.34444370414399983 0.03197951186299815 0.05711381802583091
11 0.24720267486767877 0.34863476214070094 0.04577009783255317 0.07000026293212373
8 0.6701082756659815 0.253615149512511 0.043521848326844824 0.07227581677218975
9 0.6079120231945236 0.2671297317241069 0.02745117935348418 0.06088367570596294
9 0.5425416911793011 0.26278922420225953 0.02872717787060921 0.053897889812585566
3 0.4347928581754955 0.26436374755922454 0.028950012357289622 0.05936663981258565
3 0.30703527270023195 0.27822532224897306 0.03354201186299814 0.05715928213245362
11 0.6603141230042431 0.18757261236549247 0.04042868182494193 0.07296613855894432
0 0.547941456996632 0.18772102804232552 0.03471985129259423 0.08606553213245363
4 0.4879762079852151 0.18478389614729876 0.042020356729801735 0.11202863855894436
3 0.5988938033463104 0.1245928907370224 0.029109179847775658 0.06327288981258557
0 0.5456878903044486 0.1089739024155049 0.03106826927737192 0.09220187186589693
5 0.26451880334631034 0.13432220955427615 0.04374468281352524 0.0777445667721897