2 0.259728757192643 0.6712796992317743 0.057037261678482484 0.05681324400710608
3 0.4110412046062183 0.6719303951841885 0.03279577962517113 0.05476274310259512
6 0.4738821854058884 0.6569361589789984 0.03697481426490725 0.06434246099041943
5 0.5511577392459543 0.6552264948000757 0.037756064264907255 0.06438340456798422
9 0.6901520430860203 0.6502822879935278 0.03734688730530315 0.050320904567984215
1 0.2714822626029193 0.5622355698785608 0.07002900666391758 0.10117739767057934
9 0.4162719253767585 0.5725888144514938 0.03272758346523723 0.052418993102595124
9 0.48093381895026777 0.5754404975136092 0.031256011678482486 0.05546210594746519
10 0.6221953164429853 0.5461956535519314 0.059227898983785644 0.10529168758467104
3 0.6861214241231173 0.5475257801916117 0.037506011678482484 0.055789654567984216
9 0.2870678101747791 0.5091548354823929 0.039068511678482486 0.05587154172311415
6 0.53993439740094 0.47796130992893815 0.034903848904643195 0.0735946302577247
9 0.5998633268678265 0.4826211544564426 0.028912261678482664 0.055339275214770646
5 0.2223808360390266 0.4267384831529723 0.048943616851332014 0.07355036465389268
3 0.2832046757724699 0.427451134102912 0.03672476167848249 0.05574871099041943
9 0.3559745860390266 0.4197371313893786 0.03288670783841656 0.057887743102595125
3 0.410684818092338 0.4160898309598372 0.03139240399835046 0.060149605947465365
3 0.479366621932404 0.4148305461341281 0.02904865399835046 0.06002677521477064
0 0.6088866373718101 0.38698110583592366 0.03839256175762475 0.08625840456798431
0 0.6746934937983008 0.37729184532047405 0.04457436559769086 0.08424220318850333
7 0.22830187859632148 0.33048095884271284 0.07220527210332381 0.1223530348257091
11 0.6700802016367173 0.32136939394099306 0.040440795064577276 0.07622498530067894
2 0.25045567491454007 0.2661351758260261 0.04294366943775678 0.08181656603337358
11 0.3080181223281153 0.27169910108622525 0.03972774122451135 0.07852779172311405
9 0.41902381848804937 0.2635413630720128 0.02916231426490725 0.06393302521477065
4 0.47834499419401233 0.23547059475464716 0.04157739773014448 0.11528748530067894
8 0.24839072123275868 0.20305864371385046 0.045196491224511345 0.0788143967660682
3 0.42950432891289064 0.1982472337187992 0.028381064264907253 0.06389208163720576
9 0.4873395609662019 0.1944361589789984 0.028449260424841326 0.06623583163720577
8 0.434075820137402 0.12156190298610459 0.037383991224511345 0.07840496099041942
3 0.4814592854976659 0.12843934475464716 0.026818564264907252 0.063810194482076
3 0.6025984996042887 0.12053059023209141 0.028449260424841326 0.06623583163720577