9 0.6408431554579941 0.7514216914745735 0.03908234736759475 0.04640363855894449
9 0.37857876843468546 0.7594314536152744 0.032750501814098595 0.04387803213245363
8 0.2991913687975052 0.7485190341775176 0.044288202539737934 0.061383780878812286
3 0.7033555683420183 0.6633055775262353 0.0397817518140986 0.04408262061225567
0 0.6339780857652134 0.6792739068348375 0.044151793283910834 0.057477530878812466
11 0.5723684631698751 0.6743530746232415 0.03720238883740699 0.05961669239901042
9 0.7017509175237115 0.5748879352063673 0.04005457032575279 0.05189512061225585
3 0.6354984349469067 0.5909471927282148 0.03684772477225664 0.049460442399010415
2 0.38708821679807215 0.5829371497752085 0.03507689364673059 0.06579849623907634
3 0.31822908939341044 0.5840617290838105 0.036847724772256465 0.04946044239901024
3 0.25252224383991423 0.5844959866056578 0.03762897477225646 0.049483174452321775
7 0.5713218622589012 0.4803757540901281 0.04880457694917482 0.10131845909205772
3 0.38612840672393844 0.4984484895086517 0.03146082032575279 0.05164506802583091
6 0.3287251344914198 0.4850475675636126 0.038420148456054015 0.07213942445232177
5 0.6888838736916466 0.4282713479802065 0.04288939364673059 0.06602581677218974
6 0.6286284199707823 0.40696699782192197 0.04087302586071573 0.07533262061225568
9 0.5155827829474738 0.41931858214508894 0.028417665879248943 0.053897889812585476
5 0.39028268258465404 0.42427520361527443 0.035131457349061354 0.06736099623907635
2 0.32568446924514294 0.41535719319043307 0.044151793283910834 0.057477530878812286
8 0.6984523358500315 0.35581968646000856 0.047576893646730414 0.06616220909205772
3 0.6254513454686783 0.34118287344874254 0.03156994773041451 0.05477006802583091
1 0.5188293232361596 0.32634983214508895 0.04438989546082901 0.10899456677218974
3 0.4532489632546931 0.34555682172024765 0.028444947730414505 0.05467913981258556
9 0.62981395245492 0.28343856960867664 0.03156994773041451 0.05477006802583091
0 0.5789880624363865 0.2608445040901281 0.03575893992586625 0.08532974623907634
9 0.5157514524549199 0.28011968982522084 0.028444947730414505 0.05467913981258556
3 0.44848210690142365 0.2805084832404455 0.028608638837406986 0.05936663981258565
9 0.2758804206037545 0.27392219945863927 0.03725695253973793 0.06117919239901033
9 0.5692881694226282 0.20269102329045802 0.02866320253973793 0.06092913981258556
11 0.45603420127379357 0.19861362556031362 0.03001737141421188 0.07735812186589693
4 0.4002479927436059 0.1836956677218971 0.046924618418987055 0.11453151293212374
10 0.3375843016366133 0.18656460345698983 0.05708086841898705 0.11482702962517113