3 0.610598075429632 0.719888949265356 0.03174998667249973 0.043514220779006865
7 0.46981853409449564 0.7041530807598255 0.04389599801081765 0.0804375223211343
6 0.41534921009704096 0.7219485068965635 0.03812725600731781 0.0545608149348082
9 0.602421401416269 0.6213287183400795 0.03174998667249973 0.043514220779006865
9 0.5322998054184961 0.6365076590873142 0.02784373667249973 0.04344603693163087
2 0.40001401674885984 0.6123280450460105 0.03671020667568144 0.06703354139585774
3 0.2846708274188142 0.6345285531636854 0.03650112133990877 0.04906479139585791
8 0.7280475627386785 0.543069124995057 0.04752952800763595 0.05706820616851012
3 0.538185631405133 0.5381928900125909 0.027961915340545217 0.05360228693163087
5 0.7083794053946335 0.463835592527653 0.04135225334181776 0.06320911201270878
0 0.6590515673933608 0.4536014760507173 0.03911759134309047 0.07254320170428344
9 0.5302998587284972 0.46463265908731427 0.027934643340226904 0.05125853693163087
3 0.47005270206077 0.45577012783772614 0.027189756007317812 0.054369900162155815
3 0.4147203120623608 0.4665206672049891 0.027961915340545217 0.05360228693163087
9 0.34291803739654253 0.4715160844132734 0.033467028007636034 0.056822744317957155
5 0.2818078147278608 0.45560866639421016 0.04372327534213598 0.06559377232113431
3 0.5918998827179976 0.3883798506453279 0.027971006007317813 0.05438353693163096
2 0.4700339733847704 0.38703376460720135 0.030551113343408785 0.07473694724005649
10 0.3512203387173613 0.3794922256469755 0.04807496801399935 0.1039432061685102
4 0.5908271840388164 0.2961923506453278 0.043414740014317485 0.10620513555165925
11 0.53169763204168 0.3162497061652149 0.030514750676317703 0.0716119472400564
3 0.40351808804104355 0.309325775971287 0.027998278007635945 0.05672728693163096
9 0.640999359365044 0.2447349906612139 0.027244300007954258 0.05905740016215581
0 0.5744385680299077 0.23029461525582443 0.030678382678226868 0.08567444724005649
9 0.4051800380330894 0.25077293627971253 0.028043731341499623 0.06063353693163096
9 0.35445333203372575 0.2545740462638265 0.027971006007317813 0.05438353693163096
8 0.2971584526973167 0.2309223120921391 0.041515885343726744 0.07727161201270887
1 0.6953045040181355 0.14570320129395095 0.05226302868395365 0.12823014001588606
9 0.6284897213558172 0.17656168911908632 0.027217028007635945 0.05671365016215577
11 0.5230664246896808 0.17862697523993837 0.03055111334340861 0.07473694724005644
3 0.46371869668999893 0.17993433075982546 0.024918731341499623 0.060578989853730246
6 0.29477779268777177 0.16058253855318877 0.03927213267822678 0.08582445170428335