3 0.6395205184289073 0.6918485868969564 0.033501896766068205 0.04387803213245363
7 0.49819947761030453 0.6826591064929977 0.04714499491161739 0.08093776293212365
6 0.4444946234718614 0.7030003502247916 0.0403251068519765 0.054997388558944316
9 0.627330377655733 0.5936156753767585 0.033501896766068205 0.04387803213245363
9 0.5578776927845954 0.6120678101747792 0.029595646766068028 0.04376437186589684
2 0.42470002261277884 0.5940345271843956 0.03941770409301455 0.0674519244523216
3 0.31034427351729 0.6216176210744742 0.03847600180902226 0.049483174452321775
8 0.7496756891665507 0.5094643327403213 0.049822937584671226 0.05761392319868044
3 0.5597500520114209 0.513425721694977 0.03012791327441171 0.053920621865896835
5 0.7267903878324983 0.4311036520197935 0.04390048620519007 0.06368206677218975
0 0.6770803149017197 0.4231607713784079 0.04204805913596861 0.07298887061225567
9 0.5488701057203227 0.44019281017477924 0.030005082541716986 0.05157687186589684
3 0.4883044199446739 0.4341306782797524 0.0293876068519765 0.05467913981258547
3 0.4334498236081471 0.44746340406485763 0.030127913274411534 0.053920621865896835
9 0.36190237222866606 0.4558047529695009 0.03576043758467105 0.05720474623907634
5 0.3001869442549334 0.4427341031277855 0.046367066937884706 0.06609401293212365
3 0.6073166915413999 0.3610304959098719 0.0301688568519765 0.05470187186589692
2 0.4854826351189649 0.365357946226441 0.033577139868663154 0.07508256802583091
10 0.36644603007601073 0.36334446832976475 0.05227955223856364 0.10448892319868044
4 0.6024853493887445 0.2688429959098719 0.047714882971258275 0.10669628087881237
11 0.5442158259829963 0.29166438196153377 0.03341336555840364 0.0719575680258309
3 0.415845164517607 0.29070493870459363 0.030291687584671222 0.05704562186589692
9 0.6505233796918979 0.21502166244463475 0.02963326831736559 0.05936663981258565
0 0.583421088873295 0.2036726369760987 0.034150349954571446 0.08602006802583091
9 0.41511814620024123 0.2320429925446596 0.030496405472495526 0.06095187186589692
9 0.3645825576656305 0.23820807600989674 0.0301688568519765 0.05470187186589692
8 0.30636394391624916 0.21721126590162462 0.04463747060135788 0.07774456677218974
1 0.7007513517635937 0.11340768665952958 0.05745505314307486 0.12882133346523714
9 0.6352425384437537 0.14739389324430485 0.029510437584671045 0.05702288981258556
11 0.5299785063315781 0.15436897044133585 0.033577139868663154 0.07508256802583091
3 0.47072633706427264 0.15844035649299776 0.027371405472495523 0.06086094365265158
6 0.3011165219354103 0.1469442300082473 0.04274409995457144 0.08627012061225567