3 0.6147259366834543 0.702366095918231 0.03200002232113448 0.043332376670908876
7 0.47386911160237644 0.690721165937321 0.044359700486467445 0.08018748667249972
6 0.4195088940697806 0.7101075126114116 0.03844093709378669 0.05434260200509069
9 0.6059764537295829 0.6040104119191856 0.03200002232113448 0.043332376670909056
9 0.5359503258885615 0.6212348219287305 0.02809377232113448 0.04328692333704538
2 0.4035372463432568 0.6008961446133206 0.03709662540538936 0.06682442067154533
3 0.28833498619698705 0.6264603132956836 0.036782979707460584 0.04885567067154532
8 0.7311343664736405 0.5220689739020046 0.04785684740221221 0.056795440006363405
3 0.54126334293469 0.5227155059277762 0.028271050324311632 0.05344317333704538
5 0.7110070527566482 0.44338089990454976 0.041715941558013545 0.0629727146721816
0 0.6616246615229462 0.4345786119112313 0.039535832791715644 0.07232044267186347
9 0.5329502366040242 0.44935982192873053 0.028230140015886106 0.05109942333704538
3 0.47265761890927244 0.44224730327023015 0.027503437093786685 0.05421533267027243
3 0.41739342045139993 0.4546114906110935 0.028271050324311632 0.05344317333704538
9 0.3456275146072013 0.46169783195418396 0.03379434740221221 0.05663180800445424
5 0.28443091598717307 0.4475631539624563 0.04410060186643907 0.06534373667249974
3 0.5941001964259822 0.37128881858691276 0.028284687093786686 0.05422442333704529
2 0.47223883319545745 0.37348821260345744 0.030982993100141167 0.07456419533736351
10 0.35339337580913127 0.36940124395291124 0.04867505357072242 0.10367044000636341
4 0.5924910576279123 0.2791013185869128 0.04402846387914785 0.10595964600572705
11 0.5334842504037418 0.30088595926163964 0.03092844602224041 0.07143919533736343
3 0.40527742978689074 0.29768932861236613 0.02832559740221221 0.056568173337045294
9 0.6423586440730757 0.22616667524668582 0.027585257710637735 0.05890283267027252
0 0.575720568991998 0.2136581319223672 0.03117390787279355 0.08550169533736343
9 0.406598422076253 0.23906830661204798 0.028393781249588024 0.060474423337045204
9 0.3558989926931041 0.24434669995227493 0.028284687093786686 0.05422442333704529
8 0.29847227637832413 0.22235406862668367 0.04196140340856669 0.07703521467218159
1 0.6960818875802541 0.12552123790582254 0.05300404342445262 0.12793464334022694
9 0.629453495128736 0.15833428524827664 0.02754434740221221 0.05655908267027256
11 0.5240529289761119 0.16346777526259418 0.030982993100141167 0.07456419533736347
3 0.4647188392845374 0.16650241593732107 0.025268781249588024 0.060438060669954385
6 0.2956824671255588 0.1520597499602291 0.03976765787279355 0.08560169267186338