2 0.35895586738005736 0.7058725300350674 0.04453726167848249 0.054656272321134305
9 0.5496717955933027 0.6994201582831259 0.031096887305303154 0.0489556972400564
10 0.6296548122863502 0.6878729577966586 0.060662366851332014 0.07211650771063774
5 0.35906717913768216 0.6215384403434928 0.03998615399835055 0.05926195170428343
11 0.4938058919906636 0.6066929159937636 0.03451740399835046 0.059166494317957154
3 0.5609251958307296 0.6078639038188991 0.028753137305303156 0.04891478693163087
3 0.6219308919906636 0.6044564857998358 0.036565637305303156 0.049051154626382674
9 0.6906808919906636 0.6032564500860208 0.03875026293212365 0.0436233149348082
1 0.2953660434817317 0.5297288157488824 0.05350909639736088 0.09463639001588611
9 0.42776936652212755 0.5414730649381034 0.028662209092057724 0.04578978693163087
9 0.48808474089530696 0.5349542836885153 0.028912261678482487 0.05438353693163087
3 0.6200250626820616 0.5357746696472117 0.03272758346523723 0.051326720779006865
9 0.6826614550019297 0.5299962280891981 0.03272758346523723 0.051326720779006865
3 0.30871314113273385 0.44672540097623 0.03438101167848249 0.05447899431795715
3 0.37732674881286576 0.45021286526241494 0.03281851167848249 0.05445172077900686
11 0.49980114238637513 0.45432189245481336 0.03318222453146404 0.06695172077900687
9 0.6211449449727998 0.443614443186162 0.03435827962517113 0.05369774431795715
0 0.6177448118241318 0.3726161505724882 0.03825616943775678 0.08031479139585773
4 0.751884131103604 0.3515342629922341 0.06697220282385156 0.10111821509696392
9 0.31885032224897303 0.3130225568204286 0.03288670783841656 0.056795470779006776
5 0.44012592867546374 0.30465885755177724 0.029435098904643197 0.07235228693163095
8 0.5043702851019545 0.2972906424548133 0.03340954506457727 0.07476422077900677
3 0.6797423581423503 0.30828486932290006 0.03438101167848249 0.05447899431795715
9 0.7423560184089071 0.30328767776488647 0.037687868104973175 0.06078354139585782
2 0.33203829552679576 0.23548789204777623 0.04059991943775678 0.08035570170428334
0 0.49699570579335245 0.22870428368851536 0.029821543810936112 0.08563353693163096
7 0.5669134006996452 0.21420936120522524 0.04414846826325771 0.12180286201270878
6 0.6167315442731546 0.21958660795881438 0.03386418613080409 0.09038922077900687
3 0.329101163631769 0.17541346266462723 0.03143786810497318 0.06067444724005648
6 0.44920071496455255 0.15379578693492624 0.02988973997087001 0.08797728693163095
8 0.5054279829112411 0.15359518953271398 0.03200616943775678 0.08020569724005648
3 0.6672687533652123 0.17341499148187864 0.02916231426490725 0.06297728693163096