0 0.3135988078815171 0.7182901794271872 0.05040179328391083 0.057377395326597205
6 0.3731647808396751 0.7223769609623261 0.04727679328391084 0.057304660144236054
5 0.44094255788151704 0.7153262207459719 0.040245543283910834 0.05714100598392378
3 0.6473835308396751 0.7159944487101384 0.0343130018140986 0.04373246941479181
5 0.7178051582443368 0.7174829071070133 0.0448511977304145 0.05490635875746541
9 0.3176017724021546 0.6314077752668747 0.04005457032575279 0.051672255983923776
3 0.3777580224021546 0.6300076230064233 0.03458582032575279 0.05154496941479163
3 0.5126687357416657 0.6198305763693052 0.03146082032575279 0.05147223423243066
11 0.6452729046161397 0.6331637649145481 0.040381952539737934 0.06104725598392378
9 0.7117610001696361 0.6339618922893744 0.03771082032575279 0.05161770459715278
9 0.7772768727649744 0.6293094534597911 0.04013641587924912 0.054016005983923775
9 0.4480853913692958 0.5392358462209371 0.033023320325752795 0.051508601823611146
3 0.6403274550716267 0.5363251325057287 0.0331324477304145 0.05463360182361114
8 0.32625254218760247 0.45371853315065946 0.040763898456054014 0.07198475598392359
2 0.5200025421876024 0.4492089518442704 0.03373264845605384 0.07182110182361115
9 0.5732912332945951 0.45265995374413154 0.029308043283910835 0.05688643284565984
10 0.6427952014434297 0.45026034593659664 0.059042672502670965 0.10363479948690965
0 0.7778522477225653 0.4666639830950688 0.053373025860715725 0.07540069671336802
7 0.38943953375008195 0.35998541052548577 0.05516370435383653 0.10432513050895835
3 0.5119420163268869 0.37511748841340237 0.028526793283910834 0.05686824905006951
3 0.5711905307548572 0.39250370374413146 0.029308043283910835 0.05688643284565984
3 0.5128026226801563 0.3102010032310412 0.028526793283910834 0.05686824905006951
1 0.5667535126986898 0.28783438753972174 0.044689995823648763 0.1173518073706945
11 0.6265377404661712 0.29817116907486063 0.03766618030721922 0.07269327080156254
3 0.7479588726801563 0.3047276807583675 0.037901793283910835 0.05708645459715278
9 0.33630955534962836 0.22673780585208309 0.03335070253973793 0.06088360182361115
2 0.4497817783077863 0.22956990549149267 0.038420148456053835 0.07193020459715278
9 0.512390905712448 0.23124020184427038 0.02874504809323426 0.0631182490500695
4 0.393764902084251 0.14799390359163161 0.04937749582364877 0.11746091014423614
8 0.5650595487262065 0.17215483615295094 0.03782987141421188 0.07738077080156254
9 0.6235168894703793 0.16688480148368004 0.029608143646730412 0.06548018284565975
6 0.7413492302145521 0.160232798349548 0.04532491288402411 0.09082567496187499