2 0.19729695335257702 0.684857309912067 0.057173653998350546 0.05891645774732659
9 0.2657514366595296 0.69541353571157 0.03975883346523714 0.051003963797450605
9 0.46416620460621816 0.6973492613146816 0.032659387305303156 0.04861930718159222
3 0.5309899917532368 0.710240146755105 0.032659387305303156 0.048619307181592394
9 0.6051178135399914 0.713796938811387 0.03663383346523723 0.05098578307929138
8 0.27343956769662653 0.5923158067888089 0.05007420783841656 0.056531801131468204
9 0.4723628010035791 0.6036310775714602 0.028753137305303156 0.048596581283893416
9 0.5969990881505977 0.6168583062978297 0.028753137305303156 0.048596581283893416
5 0.6786666252976162 0.6298355501495095 0.04467365399835046 0.058843734874689524
7 0.21780098462710082 0.4904124183233233 0.072531881037097 0.103529520979043
3 0.2778292024946472 0.5220169423274283 0.038977583465237144 0.05099941861791084
6 0.34478102177411935 0.503653282588312 0.042693616851332016 0.07133009933607007
0 0.6040961858015997 0.5340730773750685 0.03943222453146404 0.06662441861791084
10 0.6815990601747791 0.5290543001495095 0.06913409639736087 0.09413634026088377
9 0.4887416219324039 0.44354300526455737 0.028912261678482487 0.05406533128389342
9 0.5385597655059132 0.4500838967551051 0.02810827962517113 0.05327953610435347
3 0.23747229011651944 0.3514408219141194 0.03991795783841656 0.0564727137974506
6 0.30502350296950087 0.339331707354543 0.04073631175762475 0.0845977137974506
3 0.49354043369002876 0.3591816408031767 0.02826740399835046 0.058748286104353474
4 0.6704211824363875 0.3492713513791735 0.060813131037097 0.10346134328594588
2 0.30824544286122874 0.2823095477136226 0.04425611685133202 0.07133918969514967
1 0.36685356472712566 0.2553021409995685 0.05494957594338974 0.11670623184962743
11 0.6077680697416905 0.3004611466569092 0.03809704506457727 0.07442782825883124
0 0.668492621074474 0.2812798754814745 0.04308006175762476 0.08461134933607006
11 0.25953280971256076 0.210920361043535 0.04285274122451135 0.07679884933607006
3 0.3222828622989855 0.20269022540671972 0.03300036810497318 0.06033805718159231
9 0.4400015597125607 0.21197029751723084 0.02826740399835046 0.058748286104353474
3 0.49232257765924936 0.21305607454639802 0.028312868104973177 0.060310786104353475
8 0.5524788276592494 0.21340605337096336 0.033568669437756785 0.0798693071815924
3 0.6769105263264659 0.2336645320973328 0.03300036810497318 0.060338057181592394
3 0.2661525342440247 0.1445413821207739 0.03313676042484133 0.06502555718159235
5 0.49526337272382676 0.13884186972593787 0.02966241943775678 0.07984658128389333