10 0.437499004976841 0.758179852179078 0.04698122060135788 0.07906514469597585
8 0.49716061001979506 0.7561693021226084 0.03888543758467122 0.058343121018452494
3 0.6387748999338869 0.7753882809347465 0.039751896766068204 0.04515287628012441
9 0.23575279850897735 0.6602296576383939 0.04053314676606821 0.04519837891096028
9 0.375719379241672 0.6660308785580245 0.03247166327441153 0.05485409997176518
5 0.44003086273332864 0.6799638469174062 0.038227018317365594 0.06064136838761662
11 0.49866223428462614 0.6677060415992646 0.03843173620519007 0.06454761838761662
0 0.6356299677762827 0.6858707546263874 0.04390048620519007 0.06486613680346806
5 0.2475744470840678 0.5692329313159173 0.04624423620519007 0.06500264469597586
2 0.31661105212702195 0.5677684128294787 0.03629270409301446 0.06831736049510884
3 0.38236220488598394 0.5841361364505323 0.03247166327441153 0.05485409997176518
3 0.5009484305757244 0.5941775363375927 0.0301688568519765 0.05549884207925739
2 0.5653384791962435 0.5916587520661386 0.03863645409301455 0.06845386838761662
9 0.6329796805757244 0.601867480948864 0.0340751068519765 0.05572635523343692
8 0.44229380484055536 0.5022105732398828 0.03966336555840364 0.07318687101845249
3 0.5179931676854257 0.5081868284309675 0.0301688568519765 0.05549884207925739
6 0.5777776034610744 0.5038325283744978 0.039949970601357875 0.0786556210184525
3 0.6408541355732501 0.5114244914722077 0.03576043758467105 0.05816111049510884
9 0.6977625548405555 0.5170899335232302 0.040447937584671044 0.05843412628012441
11 0.27221035617460787 0.41315723656347175 0.04669461555840364 0.07359639469597586
6 0.39124696121756203 0.4146048864505322 0.03957815637700666 0.08642261838761663
7 0.5119932304394389 0.338572278445085 0.048001488014212515 0.11339464206513998
9 0.573428697422752 0.36252498891195895 0.030496405472495526 0.06174884207925739
9 0.6878187460432711 0.3629183730140039 0.032635437584671044 0.05797909997176518
1 0.3476275152651479 0.2600392128153612 0.05281181874690706 0.11601140785015547
0 0.46843466022219377 0.2725608705949295 0.03415034995457163 0.08688534997176518
3 0.5217677001362856 0.2866380521226083 0.02963326831736577 0.06014083944842143
9 0.6313916836279422 0.30321017307047365 0.029715155472495525 0.061703339448421435
4 0.2895936872459868 0.1861320049793232 0.05922559305716657 0.11950042889684287
3 0.40645696065173514 0.21409665223554777 0.02827548620519007 0.06395608418674961
3 0.5299354042293001 0.22050481790762383 0.029715155472495525 0.061703339448421435
9 0.5777996941433917 0.2342634810194512 0.03041451831736559 0.060186342079257396