10 0.5183262098315895 0.7498553503411921 0.04742800782192056 0.07831334239534585
8 0.577382691415738 0.746805946196579 0.03921368942018653 0.05771434091247087
3 0.720207228247441 0.7635371428502686 0.04000264469597585 0.04449675790866543
9 0.30707092043963774 0.6555138068435326 0.040783894695975854 0.04452859140676253
9 0.44677816254713 0.6588682530029306 0.03278167889684287 0.05433467292769336
5 0.5122134467479971 0.6716666833449978 0.03856894731269449 0.06002625741437377
11 0.5691158941312786 0.6583973622041903 0.038796460466873836 0.06393250741437377
0 0.7072074283321456 0.6741563078692968 0.04426521046687384 0.06415534190105418
5 0.30877836263183456 0.5643940583264072 0.046608960466874017 0.06425084239534584
2 0.37720984421598314 0.5617266561589606 0.03668022362105354 0.06774325692008212
3 0.44434413630935793 0.5769325034972221 0.03278167889684287 0.05433467292769336
3 0.5632761468327016 0.5848961952079959 0.03048343152767874 0.05502042243340188
2 0.6269746257860142 0.581256542051966 0.039023973621053545 0.06783875741437377
9 0.6953073968327016 0.590276056386422 0.03438968152767874 0.05517958992388792
8 0.4948530995482421 0.49403643186212304 0.04007823940606912 0.07255809091247105
3 0.5707253548099139 0.4986867811775511 0.030483431527678916 0.0550204224334017
6 0.6296453285015546 0.4932936270329379 0.04039675782192056 0.07802684091247106
3 0.6931540916557344 0.4997783903788108 0.036088689420186525 0.05758700692008212
9 0.7503218495482422 0.5044459857399061 0.04077618942018653 0.05777800790866543
11 0.3160385838338137 0.40803131178644836 0.04710948940606911 0.07284459239534584
6 0.4344700654179622 0.40740125349722217 0.040070534130279965 0.08580750741437378
7 0.5460530365493542 0.3293319447137043 0.04864887357870131 0.11265650889724857
9 0.6097361049510883 0.35219112456148 0.03084745257436623 0.06127042243340188
9 0.7234345839044009 0.3505888152836706 0.03296368942018653 0.05745967292769345
1 0.3740800550357929 0.25373774262280724 0.0534728814712091 0.1151912598858317
0 0.49549232345164446 0.26414068482787256 0.034647286761115836 0.08636592292769345
3 0.5500356102833474 0.27727469619657913 0.029975197312694313 0.05967608893530461
9 0.6607833944842143 0.2919194694282837 0.03006620257436623 0.06123858893530461
4 0.3082660682605597 0.1809103962731288 0.059904891994552754 0.1185709278706093
3 0.42746338929312966 0.2068110044858053 0.028640210466874018 0.06351867193911023
3 0.5508553866622938 0.21105944718516226 0.03006620257436623 0.06123858893530469
9 0.5999299234939967 0.22397062406718843 0.030756447312694314 0.05970792243340188