9 0.6022270887604384 0.7297117492070304 0.03294147477225664 0.050075243102595125
7 0.46435506652791975 0.7107459859780475 0.045833344372369925 0.08428314676606821
3 0.27957083876043826 0.7128020516727368 0.0374380018140986 0.04485215456798421
9 0.200374412081416 0.6945633067611194 0.04387897477225646 0.05064845318850324
11 0.674677496835139 0.6497619776103045 0.047358638837406986 0.06096847749876275
2 0.5455529920258156 0.6492562873120999 0.040245543283910834 0.05825623530067894
6 0.47974694275145513 0.6285885832190855 0.03507689364673041 0.06656338025772471
6 0.4086804746026205 0.6240814676606818 0.03720238883740716 0.060436210990419424
3 0.34456341090028964 0.6222865943003619 0.03450397477225655 0.050157130257724704
3 0.21471221979329708 0.6201774604245925 0.03997272477225655 0.05044373530067894
3 0.5453744319516819 0.5647175130018404 0.03146082032575279 0.05233710594746519
3 0.4128347504633362 0.5499446048158114 0.02911707032575279 0.052214275214770824
9 0.231830287123825 0.5334144448207603 0.04005457032575279 0.052787485300678935
10 0.6810788081752173 0.4888654211878693 0.06591023139567849 0.10093173620519007
8 0.5440425996450295 0.4683781015364511 0.03763889845605384 0.07293621099041943
5 0.364781685579879 0.4691582722740947 0.03968254809323426 0.06446529172311415
8 0.2997023226031875 0.450094011758645 0.04536955290255769 0.0710018967660682
4 0.5481968755057451 0.3942412386915809 0.04411707694917481 0.10212906603337357
3 0.48819439292894035 0.40909827679665034 0.028444947730414505 0.055298331637205676
2 0.3741145347615723 0.38120457089461357 0.037666180307219396 0.07371746099041943
9 0.24585312550574515 0.3783960741739739 0.037901793283910835 0.058133404567984215
3 0.5481720828548065 0.3277121579588863 0.028608638837406986 0.059985831637205764
5 0.49375740136646085 0.317033607529345 0.03373264845605384 0.07273149310259504
9 0.44278517840830284 0.31984102498762806 0.028444947730414505 0.055298331637205766
3 0.32271821506879167 0.30650446404263715 0.03329613883740708 0.060231493102595034
1 0.2622717883897694 0.28924836499257683 0.05551836841898705 0.11598352611928178
0 0.5015178268643568 0.2516952125722991 0.03266122177703164 0.08671210594746528
9 0.3247916357573642 0.24712946404263714 0.03335070253973793 0.061793993102595035
0 0.6793724975529292 0.2015325175243962 0.04141866288402411 0.09184998530067894
11 0.6199429338505984 0.19998330562946562 0.03540427586071573 0.07593838025772479
9 0.498040651999433 0.19437735752934499 0.02718254809323426 0.063810194482076
9 0.2701339068087564 0.17617183288040122 0.03720238883740716 0.060436210990419424