11 0.7016706306869859 0.7630054600970411 0.04780230032431163 0.05367044000636341
3 0.4281922203785603 0.7621674767265881 0.03200002232113448 0.043332376670908876
6 0.3556996116122623 0.7519470447167249 0.04155230032431154 0.05359771467218159
2 0.22291438515121262 0.7488391313653622 0.04331935186643907 0.06533464600572714
9 0.6924786371798076 0.6628781907622229 0.036042640015886106 0.051190330004772557
0 0.5595161327155808 0.6699265274108601 0.03702844155801373 0.06291817067154533
8 0.4196314724071552 0.6706430480585428 0.04160684740221221 0.056722714672181596
3 0.36671102394928273 0.6583061327179976 0.03365797970746058 0.04881930800445424
5 0.6228712950526012 0.5768946900859051 0.03859094155801372 0.06293635200509069
3 0.3689650450526011 0.5739402233847704 0.03217730032431163 0.053488626670909055
1 0.22696845982525343 0.5613482220321349 0.0711676623370204 0.09455906934277233
9 0.6174219103117208 0.4861878740849507 0.028284687093786686 0.05422442333704538
3 0.49234008969486975 0.489420867401315 0.028284687093786686 0.05422442333704538
3 0.3651599809285718 0.4785640887173613 0.03219093709378669 0.05426987667090888
9 0.3054986087695933 0.49427944804263435 0.03687843709378669 0.054324420671545325
8 0.235486117698047 0.4762737880330894 0.04812958279171564 0.07242044000636341
5 0.6193759224865854 0.4190094647517234 0.03713753571381488 0.06916817067154515
9 0.561454328330784 0.4245867554105419 0.02754434740221221 0.05655908267027261
3 0.4358230827950109 0.4145294080601336 0.028366507710637735 0.0589119233370452
10 0.24097423295716675 0.38569424136695296 0.06889209618439622 0.0984380473424542
7 0.5577992686709816 0.32061687074313283 0.04416483157389948 0.11377214600572697
0 0.49817880682042864 0.3339884800684059 0.031160271103318492 0.08472044533736352
3 0.2575538068204286 0.33118855470240743 0.03698753124958811 0.06057442067154515
9 0.6219259983784422 0.2729157147517234 0.026050031249588025 0.06044715133672707
4 0.5660578279237469 0.25038618674408736 0.04416483157389965 0.11377214600572705
9 0.44166179992056975 0.2590970207272245 0.02754434740221221 0.05655908267027261
9 0.3853299793037187 0.2631299927195885 0.028393781249588114 0.060474423337045294
2 0.2698822573068959 0.25162832403722557 0.03967220048646727 0.08013294267186347
9 0.6160947840922572 0.20408389875076888 0.026090941558013548 0.06279090133672707
11 0.45130558117015784 0.1990407680617244 0.028639243100141164 0.07453692333704529
3 0.39665899147858336 0.1960606713876339 0.028393781249588024 0.060474423337045294
6 0.33977774594281024 0.18680330271322515 0.03675175202859489 0.09181533000477252