11 0.28515625 0.7546875 0.046875 0.053125
3 0.55859375 0.75703125 0.03125 0.04296875
6 0.63125 0.74765625 0.040625 0.053125
2 0.7640625 0.74609375 0.0421875 0.06484375
9 0.29609375 0.6546875 0.03515625 0.05078125
0 0.42890625 0.66328125 0.0359375 0.0625
8 0.56875 0.665625 0.040625 0.05625
3 0.621875 0.65390625 0.0328125 0.0484375
5 0.3671875 0.56953125 0.0375 0.0625
3 0.62109375 0.56953125 0.03125 0.053125
1 0.76328125 0.55859375 0.06953125 0.09375
9 0.37421875 0.47890625 0.02734375 0.05390625
3 0.49921875 0.48359375 0.02734375 0.05390625
3 0.6265625 0.47421875 0.03125 0.05390625
9 0.6859375 0.490625 0.0359375 0.05390625
8 0.75625 0.4734375 0.046875 0.071875
5 0.3734375 0.41171875 0.0359375 0.06875
9 0.43125 0.41796875 0.0265625 0.05625
3 0.55703125 0.409375 0.02734375 0.05859375
10 0.75234375 0.3828125 0.0671875 0.09765625
7 0.43671875 0.3140625 0.0421875 0.11328125
0 0.49609375 0.328125 0.0296875 0.084375
3 0.73671875 0.328125 0.0359375 0.06015625
9 0.3734375 0.265625 0.025 0.06015625
4 0.4296875 0.24375 0.0421875 0.11328125
9 0.55390625 0.25390625 0.0265625 0.05625
9 0.61015625 0.25859375 0.02734375 0.06015625
2 0.72578125 0.2484375 0.03828125 0.0796875
9 0.38046875 0.196875 0.025 0.0625
11 0.5453125 0.19375 0.02734375 0.07421875
3 0.6 0.19140625 0.02734375 0.06015625
6 0.65703125 0.1828125 0.03515625 0.09140625