3 0.7473736071558778 0.6783665142600939 0.04239832032575279 0.05243659190105419
8 0.6743354112395618 0.6703895295831331 0.044506457349061355 0.06812525889724856
5 0.5997992027093739 0.6867267954004639 0.03960070253973793 0.06168425790866543
11 0.46402539381636654 0.696953324069376 0.037983638837407165 0.06005809091247087
9 0.3146156708582085 0.6975647722059404 0.03779266587924912 0.05458934091247105
5 0.25613104826287025 0.70307728456323 0.05366320253973793 0.06225726087441501
9 0.5946900620578683 0.5852279623966583 0.03313244773041468 0.05517958992388792
9 0.5335715127835078 0.6049303087463368 0.03156994773041468 0.055115922927693364
3 0.3887947261230189 0.603788255894318 0.0370386977304145 0.055338757414373774
7 0.3219519665043721 0.5939941032325796 0.06981648139567849 0.1003620973382617
0 0.24420891242068804 0.6081149530422992 0.057951398456053925 0.07335392836490087
9 0.7162897543459873 0.5051664361992042 0.03935516587924912 0.05465300790866543
10 0.5821230854715133 0.4942037143738247 0.04899554990733286 0.1073150928896375
1 0.5241741762156862 0.4926531432330171 0.04438989546082901 0.10946784190105419
9 0.3275819184111378 0.5311757682516076 0.037983638837407074 0.06005809091247105
3 0.26149312694132554 0.5205685320917721 0.040245543283910834 0.05780984140676253
8 0.7115352777596322 0.4138238531953986 0.04798612141421188 0.07840884288963731
0 0.6410045229503087 0.41043886802414614 0.040282748818873594 0.08121550790866543
11 0.5763790277596322 0.4193310483662135 0.0353224303072194 0.07321200692008212
3 0.45898319663410614 0.44054415657889 0.029308043283910835 0.05736417243340188
6 0.2593279370154593 0.4361616985936749 0.049657748818873595 0.0815975098858317
3 0.3218800115175634 0.3678945182516077 0.03329613883740716 0.059867089923887826
9 0.6940699808475242 0.27214568916495374 0.03321429328391083 0.05752333992388783
6 0.631106189377712 0.2614111190127294 0.04055556733052797 0.08902800790866543
2 0.26538198565684773 0.2958722796203142 0.05102927586071564 0.07619242688202617
3 0.506540209796132 0.21172147821398912 0.02866320253973793 0.06123858893530461
9 0.3816220553496284 0.21915858790954043 0.03335070253973793 0.06142958992388783
9 0.3365550920101172 0.2280361807991778 0.03351439364673059 0.06611708992388783
3 0.27162949645662093 0.22833461114124504 0.03803820253973793 0.06162059091247105
4 0.6719345421027845 0.10875169262499482 0.05506450063297219 0.12472542737631773
2 0.4488070661494016 0.14913790657889 0.030126498818873592 0.08080167243340183
3 0.39450151206571754 0.1623037514456937 0.02874504809323426 0.06358233893530466