9 0.26622510137431005 0.7312698804847046 0.037011415879249124 0.05435268330244423
1 0.4662623069092729 0.7147892525318887 0.04602431733052796 0.0890005018140986
9 0.6692136921184829 0.7492535656860654 0.04005457032575279 0.05211806070710594
6 0.2633034872164922 0.6357391256753812 0.04927580290255769 0.0703869110699257
8 0.33625983757931194 0.629682587833766 0.040763898456053924 0.07243056070710593
9 0.4791740238769811 0.6362376665970393 0.03146082032575279 0.05181796034428636
8 0.7348064649839736 0.6404713319281342 0.05366320253973793 0.061956852176918174
3 0.4802305815888622 0.5611831028947084 0.029226197730414506 0.05486111479079003
3 0.5943749271423584 0.5628225031648609 0.03156994773041451 0.05494296034428636
2 0.29045380817521727 0.4630382356568477 0.04771330290255769 0.07033234736759475
11 0.35348952151472834 0.4722793156012474 0.03990080290255769 0.07005952885594055
5 0.41545380817521727 0.4674033318433162 0.03755705290255769 0.06997768330244422
11 0.6077231537287135 0.47177091723001147 0.038338302902557686 0.07000496515360961
9 0.2972965744172861 0.4014831767638404 0.03178820253973793 0.06119296034428636
6 0.41815471144059463 0.39005958184331624 0.03255209437236992 0.08306796034428618
3 0.4731051062684514 0.40684034327606156 0.028608638837406986 0.05952133293962465
9 0.5344245521847675 0.39803082766696496 0.02944445253973793 0.06111111479079003
2 0.6054364566312712 0.4028572261230189 0.04310764845605384 0.07251240626060226
10 0.7364508436545798 0.39178829526764536 0.07008929990733286 0.10778770734906136
3 0.3576462865756708 0.33084578375008195 0.031733638837407076 0.059630460344286186
0 0.4254612691524756 0.3152232729503088 0.03266122177703164 0.08619296034428628
4 0.5457192054501447 0.32098717802978466 0.04458086841898705 0.11469990626060227
3 0.6599900365756708 0.3414038601511026 0.031733638837407166 0.059630460344286186
3 0.7133605732361596 0.3362277760303517 0.03725695253973811 0.061383933302444224
9 0.3717931213293939 0.2617237615175634 0.027100702539737932 0.0610292692372937
5 0.4853199079898827 0.25864837993655043 0.03227927586071573 0.07525546034428628
9 0.5431596898410482 0.25988598692279213 0.02874504809323426 0.06342758293962455
0 0.6067137583527025 0.25428331686719174 0.035786221777031633 0.08630208774894799
9 0.7179687168828902 0.27146587158384794 0.03725695253973793 0.061383933302444224
3 0.384377456083117 0.19254717558271395 0.02866320253973793 0.06108383293962456
7 0.42398559310642553 0.17828626814098536 0.04655259618646852 0.12647321996293312
3 0.7113665420179665 0.21413452122102825 0.03491320253973793 0.061302087748947985