3 0.521714232219433 0.6734375 0.0340711631118273 0.0484375
2 0.31394723485026893 0.67265625 0.051713689420186525 0.05625
10 0.7378390321347285 0.584375 0.08215932359281872 0.09609375
3 0.59396022951801 0.6 0.03420767100433508 0.05078125
3 0.4504832453030255 0.5953125 0.03264517100433508 0.05078125
7 0.3269470347655644 0.58359375 0.05679530254613132 0.08984375
9 0.5297072846949772 0.509375 0.03278167889684287 0.053125
9 0.4657735873116957 0.49375 0.03282718152767892 0.05390625
3 0.3941338057416646 0.503125 0.03048343152767883 0.05390625
9 0.2651820531108287 0.50390625 0.03921368942018653 0.05625
2 0.7325585398860619 0.43359375 0.05087923151356133 0.06875
5 0.6648095977644523 0.41640625 0.04462923151356133 0.06875
5 0.4735020583019134 0.428125 0.036816731513561504 0.06875
11 0.5331038424321932 0.34375 0.03699874203690499 0.071875
3 0.47589058190884953 0.346875 0.029975197312694313 0.05859375
0 0.3493658792638962 0.3328125 0.04241428413027988 0.084375
8 0.295740350324701 0.34140625 0.046646757821920556 0.0765625
8 0.7247445818382623 0.27265625 0.05151626834526439 0.0796875
3 0.6013525844690982 0.271875 0.03310019731269431 0.05859375
0 0.5413328423616061 0.26953125 0.03478379465362362 0.0875
4 0.4870093634082934 0.26328125 0.044560613055357655 0.1078125
6 0.42042110288494977 0.26640625 0.03620978676111584 0.08515625
3 0.3552133318382623 0.27265625 0.03084745257436623 0.06015625
9 0.29850060025411385 0.2671875 0.034890210466874017 0.0625
11 0.7178568159826597 0.203125 0.04526626834526439 0.0796875
6 0.6624258633377063 0.1890625 0.04273280254613141 0.08984375
9 0.5379418028284799 0.20703125 0.028640210466873837 0.0625
9 0.48385354230513633 0.21015625 0.03006620257436623 0.06015625
3 0.3682285423051363 0.21015625 0.031120468359381714 0.06484375
9 0.7225057896037133 0.13671875 0.038796460466874017 0.0625
1 0.6019048632671191 0.11484375 0.045280949872943135 0.13359375
9 0.31891805801956463 0.13125 0.033464218359381806 0.06484375