3 0.45081739528759657 0.6478650214702104 0.032095479707460586 0.05025760523343692
2 0.6586162585181213 0.6349800716678545 0.04941934740221221 0.05907116311182729
10 0.23832530356742715 0.5710882317959101 0.07823982264544593 0.10055300782192056
3 0.3815667889569306 0.5783862503529358 0.032136390015886106 0.05260135523343692
3 0.5252349683400795 0.5653262662791257 0.030573890015886108 0.05251034997176518
7 0.649249166797952 0.5463725979762137 0.0531307284896446 0.09284692363517096
9 0.44951617369781083 0.4837115162085386 0.03061480032431163 0.05485409997176518
9 0.5140871883083074 0.46430979784915677 0.030628437093786688 0.05563534997176518
3 0.5853445795420095 0.46954405844308766 0.028284687093786686 0.05549884207925722
9 0.7142644663114847 0.4628173743551601 0.03691934740221221 0.058343121018452494
2 0.24975590705871933 0.41948793444086335 0.048075035713814974 0.07148015785015538
5 0.3182058981302656 0.398296202927302 0.041825035713814976 0.07111613680346807
5 0.5090354496723931 0.39891231100333646 0.034012535713814886 0.07066111049510884
11 0.4528751785690748 0.3177224951618512 0.03406708279171564 0.07378611049510883
3 0.5099609756469754 0.3175258031108287 0.027585257710637735 0.06014083944842143
0 0.6370592637964224 0.296046374284573 0.038972771103318316 0.08655912628012441
8 0.6903342682606493 0.3015459453877301 0.04352390340856651 0.07901964206513998
8 0.2641342325468343 0.25754937656247306 0.048265950486467354 0.08241765785015547
3 0.3875580957773591 0.24957871089039693 0.030710257710637734 0.06032284997176518
0 0.4476734354689336 0.2437312583160308 0.031214818181219073 0.08922909997176509
4 0.5022518413131323 0.2342960741575161 0.040163124187573375 0.11004212891096028
6 0.5687126383910329 0.23355335053646248 0.03273640787279355 0.08697635523343691
3 0.6336654825468344 0.23602663217708075 0.0283937812495882 0.06174884207925739
9 0.6906012751605081 0.22723619012605828 0.032340941558013724 0.06432010523343692
11 0.2738580600635442 0.1873810897307701 0.042015950486467356 0.08205363680346807
6 0.32986259821299113 0.17004240031058354 0.0390682284896446 0.09202787628012436
9 0.4536137439109201 0.18082173463850745 0.026090941558013548 0.06395608418674956
9 0.5075745409888207 0.18080705311082865 0.027612531249588023 0.061703339448421435
3 0.6231995409888207 0.17407266374711183 0.02847560186643907 0.06643634207925735
9 0.2719176846581547 0.12102034236160604 0.03624719155801355 0.06454761838761662
1 0.39341085511285 0.09204693195120181 0.03983188758025404 0.1357778762801244
9 0.6757284772718286 0.09202673221943306 0.03081935186643925 0.06657284997176513