11 0.6560498277257564 0.7135411945936176 0.04453726167848267 0.05615814676606821
8 0.5307770430860204 0.7163652221832375 0.03982702962517113 0.05513123530067894
10 0.401271399512511 0.7033185883074682 0.05388116943775678 0.08238977611928178
3 0.34079690076615227 0.7111034328349726 0.034062762932123736 0.0446883802577247
2 0.6562066035900038 0.627480863860923 0.040031618104973174 0.06216248530067894
0 0.46181174590987195 0.6125984130472689 0.03451740399835046 0.0603133802577247
3 0.3436611394833812 0.6126659328349726 0.03422188730530316 0.050157130257724704
7 0.728624824360544 0.531906092264197 0.06529604255729496 0.09936923620519007
9 0.64930939740094 0.5418332909301447 0.03435827962517131 0.0548446302577247
3 0.3973604524946472 0.5419307089542545 0.031165083465237053 0.05233710594746519
5 0.34823263070789257 0.5362262635676673 0.03998615399835055 0.060599985300678935
9 0.2775109537482884 0.5466038415868285 0.036406512932123734 0.044811210990419424
9 0.7148865847853854 0.46624347071289945 0.037506011678482484 0.055789654567984216
9 0.6563610309453194 0.4608289523955339 0.03435827962517131 0.0548446302577247
3 0.5270228719324039 0.4689170120973293 0.028131011678482486 0.055298331637205676
3 0.4644092116658472 0.4695477758921392 0.028108279625171307 0.05451708163720568
8 0.4145683360390266 0.46145863692798716 0.03704301042484133 0.06668621099041942
1 0.27823603094531946 0.44101226085413386 0.06113973997087019 0.09057076831736577
9 0.6491001119032741 0.3876813794647553 0.03435827962517113 0.05484463025772479
2 0.5304637721698308 0.37755170567489416 0.03715667069139794 0.07059246099041942
3 0.4686086298499627 0.37900466304726893 0.028912261678482487 0.055339275214770646
3 0.3443898798499627 0.37249463421445367 0.03281851167848249 0.055543993102594946
3 0.2909920952102266 0.3790854709400421 0.03281851167848249 0.055543993102595036
5 0.7013505851810968 0.31295801842890736 0.04425611685133202 0.07330470318850324
6 0.6469586018741442 0.299935717999366 0.03839256175762475 0.08625840456798431
6 0.47456076464798336 0.3088968809350933 0.03191524122451135 0.07811835594746527
9 0.6391293814993153 0.24631939506858752 0.03300036810497318 0.061793993102595035
11 0.5287912750728246 0.24679635063194003 0.0317788489046432 0.07343085594746528
0 0.353169149446004 0.23211529567984296 0.033727793810936116 0.08679399310259503
9 0.698070123977468 0.18368327623082345 0.03463106426490725 0.06421963025772479
4 0.5338401394168741 0.15395043136463463 0.03932457594338974 0.1182896545679843
9 0.47141669576422257 0.17493463873700946 0.025969118104973175 0.061425500904511175