3 0.766185694181377 0.7547889138443329 0.044378137305303156 0.048687484874689525
6 0.6272823185545564 0.7501292058024188 0.04460545783841656 0.056499984874689525
9 0.3395693698873399 0.7322751270526083 0.03399456677218975 0.040815897540672094
9 0.62380562905854 0.6548530672387373 0.03279577962517131 0.0533068071815924
2 0.5469619842313894 0.6381155400131784 0.03943222453146387 0.06662441861791066
9 0.41436243289860586 0.6584149253554061 0.028594012932123648 0.043127831283893414
8 0.35227160985821004 0.6447160397185907 0.04244356426490725 0.06273634933607006
9 0.2763994316449646 0.6482819221339522 0.03959970909205772 0.04553521379745078
3 0.7475590292959667 0.562742314410067 0.03982702962517113 0.053347713797450604
7 0.5636841344688163 0.5466274767814618 0.054176686130804085 0.09014373184962743
8 0.6801107680131956 0.4647138805686497 0.0380288489046432 0.07208407825883115
9 0.4914885372135256 0.47752801883774365 0.028980457838416386 0.056409081283893235
9 0.36742891158670493 0.4727819523845733 0.032727583465237145 0.05096305718159222
5 0.292769892386375 0.461499539620395 0.044119724531463955 0.06665168969514959
9 0.7500572066512823 0.3963496999486864 0.03991795783841656 0.0564727137974506
1 0.5490630079840658 0.377991106269957 0.04157739773014448 0.1135039637974506
5 0.43015388361088647 0.384150723560008 0.03331861685133184 0.0712755571815924
3 0.6788247158224824 0.3209956968254284 0.03451740399835046 0.05878464754067201
9 0.6243190722489731 0.315063859393215 0.03288670783841656 0.056431807181592394
2 0.5654980017158596 0.32321724785870065 0.03959134890464337 0.07209316861791085
4 0.5015635338483133 0.29234449776050486 0.040727951570210405 0.11115566861791085
3 0.4432281966221524 0.3106495910464507 0.02904865399835046 0.058752831283893324
3 0.31802360814235037 0.3184080697728201 0.03451740399835055 0.05878464754067192
3 0.7372115288337483 0.24723094389856212 0.03690661810497318 0.06036078307929138
0 0.6874388493668617 0.23970933538910993 0.04082723997087001 0.0877227137974506
11 0.6187797775801072 0.2369843111886131 0.03504024122451135 0.07675339754067201
11 0.5654956532069277 0.24276213339732014 0.034972045064577274 0.07440964754067192
3 0.4499388493668617 0.24109106996921179 0.029094118104973178 0.060315331283893235
0 0.38058945579335246 0.23524559094825478 0.03529029381093611 0.085347147540672
3 0.31850699294037105 0.24810466013189975 0.03306856426490725 0.0626818071815924
10 0.5018172496042886 0.14939847365820386 0.04414846826325771 0.12133009933607006
6 0.33268080469799577 0.16366148243880257 0.038551686130804175 0.09005282825883124