6 0.25 0.70078125 0.053125 0.06015625
9 0.51796875 0.7359375 0.03125 0.04296875
3 0.71796875 0.72578125 0.0375 0.0484375
9 0.2484375 0.6296875 0.040625 0.0484375
2 0.39140625 0.61953125 0.0375 0.06640625
3 0.45 0.640625 0.0296875 0.05078125
4 0.58046875 0.6390625 0.05078125 0.08515625
3 0.26640625 0.54453125 0.0375 0.05078125
6 0.32421875 0.528125 0.03828125 0.07109375
3 0.39453125 0.54296875 0.0296875 0.053125
0 0.453125 0.54296875 0.03125 0.07109375
7 0.515625 0.534375 0.040625 0.09765625
9 0.5828125 0.55625 0.03125 0.05078125
3 0.27734375 0.45390625 0.03515625 0.05625
11 0.39765625 0.465625 0.0359375 0.06640625
8 0.5875 0.4703125 0.0359375 0.06640625
10 0.2828125 0.359375 0.0609375 0.1078125
3 0.3453125 0.39140625 0.03125 0.05625
9 0.52265625 0.39140625 0.0265625 0.05625
11 0.64140625 0.3984375 0.0375 0.06640625
9 0.7078125 0.4125 0.0359375 0.05625
3 0.2828125 0.30703125 0.0328125 0.05625
9 0.3453125 0.31640625 0.03125 0.05625
5 0.4 0.31953125 0.03125 0.071875
8 0.46953125 0.315625 0.03515625 0.06875
0 0.578125 0.31875 0.03125 0.084375
9 0.6359375 0.3296875 0.0265625 0.05859375
1 0.4625 0.2390625 0.040625 0.11328125
2 0.52734375 0.24609375 0.03125 0.07421875
9 0.5828125 0.2609375 0.0265625 0.06015625
5 0.63984375 0.25625 0.03515625 0.07421875
3 0.634375 0.20078125 0.02734375 0.06015625