5 0.6741028943373755 0.636465449458917 0.04804154776646961 0.06096847749876275
11 0.6151452713018462 0.6473487177762827 0.044916547766469604 0.06080470318850324
0 0.5491028943373755 0.6430164218692973 0.038666547766469606 0.06047715456798421
3 0.4780626482663169 0.662326343850136 0.029454213606069857 0.04674552521477064
9 0.3533173593911874 0.6634085662605161 0.02970892473094038 0.05221427521477064
9 0.7398049770500332 0.5644399632537269 0.03830267473094047 0.05266465456798421
3 0.6775233008713508 0.563027949458917 0.03830267473094047 0.05266465456798421
5 0.48569967390688007 0.5652875695398765 0.03427014619489306 0.06648149310259495
11 0.4233452231210918 0.5654380557450667 0.03416098428423435 0.06413774310259512
8 0.3550682580672798 0.5588848405707757 0.04137417080199892 0.06841248530067894
6 0.7348328407799375 0.47040003618450543 0.05398333271265763 0.07141133254171698
3 0.6117399431373024 0.486203177862191 0.03376072394515202 0.05554399310259513
9 0.4814895169586199 0.4883532553155253 0.029854473945152192 0.055339275214770646
6 0.36288506617283167 0.4914516791053864 0.038467494623316514 0.07293621099041943
2 0.29918643920836097 0.4869965524657062 0.04989514619489306 0.06730036465389251
7 0.6133089052956302 0.38558570217245053 0.05632923676543378 0.10504602611928178
3 0.555877394956548 0.39716833333468643 0.0291823858558109 0.057642081637205855
0 0.36116420843878333 0.41126953414834055 0.03861304383752824 0.07606121099041943
3 0.7337883792407822 0.32549697196015426 0.04011988585581072 0.05821529172311406
9 0.5507939427230177 0.3389840191103352 0.030072797766469605 0.06002677521477064
10 0.38071903722249967 0.326075662597043 0.0469542367654336 0.10455470318850324
1 0.6169883310600278 0.23965572648271002 0.05345894789030403 0.11035100180902227
9 0.562499884203181 0.25498083333468646 0.029364322373575467 0.061548331637205765
8 0.4452396095960752 0.2626848699694178 0.03835833271265763 0.07059246099041942
3 0.32748918341739275 0.2641798501817141 0.03241654776646961 0.06014960594746528
4 0.6779665264691326 0.16865715174290918 0.058510320925833526 0.11840916327441153
9 0.6179729423087329 0.18505011363783974 0.0299636358558109 0.057683025214770645
3 0.5535829565767566 0.19543873699815956 0.029364322373575648 0.061548331637205765
3 0.4435358684874153 0.19886803143480708 0.027801822373575646 0.061466444482076055
2 0.38992071691583874 0.19544313828678353 0.03950345574818712 0.07844590456798431
9 0.6699571273787555 0.12309566825125255 0.032598484284234175 0.06405585594746528
9 0.5113997646823083 0.13062596449692238 0.027801822373575646 0.06146644448207601