3 0.24609375 0.7300768323846786 0.040625 0.043677862012708776
5 0.31484375 0.7414331180984935 0.04296875 0.0538750223211343
3 0.371875 0.7471161022701809 0.0328125 0.043541494317957154
5 0.51328125 0.7386468575451867 0.0359375 0.05140854139585791
8 0.7140625 0.7444952573003054 0.0484375 0.051626729707460586
1 0.45625 0.6290576233734992 0.0421875 0.08511138555165906
3 0.51640625 0.6480764046230874 0.02734375 0.04891478693163087
3 0.58046875 0.6648196197200512 0.03125 0.045857970779006864
2 0.7125 0.6647804837613551 0.05078125 0.059480140015886106
4 0.3140625 0.5382944813290182 0.0609375 0.08621991801906326
11 0.37890625 0.5652075831954575 0.0375 0.0592483149348082
11 0.4515625 0.5703820527566482 0.0328125 0.06307274431795715
6 0.709375 0.5608196866834543 0.04296875 0.05934377232113448
9 0.3296875 0.48622346671852174 0.03515625 0.049051154626382674
9 0.38359375 0.4863831538123085 0.03125 0.051326720779006865
7 0.6484375 0.47772476866439106 0.0515625 0.09230627678536116
3 0.27578125 0.38528252962473497 0.0375 0.05456081493480811
9 0.325 0.3955166461016707 0.0296875 0.05442444724005648
9 0.45390625 0.4016729630650738 0.02734375 0.05672728693163087
0 0.51015625 0.38859231046728604 0.0296875 0.07708069724005648
8 0.33671875 0.3090024476437983 0.04296875 0.06950002232113431
2 0.40078125 0.3257456627407622 0.0375 0.0748733149348082
9 0.69296875 0.33162706452447577 0.03515625 0.05373865462638268
3 0.28203125 0.24632912378053637 0.03515625 0.060769904626382674
3 0.453125 0.2516593262955986 0.0265625 0.05905740016215581
0 0.5125 0.2417582207757115 0.0296875 0.08567444724005649
9 0.56875 0.25680256817792374 0.0265625 0.056713650162155814
3 0.63984375 0.2619497642001642 0.0296875 0.059111947240056396
9 0.696875 0.26763274837185164 0.02734375 0.05907103693163087
6 0.34765625 0.16466211241645062 0.0375 0.0920608149348082
10 0.465625 0.1620337646072013 0.0375 0.11159206493480815
9 0.51953125 0.18563095170098803 0.025 0.060592626623205435