3 0.27989755500067076 0.7315091456109377 0.04262630169541106 0.04391430737069442
5 0.34912058994685885 0.7432655696228823 0.04544308664159917 0.054125108757465415
3 0.40637016376817636 0.7492804867009726 0.03481380169541097 0.04373246941479181
5 0.5472669915184355 0.7416342537028129 0.03830267473094047 0.05161770459715278
8 0.7481574034290942 0.7486512391695145 0.05080267473094047 0.05190864532659738
1 0.48517790632457836 0.6317130866247226 0.04611732878371626 0.08535692496187508
3 0.5461710643062957 0.651081988885174 0.029599762820281584 0.04907393284565984
3 0.6109613103773542 0.6681980601235769 0.033360463606069854 0.046039851823611144
2 0.7428833984666955 0.6689273715783339 0.05351029776646961 0.05977569671336802
4 0.3388786410230974 0.5401223858272919 0.06490371608726919 0.0865745860560418
11 0.40492317204034406 0.567412890861285 0.04022904776646961 0.05946657218833344
11 0.47776135855810864 0.5730102338511809 0.03572348428423418 0.06326371941479163
6 0.734918887094156 0.5649483863959729 0.04569779776646961 0.05959385875746541
9 0.3520656916850512 0.4881423117390975 0.03741226282028158 0.049255770801562446
9 0.40593555438149825 0.4886157436348267 0.03361517473094029 0.051508601823611146
7 0.6701607202210985 0.4814988003399311 0.055819814515692553 0.09260638050895835
3 0.2935018668302763 0.3868876298433683 0.04001072394515211 0.054779072188333354
9 0.3431572644729114 0.39740820896555584 0.03219822394515211 0.05459723423243057
9 0.4722454509906761 0.4043147852379517 0.029963635855810723 0.05688643284565984
0 0.5278404795267233 0.39156151852045185 0.033253455748186944 0.07725348423243047
8 0.3508370237785363 0.31096221589941 0.0461708327126578 0.06975010875746532
2 0.41562726984959486 0.32807828713781284 0.04095679383752824 0.07509157218833344
9 0.7078511571531478 0.33566027668857695 0.037630586641599 0.05394327080156254
3 0.293274926797855 0.2479706002080905 0.03795807237357547 0.060974520801562536
3 0.4644778387085138 0.2542966014423615 0.029291547766469604 0.059211999050069505
0 0.5233434164587727 0.24474106990722264 0.03365371608726928 0.08584723423243057
9 0.5802483879227255 0.26011280318972274 0.029182385855810723 0.05686824905006951
3 0.6515240744404901 0.26567377858843805 0.03241654776646961 0.059284734232430567
9 0.7087736482618077 0.27168869566652837 0.030072797766469605 0.05923018284565975
6 0.3550428726212445 0.16668553903767389 0.041757314515692735 0.09227907218833335
10 0.47279329879992693 0.16474379217180596 0.042666997104515755 0.11181032218833335
9 0.5277547806029619 0.18865472406753514 0.027801822373575646 0.060738131458888935