5 0.588333154679526 0.7060070187739576 0.038104187584671226 0.057477683302444224
9 0.5083590496365717 0.6977555199550839 0.033379066033373664 0.04171627404661713
9 0.4532997354122205 0.7036310085223385 0.033911332541716986 0.05187252404661713
8 0.37731376752439616 0.697078418959292 0.04155673620519007 0.06383681070710594
3 0.63757183683713 0.6188269665043721 0.03547383254171699 0.0519270877489479
2 0.37458051390635155 0.6002852645127883 0.04176145409301446 0.06774306070710594
9 0.31105028041469496 0.6082044027172232 0.03872166327441153 0.05437996515360979
3 0.7573720024863908 0.5239733126908405 0.0403251068519765 0.055215778855940555
3 0.6239829703742152 0.5232143661415524 0.03403416327441171 0.05421627404661713
3 0.5637448332190855 0.5195511636018144 0.0325126068519765 0.05494296034428636
0 0.6917259910664301 0.4320015782999372 0.04229372060135787 0.07789931070710594
1 0.5558737002478272 0.41400056804831814 0.04656181874690688 0.11469990626060227
7 0.49982841813565154 0.4159425247644073 0.048001488014212515 0.11241071996293321
4 0.36676693464399496 0.4214335782151191 0.060832358660998766 0.10428076143274545
10 0.4910841819304615 0.3532515518062493 0.04878273801421251 0.1124380018140985
9 0.37389335990419414 0.36397574228026974 0.03275826831736568 0.059630460344286186
2 0.30419833559393467 0.3584226575265467 0.04698122060135788 0.0780630018140986
11 0.7207064049066686 0.2856275753047123 0.04217088986866315 0.07555556070710594
3 0.6743227278374471 0.29336566423478655 0.034402655472495526 0.06124752404661713
3 0.6088648241739739 0.27938252058805607 0.032840155472495525 0.06119296034428627
3 0.5410598484842335 0.28013399953666385 0.02983798620519007 0.06342758293962455
9 0.48418905076822566 0.29608389255042217 0.0301688568519765 0.05486111479079003
9 0.42654032507848505 0.2971900355641805 0.030291687584671045 0.05720486479078994
0 0.2954164778374471 0.28013396641955407 0.04739065637700666 0.0858755018140986
5 0.6563329664174864 0.2030581227649743 0.041512470601357876 0.07787202885594055
6 0.47730056365852436 0.20928329699692588 0.03583568068726617 0.08859127404661712
3 0.4180041287873867 0.22358884445718794 0.03061923620519007 0.06345486479078995
11 0.7105014880142123 0.13554572975121598 0.04258032564431211 0.08336806070710594
9 0.6521910210308992 0.15378480906264347 0.03473020409301455 0.06749752404661713
9 0.47056920680654796 0.15524063774109875 0.02827548620519007 0.0633730192372937
8 0.41148413387576943 0.14381949890369167 0.03554907564431194 0.08312252404661713
6 0.3000110453411587 0.14460569418703545 0.04307164857509047 0.09274306070710599