0 0.3933057647543855 0.7227714421310366 0.03956917737631773 0.05099941861791084
9 0.5268040142600939 0.7258924178323439 0.03309634288963732 0.0454943071815924
9 0.5893040142600939 0.7262560321955286 0.03309634288963732 0.0454943071815924
5 0.19703028403175743 0.6302016261688456 0.0538545118629981 0.05654998184962743
2 0.2524990340317574 0.630524333916172 0.054013679353484 0.06045623184962743
6 0.3243422005336602 0.6317237404338344 0.04317167984777566 0.06273634933607006
9 0.4022271200013125 0.6188924632082754 0.029412927376317732 0.050940331283893414
3 0.538069119507021 0.6220270744482022 0.03175667737631773 0.0509539668225127
7 0.6001552840317574 0.6325469388113869 0.061840766805913994 0.08002838846548563
4 0.6721894515222434 0.6290588453290493 0.06740501730020547 0.08240395472226432
9 0.21062455182625456 0.545885713502863 0.04012759288963732 0.04553521379745078
11 0.26781496931674054 0.5423112616092691 0.04785917984777566 0.06276362041330899
3 0.4723433018262545 0.5474083486486989 0.029412927376317555 0.050940331283893414
3 0.5388450523205461 0.5454509389095827 0.03175667737631773 0.0509539668225127
1 0.21504940806176479 0.43729196350286303 0.06491668726214943 0.0980107740041051
3 0.28091448859411244 0.4509595537637468 0.0381021778706093 0.053334078258831144
5 0.4172830701150433 0.4603487101832133 0.03779843034206713 0.06504828307929138
11 0.46694748908840406 0.4496975564942213 0.03551834733826169 0.06659714754067192
3 0.3044686882135516 0.2948095477136226 0.03354201186299814 0.056431807181592394
3 0.3612771037268712 0.3006100958200286 0.03207501235728962 0.0587664668225127
10 0.4207621916735927 0.2790759842855143 0.0511725222431215 0.10574146077238851
2 0.47478118821355153 0.2958003968533009 0.03436968281352506 0.07674430718159239
9 0.5445525187458993 0.3094907130118837 0.029731262357289623 0.058752831283893324
8 0.4267376190499105 0.22831746018321333 0.034592517300205475 0.0822130571815924
6 0.4930629560080487 0.2115117552645573 0.03491085228117754 0.0900255571815923
0 0.5401462030422992 0.2258515112164856 0.03468801779449713 0.08455680718159239
9 0.6096774530422993 0.22625603219552862 0.03370117935348418 0.060338057181592394
3 0.6556757025480076 0.22886794778837735 0.03370117935348418 0.060338057181592394
9 0.2537577168824637 0.15854479478675634 0.03754376235728962 0.05879828307929138
3 0.37038680136914404 0.15375327653818788 0.02989042984777566 0.06265908128389333
9 0.42931613239578326 0.16503621018321332 0.029204680342067135 0.06499828610435347
8 0.6657948018634355 0.15312760440423562 0.03928001730020547 0.08224032825883124