3 0.2390625 0.7078125 0.040625 0.0453125
9 0.3734375 0.7015625 0.03125 0.0484375
3 0.5078125 0.70546875 0.0296875 0.0453125
8 0.5765625 0.703125 0.0421875 0.05078125
4 0.2234375 0.60546875 0.071875 0.08203125
1 0.36875 0.61171875 0.0453125 0.084375
2 0.49375 0.60859375 0.03515625 0.05859375
9 0.565625 0.615625 0.0296875 0.053125
8 0.6234375 0.59375 0.0359375 0.0625
9 0.69140625 0.60546875 0.0359375 0.053125
9 0.24765625 0.54453125 0.03828125 0.0453125
7 0.43515625 0.52578125 0.0484375 0.08984375
5 0.49375 0.521875 0.03125 0.0625
6 0.62890625 0.5234375 0.0359375 0.06640625
3 0.24921875 0.4625 0.0375 0.05390625
9 0.36640625 0.46171875 0.03125 0.053125
3 0.615625 0.4359375 0.0296875 0.05390625
5 0.68046875 0.425 0.03828125 0.06640625
9 0.3109375 0.38359375 0.03125 0.05078125
2 0.365625 0.37109375 0.03828125 0.07421875
0 0.55859375 0.3546875 0.03125 0.0796875
9 0.6078125 0.3609375 0.02734375 0.05859375
0 0.24921875 0.30078125 0.046875 0.08203125
3 0.31328125 0.309375 0.03515625 0.05625
11 0.60390625 0.29453125 0.03515625 0.07421875
3 0.66484375 0.28671875 0.03125 0.05859375
3 0.3109375 0.2359375 0.03125 0.05859375
9 0.55078125 0.22734375 0.025 0.06015625
11 0.66015625 0.2203125 0.0359375 0.07421875
10 0.43125 0.13984375 0.0359375 0.11640625
6 0.6046875 0.1484375 0.03125 0.08984375
3 0.65546875 0.1515625 0.02734375 0.0625