10 0.2929433645539647 0.7314811636596178 0.07262417080199893 0.06802460780753475
0 0.4357130614108115 0.7406717128621871 0.039974336641599176 0.05399782218833345
2 0.6288080899468589 0.7220996315557981 0.03806723428423435 0.06331827080156245
9 0.7594951637681764 0.7237504376922216 0.042480752481199244 0.040789307370694416
9 0.29480977150222476 0.6540101270904859 0.04064642473094038 0.051672255983923776
4 0.5656659270027428 0.625807166225069 0.04689857878371626 0.08537510875746523
1 0.6240242365560367 0.6361803153513884 0.04642554383752824 0.07521885875746541
3 0.7477528349844601 0.6395572756481244 0.038193512820281585 0.04927395459715278
3 0.297110672040344 0.5522839729301733 0.03986517473094038 0.05165407218833344
5 0.5617553688971909 0.5586378500206592 0.03405182237357547 0.06088360182361115
3 0.613516922040344 0.5449195357161105 0.032052674730940464 0.05147223423243048
9 0.6813765101296851 0.5409937954997563 0.03532322394515219 0.05466996941479163
6 0.7475473196829792 0.5511851066701731 0.0461708327126578 0.06975010875746541
3 0.30206569168505115 0.47395895117868037 0.038411836641599174 0.05396145459715278
9 0.5553726282028159 0.4719736514074301 0.02892767473094047 0.051399499050069505
7 0.6199787837033337 0.4485712125778467 0.05324062406898662 0.1042523953265972
9 0.6755031916850511 0.4652670968865273 0.03528683664159917 0.05388871941479181
8 0.734169716292157 0.4654658122172563 0.051239322373575646 0.06128364532659738
2 0.29786403515107585 0.4005396349742706 0.04617083271265772 0.06975010875746523
9 0.3589470843652876 0.4022462989182289 0.03361517473094029 0.051508601823611146
3 0.54935376054397 0.3931219527942009 0.0299636358558109 0.05688643284565975
8 0.6715562462759463 0.39731653068211753 0.04393624462331651 0.07203930737069442
9 0.7237908343652876 0.39375446637756883 0.0377761358558109 0.057068270801562446
9 0.41880792783131227 0.3273359114754163 0.029818086641599174 0.05376143284565975
0 0.6594864317602538 0.30609211863802027 0.038867754962398846 0.08050577080156254
6 0.3039769863511489 0.24632426044923586 0.04470037799792799 0.08844555737069441
11 0.41802236972576046 0.2600938600886455 0.03616013192686936 0.07263871941479172
5 0.5313036197257605 0.2574572097280551 0.030691381926869356 0.07251143284565975
3 0.588007383993784 0.24909854264996484 0.029291547766469604 0.059211999050069505
3 0.6536323839937841 0.2475711038203814 0.030072797766469605 0.05923018284565966
11 0.5966332131917851 0.1824195357161106 0.03470679383752824 0.07494610182361114
3 0.640492375102444 0.18374499316305504 0.030145572373575645 0.06079268284565975