3 0.278125 0.73046875 0.0375 0.04296875
7 0.3265625 0.73046875 0.0609375 0.06640625
9 0.4078125 0.73359375 0.03125 0.03984375
8 0.5421875 0.74765625 0.0359375 0.0484375
11 0.27578125 0.65546875 0.046875 0.05625
3 0.409375 0.6515625 0.0296875 0.04296875
3 0.46796875 0.65234375 0.02734375 0.0453125
3 0.5375 0.64765625 0.02734375 0.0453125
9 0.66015625 0.6421875 0.03125 0.04296875
3 0.73046875 0.65625 0.0375 0.04296875
6 0.3453125 0.55703125 0.040625 0.06640625
9 0.415625 0.56015625 0.02734375 0.0484375
9 0.59296875 0.56875 0.02734375 0.05078125
1 0.66328125 0.5484375 0.0578125 0.071875
9 0.7265625 0.5609375 0.03515625 0.05078125
5 0.340625 0.4703125 0.0375 0.06640625
6 0.47265625 0.47734375 0.0328125 0.06484375
4 0.7328125 0.4640625 0.0625 0.09140625
9 0.53515625 0.41015625 0.0265625 0.05078125
2 0.59921875 0.39375 0.03515625 0.07109375
0 0.65859375 0.4015625 0.03828125 0.071875
9 0.71015625 0.4 0.0359375 0.05078125
2 0.30234375 0.3296875 0.0328125 0.071875
3 0.35859375 0.32265625 0.0296875 0.05390625
11 0.53203125 0.32421875 0.0296875 0.07109375
3 0.36328125 0.26015625 0.0296875 0.05859375
0 0.421875 0.25234375 0.03125 0.08203125
9 0.65078125 0.2578125 0.02734375 0.05859375
8 0.35703125 0.18125 0.0359375 0.0796875
3 0.42109375 0.1890625 0.025 0.06015625
5 0.528125 0.18359375 0.02734375 0.07421875
10 0.59296875 0.16953125 0.046875 0.1078125