2 0.321875 0.6609375 0.0421875 0.0625
10 0.44921875 0.65234375 0.0421875 0.0875
8 0.52734375 0.653125 0.0359375 0.05625
9 0.58828125 0.65234375 0.02734375 0.05078125
0 0.65625 0.64765625 0.03828125 0.06484375
11 0.38984375 0.56171875 0.03515625 0.06640625
3 0.57890625 0.56953125 0.02734375 0.053125
3 0.63671875 0.56484375 0.0328125 0.053125
9 0.26953125 0.5015625 0.03515625 0.05078125
9 0.39609375 0.48515625 0.02734375 0.05625
9 0.58359375 0.490625 0.02734375 0.05390625
9 0.6390625 0.48515625 0.02734375 0.05625
6 0.26875 0.41484375 0.0421875 0.0796875
8 0.33046875 0.409375 0.040625 0.06875
5 0.3875 0.41640625 0.03515625 0.06875
7 0.5140625 0.40234375 0.03828125 0.1078125
2 0.6328125 0.40390625 0.03515625 0.0765625
3 0.3375 0.34453125 0.03125 0.05859375
3 0.39609375 0.3421875 0.02734375 0.05859375
3 0.453125 0.35 0.0265625 0.05625
11 0.56875 0.3296875 0.03125 0.071875
5 0.4453125 0.26953125 0.0296875 0.071875
3 0.5078125 0.2796875 0.025 0.05859375
4 0.275 0.18984375 0.05546875 0.115625
3 0.3921875 0.2203125 0.025 0.06015625
9 0.44296875 0.209375 0.025 0.05859375
9 0.6671875 0.2 0.03125 0.05859375
0 0.28125 0.134375 0.03828125 0.09140625
6 0.39296875 0.1359375 0.03125 0.09375
3 0.55546875 0.15 0.02421875 0.06015625
1 0.61171875 0.115625 0.0359375 0.125
9 0.665625 0.1421875 0.02734375 0.05859375