9 0.3893651928274814 0.7492829934473955 0.03531514469597585 0.04373246941479163
5 0.2578799743975124 0.7429810549021525 0.0481336631118273 0.049492160144236054
6 0.6637043111445108 0.6336709515599299 0.046381447312694314 0.05959385875746541
10 0.5974800716678544 0.6320915741851036 0.065715276237772 0.08344958605604162
0 0.46136056114451074 0.6383805546178121 0.038568947312694314 0.05941202080156245
9 0.39032001905113595 0.6525170962209371 0.03420767100433508 0.051508601823611146
9 0.25829647432692526 0.6688532238801039 0.0379774131118273 0.049255770801562446
3 0.6563006057981344 0.5464618922893745 0.03875866311182748 0.04927395459715278
5 0.592609832120611 0.554966029732187 0.041140210466874015 0.06337282218833344
9 0.46733681633559543 0.5625629370266315 0.03043792889684287 0.05376143284565984
9 0.3922003084430877 0.5666523314032983 0.03043792889684287 0.05376143284565984
9 0.2678982584572051 0.5843691211065621 0.03765889469597585 0.04378702080156245
8 0.4661299030825938 0.462726591186944 0.03681673151356133 0.06951371941479181
9 0.41075986362005495 0.4757182068782635 0.02965667889684287 0.05374324905006951
6 0.2793733557275472 0.48111683453743037 0.04697298151356133 0.06975010875746541
2 0.7204071503811706 0.38347027659805494 0.05483868942018653 0.05745013050895835
9 0.5901659135353503 0.3826007204616314 0.03043792889684287 0.05376143284565975
1 0.46383092668953 0.38164024534725655 0.04690436305535748 0.10875805737069441
2 0.40073939248866297 0.3932511989944788 0.03980522362105354 0.06724270459715279
7 0.3430101924745455 0.3797712336637497 0.057841863055357566 0.10901263050895835
11 0.6546904160955991 0.30620056820118 0.042421989406069116 0.07198475598392359
3 0.5971964345114505 0.30207741907486063 0.030619939420186527 0.05688643284565975
3 0.46783515820309135 0.3128902453472565 0.029838689420186526 0.05686824905006951
4 0.289892168726435 0.31391115074184006 0.062256347270342086 0.10443423328249998
11 0.7137916712866839 0.2291464525098605 0.04729149992941295 0.07521885875746533
8 0.6013371739175197 0.23098366907486056 0.04246749203690499 0.0727660059839236
0 0.5361672002258789 0.22469860790444401 0.034647286761115836 0.08584723423243057
3 0.35382513708581675 0.24766724848138857 0.030619939420186527 0.05688643284565975
3 0.29771935025411383 0.25989579796829837 0.036225197312694316 0.05935746941479172
3 0.5896254001694092 0.16415984498666616 0.03020271046687384 0.06311824905006946
3 0.4814033764918859 0.17370045877812457 0.028640210466873837 0.06308188145888893
3 0.3076018554451985 0.18398726139916638 0.03475370257436623 0.06088360182361115