9 0.3937965926069406 0.771991289587794 0.03506439676606821 0.04392349623907634
5 0.2622566655377191 0.7587745725781774 0.04785100180902226 0.049755959092057725
6 0.6674974434660232 0.6704133838735838 0.046039518317365594 0.059844012932123644
10 0.6012549677762827 0.6653561593421198 0.06523657564431193 0.08380435015828454
0 0.4651536934660232 0.6645257820659467 0.038227018317365594 0.05961669239901042
9 0.3941860962249852 0.674979897267926 0.033911332541716896 0.05169053213245363
9 0.2622400554063823 0.6844421623116208 0.037694751809022264 0.049460442399010415
3 0.6595831241532893 0.5825496710206023 0.03847600180902226 0.049483174452321775
5 0.5959333819552055 0.5877396247023838 0.04077548620519007 0.06359113855894431
9 0.4706877204898162 0.5887899961725693 0.030127913274411534 0.053920621865896835
9 0.39556488975712156 0.5889514690546805 0.030127913274411534 0.053920621865896835
9 0.2713494617833889 0.6002035546314888 0.037408146766068205 0.04399169239901042
8 0.4688972484181203 0.48858540769276726 0.0364155348257091 0.06970474623907634
9 0.41359559475464713 0.4987129139609734 0.029346663274411534 0.053897889812585656
6 0.2822227640219525 0.4972376790046681 0.046571784825709096 0.07000026293212365
2 0.7227459447092187 0.42242216475239625 0.05451043758467122 0.05775031551854841
9 0.592481912597043 0.41471966184940234 0.03012791327441171 0.053920621865896835
1 0.46612413048486745 0.4071308192129652 0.046275213703953 0.10899456677218974
2 0.40309186397652397 0.4154685049480579 0.03941770409301455 0.0674519244523216
7 0.34527604195025663 0.3989198509497074 0.057212713703952825 0.1093128155185484
11 0.6565687460432711 0.3414700299543756 0.04200711555840364 0.07220762061225568
3 0.5990428510862252 0.33431910800933634 0.030291687584671045 0.05704562186589692
3 0.46972716531057646 0.3383808192129652 0.029510437584671045 0.05702288981258565
4 0.29176593962083597 0.33007291105797953 0.06165455223856364 0.10476170783841657
11 0.715227773067064 0.2672800236861694 0.046858389868663156 0.07546901293212374
8 0.6027687166446289 0.26322535800933633 0.04204805913596861 0.07298887061225567
0 0.5375531524202778 0.25350336553118374 0.03415034995457163 0.08602006802583091
3 0.3553205065587207 0.26697952916295276 0.030291687584671045 0.05704562186589692
3 0.2992785464728124 0.27630305337784755 0.03588326831736577 0.05954849623907634
3 0.5906648643152084 0.19558321694310954 0.02983798620519007 0.06327288981258557
3 0.4824838721171244 0.19947744358614455 0.02827548620519007 0.06322742570596289
3 0.3087188234966054 0.20068092775102694 0.034402655472495436 0.06106553213245362