9 0.5752423781030862 0.7758557386507219 0.03331248667249973 0.04392349623907634
5 0.7071645401018135 0.7703224556603384 0.045876121339908774 0.049755959092057725
6 0.30600093475490503 0.6586836443649322 0.04365055000795417 0.059844012932123644
10 0.37237082208781414 0.6574908688963961 0.061892020011135876 0.08380435015828454
0 0.508344684754905 0.6645712461725694 0.03583805000795408 0.05961669239901042
9 0.5788026354232686 0.6791171309705899 0.031840893340227085 0.05169053213245363
9 0.7102071767584048 0.6962173659268952 0.03571987133990895 0.049460442399010415
3 0.3174827800763601 0.5715473572179135 0.03650112133990877 0.0494831744523216
5 0.38084584607731464 0.5804199035361322 0.03822725334181776 0.06359113855894431
9 0.5059003900779511 0.5887445320659467 0.027961915340545217 0.053920621865896835
9 0.5809276620782692 0.5932705591838353 0.027961915340545217 0.053920621865896835
9 0.7045378847469508 0.611705973607027 0.03565623667249973 0.04399169239901042
8 0.5117680347310425 0.4889491205457487 0.03361247867599957 0.06970474623907634
9 0.5665918947326333 0.5022591142775426 0.027180665340545217 0.053897889812585476
6 0.6978691667329515 0.5084218492338477 0.04376872867599957 0.07000026293212365
2 0.26091351205440655 0.4082373634861197 0.052217028007635946 0.05775031551854841
9 0.391336808720543 0.4081273663891135 0.027961915340545217 0.053920621865896835
1 0.5178538553866794 0.40790370902555073 0.04187951201463562 0.10899456677218974
2 0.5804720340547248 0.419878523290458 0.03671020667568144 0.0674519244523216
7 0.6388930613860431 0.40673967728880855 0.05281701201463562 0.1093128155185484
11 0.3303078547103616 0.33137699828414036 0.0391085006763177 0.07220762061225568
3 0.3880567200429526 0.32759042022917956 0.027998278007636036 0.05704562186589692
3 0.5170538767106798 0.33915370902555075 0.027217028007635945 0.05702288981258556
4 0.695142514043589 0.3412116171805364 0.057449968013999354 0.10476170783841657
11 0.2747385600334075 0.2540045045523465 0.043832363343408606 0.07546901293212374
8 0.3872294693666348 0.25649667022917955 0.03911759134309047 0.07298887061225567
0 0.4527635626989076 0.25059366270733213 0.030678382678226868 0.08602006802583091
3 0.634231738701453 0.27461749907556315 0.027998278007635945 0.05704562186589692
3 0.689827758036271 0.28716897486066834 0.03349430000795408 0.05954849623907634
3 0.40207267202418073 0.18976381129540637 0.027289753341817758 0.06327288981258557
3 0.5099669880251352 0.19993208465237136 0.025727253341817757 0.06322742570596289
3 0.683477213359317 0.21122860048748895 0.03194998134149962 0.06106553213245362