9 0.2703125 0.6889724929706867 0.0359375 0.050111315963434676
8 0.340625 0.6919476356509231 0.0421875 0.06212116439185813
3 0.4671875 0.6899591424753486 0.0296875 0.04982021753501122
2 0.528125 0.6691521827982202 0.0328125 0.06637201674922295
4 0.67109375 0.6632745562480343 0.05859375 0.08476029776646961
9 0.74140625 0.6795309489282706 0.0359375 0.044642565963434674
3 0.3328125 0.5938740086864523 0.0359375 0.052455065963434674
6 0.5921875 0.5755434239068801 0.0359375 0.06417381596343467
0 0.665625 0.5916542673729047 0.03828125 0.06428297787409357
3 0.3421875 0.5129686110438172 0.03125 0.054580492142117264
9 0.475 0.4997515194398193 0.02734375 0.054398555624352515
5 0.5328125 0.5079963589769025 0.0328125 0.06637201674922295
11 0.58984375 0.5022150858175388 0.0359375 0.061830065963434676
3 0.6671875 0.4931439927657989 0.03125 0.054580492142117264
6 0.27890625 0.4385722326316044 0.04296875 0.07387630169541097
0 0.353125 0.42495918879407624 0.03828125 0.07600172787409357
9 0.46328125 0.43467232899311326 0.02734375 0.05752355562435234
7 0.34765625 0.3369326499189468 0.05546875 0.11352099855225788
2 0.29453125 0.2784694865605459 0.03125 0.07567424214211718
3 0.3609375 0.28553281575854694 0.0296875 0.05763271753501122
1 0.475 0.25834526943981934 0.0375 0.12049659057054055
9 0.58984375 0.27877758581753886 0.0265625 0.05514341832079959
10 0.3015625 0.2093920008285695 0.05078125 0.11330267473094038
9 0.475 0.21303276943981936 0.0265625 0.057487168320799586
5 0.52578125 0.20051134470887896 0.02734375 0.07549230562435252
3 0.63671875 0.20237559760436313 0.02734375 0.06142980562435252
11 0.703125 0.18990767680236417 0.0359375 0.07589256596343472
9 0.36328125 0.15729865384788816 0.025 0.06132064371369372
3 0.42109375 0.14835599338497144 0.025 0.06366439371369373
8 0.48046875 0.14090305831494884 0.02734375 0.07783605562435252
9 0.525 0.1357039820124319 0.025 0.06132064371369372
3 0.6953125 0.13011529983789347 0.0296875 0.06153896753501131