3 0.7828235018575176 0.7731402868037056 0.04288101282028158 0.050329639784752446
9 0.7072413050006707 0.7571471056626246 0.03506851282028158 0.04996576674922295
1 0.5725024319651415 0.7430759894515208 0.050186244623316514 0.07327698821317571
9 0.49423188275092966 0.7363122590962279 0.032052674730940464 0.05216396753501122
5 0.4381638192686944 0.737598623240417 0.038848484284234173 0.06417381596343467
8 0.7744951174494489 0.6612759875894939 0.0460616708019991 0.06840755169541098
7 0.7048012016098486 0.6712823802697304 0.06266912799792798 0.0902290477664696
3 0.5575623285743193 0.6566290672017798 0.032161836641599176 0.05450771753501123
11 0.5023119023956368 0.6587330686495219 0.03806723428423435 0.06413742865988184
11 0.492185577540862 0.5584783575246514 0.03445208271265763 0.07020549214211727
0 0.368275042594674 0.5425729135632886 0.04162888192686944 0.07365797787409356
10 0.7575515583104396 0.49833933994685886 0.0720997859796455 0.10859805810555194
0 0.6895100337033337 0.49361114453775395 0.04199275496239885 0.08147047787409356
4 0.6270100337033337 0.4907001602535198 0.05298591294411601 0.09991226282028158
8 0.5007921360606986 0.47546680438149824 0.03470679383752824 0.07567424214211727
2 0.4336774106678044 0.4738999962759463 0.03481595574818712 0.07801799214211727
3 0.7463015351510759 0.4409078296077766 0.038666547766469606 0.060267565963434674
9 0.6174124017764644 0.41853406182509634 0.030145572373575645 0.06142980562435252
9 0.3149594898658056 0.40210842535011293 0.03873932237357547 0.061830065963434676
9 0.7381936286171006 0.36725200578645906 0.0385573858558109 0.057923815963434766
9 0.6767830936709125 0.3542575461093306 0.030145572373575645 0.06142980562435252
3 0.61528266749223 0.3560704491286492 0.029364322373575467 0.061393418320799586
3 0.43379507299274805 0.32578998200792275 0.029291547766469604 0.059830918320799585
2 0.37598257299274807 0.32309732154500603 0.03939429383752824 0.07589256596343467
9 0.32051382299274805 0.32051382299274805 0.035614322373575466 0.06168451674922295
6 0.43766062758364327 0.25814871773989906 0.03532537799792799 0.08895549214211718
9 0.38698853949430206 0.2581272930089587 0.030254734284234353 0.06377355562435252
3 0.32797741252983137 0.2631743579389362 0.03405182237357547 0.061611742142117086
3 0.7214512766740204 0.225372720840271 0.03416098428423435 0.06395549214211718
6 0.4952141083532209 0.18833067741702753 0.034163138337010145 0.09747646753501131
5 0.43378645678164424 0.19170608043634613 0.03105525496239885 0.08096105562435252
3 0.38631214329940894 0.1933927049196175 0.030254734284234263 0.06377355562435252