8 0.295085592527653 0.688303424921515 0.047925031249588114 0.06261286465389251
3 0.3649577617645322 0.704190696518241 0.036728432629559826 0.04719590456798421
9 0.5647395734529296 0.6812091406616327 0.028134682629560002 0.04674552521477064
11 0.7711532146866316 0.6797750361845054 0.051804007710637735 0.061255082541716986
6 0.30359179342115744 0.5932399084131715 0.048075035713814974 0.07120661465389251
1 0.42997701541798017 0.5764507988476616 0.05237675202859489 0.09406758254171699
0 0.5701753214243347 0.5894343984635488 0.03394435186643925 0.06656338025772471
3 0.625053736196987 0.5975058480340076 0.032095479707460586 0.050075243102595125
5 0.7678588449632849 0.5806381733396352 0.049528441558013545 0.06503850180902226
2 0.36460538554836386 0.5048081722079815 0.04412787540538945 0.06865814676606821
10 0.49514231939573977 0.5018768447546471 0.044496068181219074 0.0897518967660682
2 0.5703195973989169 0.5081025113084191 0.03631537540538936 0.06824871099041943
3 0.7008838047852433 0.5067336838550848 0.03686480032431163 0.05500840456798421
0 0.7569565267820659 0.4936294962704137 0.049678446022240405 0.07363225180902226
3 0.4336633027566482 0.4292482502271426 0.03066934740221221 0.05780585594746519
3 0.4929973924482227 0.423792788332212 0.02832559740221221 0.057683025214770645
9 0.5673115998345489 0.4253718984635488 0.028271050324311632 0.05455802521477064
3 0.7571417130650737 0.41464135911528394 0.03848184740221221 0.05821529172311415
5 0.3798876919617554 0.3499602199239893 0.0371784460222405 0.0729771545679843
7 0.620158135955401 0.3170370980340075 0.05281312865180041 0.11906758254171698
11 0.6856155405817836 0.3487950310961228 0.041865946022240405 0.07322281603337348
9 0.5039058445595431 0.28715924751360916 0.027585257710637735 0.059985831637205764
9 0.620148453325841 0.2716836544564426 0.0283937812495882 0.061589275214770645
8 0.7435859533258411 0.26521456920119224 0.044359700486467445 0.0819393967660682
6 0.38671261606989865 0.2033751469932108 0.03675175202859489 0.09324871099041943
9 0.6203881866867496 0.1958205173013129 0.027653441558013726 0.0638920816372058
9 0.7331063749983524 0.20242464213197073 0.03624719155801355 0.06434246099041943
3 0.3325239480508354 0.14522181026762235 0.03081935186643907 0.06639960594746527
9 0.49903929220663673 0.14275082824630378 0.027585257710637735 0.059985831637205764
9 0.5521506554371616 0.1391854149718922 0.027653441558013726 0.06389208163720576
4 0.672876212661332 0.11174541044933646 0.05359437865180041 0.11910852611928177
3 0.7365256554371615 0.12952273066658151 0.036247191558013724 0.06434246099041943