7 0.3213463392789251 0.7037673184268363 0.06293179205628192 0.07640129809323426
3 0.39783157122674834 0.6878124470126243 0.033094301131468204 0.049583337748947895
9 0.46896168266306687 0.6915797985565704 0.029982936670087668 0.05181796034428636
9 0.5337872519449076 0.68619040490984 0.029969301131468028 0.04947421034428636
11 0.5993849808676688 0.6792112294119439 0.03627838846548563 0.05984871515360979
2 0.6696702097904298 0.6720683628070555 0.04875111738824671 0.05559772477225664
3 0.7321520290722706 0.6667608147138212 0.03856305113146803 0.04977431070710594
8 0.2724088695295461 0.6195212931990929 0.051948840260883776 0.06820685217691817
9 0.39270773399092673 0.6129761381196168 0.03310793667008758 0.0519270877489479
8 0.6042674027070334 0.5782390064537859 0.03868122579950324 0.07008681070710594
4 0.6644600141433519 0.582388303914048 0.05833519564707803 0.0918626069862416
3 0.46636288172799034 0.5135093622589013 0.02765736738824671 0.05486111479078985
1 0.5319515202916719 0.5049676867610053 0.04349144564707785 0.0913442518140986
0 0.5842998154712118 0.5039210527329215 0.03323065651766246 0.0730208377489479
3 0.2753288155694076 0.4498536339432656 0.03624657220870695 0.05437996515360979
9 0.3370839270057261 0.4539483677011969 0.030014752926866173 0.05728671034428636
6 0.3979259782353901 0.4354141333102935 0.03638292759490129 0.07781746515360961
0 0.467389050542293 0.4212672985565704 0.0316954275949012 0.07765377404661714
2 0.5299208667990716 0.4245535004633362 0.035497138465485634 0.05982143330244423
3 0.4693237343837101 0.3508729530030741 0.02688975292686635 0.05717758293962447
9 0.7052839602814093 0.3465400839511149 0.031590888465485634 0.05968502404661713
3 0.341580008584207 0.28656989474303884 0.030028388465485632 0.059630460344286276
9 0.40172716822512733 0.2829066922033009 0.030037478824565332 0.06119296034428627
5 0.5189055778660479 0.27725191452848674 0.030105656517662283 0.07291171034428627
6 0.5844578549934109 0.2624602390305908 0.03174087939029935 0.08546627404661714
11 0.6399993278660479 0.27302322759784536 0.03635565651766228 0.0731299651536097
3 0.28183230386194263 0.2245808154316114 0.033162478824565335 0.061302087748947985
3 0.3412345749391815 0.22719489474303883 0.03159997882456533 0.06124752404661713
9 0.4568141231437834 0.21534468077055552 0.026903388465485633 0.05952133293962456
10 0.40482892144658117 0.14448903294747378 0.038953936571891744 0.11696181070710594
5 0.5133954003693424 0.13600935563547928 0.030132927594901205 0.07759921034428627
9 0.5767766443192182 0.15098702569107963 0.026903388465485633 0.05952133293962456