10 0.27109769398185596 0.6489359265404799 0.07426186559769077 0.08328583279171564
9 0.34492163888814875 0.6634990328711459 0.032727583465237055 0.051326720779006865
0 0.46284492478152606 0.6639956850618965 0.03463106426490725 0.06307274431795715
8 0.5385352465682807 0.6621934517009881 0.03708847453146387 0.06701990462638267
9 0.6044557632613282 0.6734951903369023 0.032500262932123644 0.043514220779006865
3 0.654827836301724 0.6603190803527884 0.032659387305303156 0.04898297077900686
9 0.34444661427754253 0.5666649431795714 0.03281851167848249 0.05445172077900686
9 0.4003700053437694 0.5832581538123085 0.032659387305303156 0.04898297077900686
0 0.6636823475844951 0.562086131894916 0.03793792069139794 0.06937729139585791
9 0.7148045783841652 0.5746912719108019 0.03279577962517113 0.053670470779006864
9 0.28293480126627657 0.49219104869945846 0.039136707838416565 0.0569045649348082
3 0.27934914852156717 0.4226325251605081 0.03679295783841656 0.056863654626382674
3 0.4143917382550105 0.4210854362797125 0.028131011678482663 0.054369900162155815
3 0.47227243441494454 0.4244383072208751 0.028131011678482486 0.054369900162155815
3 0.5882695074553403 0.4124076858726754 0.028912261678482664 0.05438353693163087
11 0.7034997023616333 0.4276935409855255 0.042557224531464044 0.06711536201270878
8 0.28486571113712184 0.3438626428552598 0.04740384890464337 0.07266593262955982
7 0.3388939815910929 0.32216096671852174 0.05626202335696497 0.10873980032431155
2 0.4145759431904331 0.346907596588138 0.03184704506457727 0.07473694724005639
11 0.4722747829238765 0.34401046752930065 0.03175611685133184 0.0716119472400564
4 0.5786922674844702 0.32478495494739895 0.0413500771970309 0.10613695170428325
3 0.7037975675636126 0.357421951293951 0.03288670783841656 0.05679547077900686
1 0.3447287929530063 0.25432858441327344 0.05416832594338974 0.11729264001588602
9 0.4677942199126104 0.2705320572208751 0.028131011678482663 0.054369900162155815
5 0.5241351481258558 0.2746389046230874 0.029503295064577273 0.07469603693163096
6 0.576297041699365 0.26930256817792375 0.033727793810936116 0.08570172077900677
3 0.6936436660725445 0.2768168335991993 0.03139240399835046 0.059111947240056396
6 0.28863190564770325 0.20493651055001152 0.04473348997087019 0.08823638555165925
5 0.3556602812745238 0.20064052272487615 0.03802884890464338 0.07250229139585782
9 0.6270040838609485 0.21396623173276014 0.026750368104973176 0.060592626623205435
2 0.6946318530612784 0.20343388067709994 0.042784545064577274 0.07492786201270887
3 0.30257473370266397 0.14739674593951496 0.03150606426490725 0.06301819724005649