6 0.29164710572024244 0.6783994804394389 0.04967399810013893 0.05566350180902226
7 0.35254823812906194 0.6767683813893786 0.05719621058107647 0.07712574400710608
8 0.4153391788585064 0.6609928951841886 0.03730128466927081 0.06047715456798421
9 0.490248259880555 0.6609685617379604 0.028343858757465413 0.04440177521477064
5 0.5618868705378814 0.6673580026019919 0.03719218189572935 0.055789654567984216
3 0.6304186649907979 0.6731299677762828 0.03628364532659738 0.050279960990419426
0 0.6909385909026036 0.6543523123037873 0.04427798328249999 0.05850189676606821
3 0.2946104111910759 0.584608536861874 0.0370648953265972 0.050320904567984215
10 0.35480302878225645 0.5798933813893786 0.060630335106111134 0.09057076831736559
6 0.43374564637343693 0.5741955800553261 0.036556402260451294 0.061998710990419426
11 0.6204462125778467 0.5651913150173208 0.03973595364722229 0.06450623530067894
9 0.7591632204616314 0.5727471082107728 0.04318760875746541 0.04517970318850324
0 0.30678506250159676 0.49735752035353065 0.04373312262517368 0.06861720318850324
3 0.49951742315892317 0.49740070669500625 0.028580248100139018 0.05455802521477064
11 0.6286236949104163 0.48205126639680174 0.037446755033993105 0.06672715456798421
9 0.6885071879765621 0.4906173609243062 0.03719218189572935 0.055789654567984216
3 0.7440304893633328 0.4853666169172001 0.03868194671336802 0.052746541723114146
2 0.4280801406738538 0.41531190298610465 0.03675642401194459 0.07059246099041942
3 0.5001564688461109 0.33584573100526577 0.027871733282499988 0.057642081637205855
1 0.5637832109623261 0.31768555122251085 0.04560540036059031 0.11553314676606821
4 0.6261741081887845 0.3190975650173208 0.050837761017916705 0.10566350180902226
3 0.7453234984813886 0.3292394476498947 0.03875468189572917 0.05587154172311406
9 0.4534282456315969 0.2649467328142881 0.027926284669270985 0.059985831637205764
3 0.6197435766536457 0.2601320007929695 0.02865298328249999 0.057683025214770645
3 0.32775740482590254 0.19974553595736286 0.03265015226045147 0.061793993102595035
5 0.3951085589862151 0.18919313828678352 0.03297746058107638 0.07585649310259504
9 0.676158537234722 0.1830472003634282 0.03270470364722229 0.06413774310259504
8 0.7447994344611804 0.18413166553771912 0.04019054853697916 0.08403748530067894
9 0.39650871124666653 0.12903688828678353 0.027926284669270895 0.059985831637205764
2 0.4483439681805207 0.1146158621675017 0.034667247150208524 0.0814071302577248
9 0.5644774612466665 0.1202340191103352 0.026363784669270984 0.05990394448207601
9 0.6743064029260415 0.1285234746736877 0.031051284669270984 0.06014960594746528