9 0.38794549544737683 0.7264484604291043 0.03350601282028158 0.04952877404661713
8 0.5986475550006707 0.7455060283926044 0.04119223428423417 0.06383681070710594
9 0.6572776923042237 0.7483334172300115 0.037793252481199247 0.04109871515360961
9 0.24562525475300173 0.6349008227728236 0.04075558664159917 0.05446181070710594
3 0.38099982857431935 0.6443080830244425 0.03741226282028158 0.049665183302444224
2 0.45474554362813124 0.6367436088851581 0.04137417080199892 0.06774306070710594
9 0.5814000889134016 0.6598859869227921 0.03361517473094029 0.05187252404661713
3 0.6508585643062956 0.6607515716765151 0.03741226282028158 0.049665183302444404
8 0.44894499979060304 0.5624430133316619 0.038467494623316514 0.07232143330244423
3 0.6518516759692854 0.5648487946346732 0.03528683664159917 0.0542708377489479
3 0.7135704259692854 0.5670040608767419 0.03763058664159917 0.05435268330244423
5 0.24948434718556917 0.46656005054030497 0.049967920801998925 0.0680431610699257
5 0.5727399106678044 0.47394848692279207 0.03445208271265763 0.06984127404661714
9 0.7079518186495218 0.4966097153232457 0.0377761358558109 0.057477683302444404
0 0.26156050806277065 0.3741642194147789 0.050440955748187036 0.0781994110699257
11 0.3151585430089587 0.38617563529402804 0.045389582712657715 0.07022321996293304
9 0.4409397930089587 0.3905680133316619 0.03241654776646961 0.059630460344286186
6 0.5643409057054057 0.3940972958157995 0.03507066687305756 0.08312252404661713
3 0.6260425390800173 0.4126315302067029 0.029963635855810723 0.05720486479079003
2 0.6904132541338293 0.4047396738534335 0.04528042080199892 0.06787946996293322
9 0.39119019602827737 0.32721235226173623 0.0299636358558109 0.05720486479079003
3 0.4483841118678775 0.3159499592479779 0.030072797766469605 0.05954861479079003
4 0.5080309396181365 0.30711316178771586 0.04252144789030403 0.10912202885594055
3 0.6245292349034068 0.3299008757601992 0.030072797766469605 0.05954861479078995
11 0.26956344499482005 0.22780757458692205 0.04575345574818694 0.07803571996293313
6 0.37990163151258466 0.23556056560124738 0.04146621608726919 0.08646577885594056
10 0.43738664578060826 0.23054817258748908 0.04771837014004525 0.12022321996293313
7 0.5553917830841613 0.2354489821134687 0.04410321856846853 0.12633681070710595
9 0.2755736964425621 0.17263892494974176 0.038848484284234354 0.0637549651536097
1 0.37984166542531544 0.15054072485707454 0.05095253205070396 0.12267609736759484
0 0.5062051122821624 0.16743310289470845 0.03171022642635144 0.09470486479078999
3 0.6207963052100677 0.19951397131369547 0.030254734284234176 0.06345486479078995