7 0.29300872990932236 0.66796875 0.06970452001113578 0.08203125
9 0.4256485072406406 0.6828125 0.03174998667249973 0.04296875
3 0.4952797545751405 0.67421875 0.030214758672817865 0.0453125
0 0.5634757712444587 0.6546875 0.03663748134149962 0.06015625
2 0.43380699992045824 0.5859375 0.03592895667568143 0.06640625
9 0.5009308652530491 0.59140625 0.03030566534054522 0.053125
9 0.5712888185869127 0.5875 0.031840893340226904 0.05078125
9 0.6330621125875491 0.5828125 0.035747143340227085 0.05078125
3 0.42614958859804863 0.50546875 0.027971006007317813 0.05390625
3 0.4933461792648213 0.5046875 0.027961915340545217 0.053125
0 0.5560643552673666 0.4859375 0.03361247867599957 0.06875
3 0.6208262892664121 0.49296875 0.03186816534054504 0.053125
5 0.2990154712762753 0.4203125 0.041397706675681434 0.06640625
11 0.3741427406110934 0.409375 0.036737478675999566 0.06875
8 0.4889501279440026 0.4125 0.035983500676317705 0.07109375
6 0.5539393286123662 0.4 0.03608349801081765 0.0796875
9 0.3646864719525931 0.34921875 0.03193180000795426 0.05859375
9 0.4998427219525931 0.34921875 0.02724430000795408 0.05859375
3 0.6172120352880475 0.33359375 0.030342028007635947 0.05625
3 0.7343995352880475 0.33359375 0.03581077800763595 0.05625
9 0.32029212929663803 0.2703125 0.03194998134149962 0.06015625
1 0.4362353026336834 0.24296875 0.04191587468172671 0.1109375
11 0.5431392832988652 0.25390625 0.03055111334340861 0.07421875
6 0.6096273492998197 0.246875 0.03380338267822687 0.08515625
3 0.3186483606381377 0.21015625 0.03194998134149962 0.06015625
5 0.49617392397359217 0.19453125 0.03057838534372692 0.0765625
9 0.603241536640683 0.19140625 0.028043731341499623 0.06015625
3 0.6617989239735922 0.19453125 0.030414753341817757 0.0625
8 0.7338284653087284 0.18125 0.04383236334340879 0.07421875
10 0.37054776265118256 0.1140625 0.05298973468331738 0.12265625
4 0.5542415099856826 0.10546875 0.0396630313494537 0.11875
2 0.5985454933163645 0.125 0.03376702001113578 0.08203125