7 0.6625969274347226 0.746875 0.0633272506763177 0.07109375
11 0.5892503341024498 0.7546875 0.03650112133990877 0.0484375
6 0.44777135876826807 0.7484375 0.03652839334022708 0.05078125
3 0.3758872681014953 0.74765625 0.03565623667249973 0.04296875
10 0.3078003394334499 0.7375 0.07030395667568143 0.06640625
3 0.2524224961011772 0.7453125 0.04112498667249973 0.04296875
9 0.7122145720878141 0.646875 0.037963624005409 0.03984375
9 0.6442730940881323 0.64921875 0.03565623667249973 0.04296875
9 0.43883161608845045 0.6515625 0.03181362133990877 0.0484375
3 0.38641514075426875 0.6453125 0.03177725867281787 0.0453125
3 0.31148786608845047 0.6515625 0.03650112133990877 0.0484375
4 0.5095339200747693 0.55078125 0.043205654678545 0.0875
3 0.2496685714114964 0.57578125 0.03887214334022691 0.05078125
8 0.5179725813971789 0.4703125 0.03356702534213589 0.06484375
5 0.4492225813971789 0.4703125 0.032004525342135895 0.06484375
9 0.31896291673295146 0.48828125 0.03337612133990877 0.0484375
3 0.2579072380649061 0.478125 0.038899415340545127 0.053125
5 0.4436714680537703 0.39609375 0.03202270667568143 0.06640625
2 0.26402942138763386 0.4 0.03914486334340861 0.07421875
6 0.630326036043907 0.3234375 0.03691929201145392 0.084375
0 0.5653004727084527 0.3078125 0.030642020011135786 0.08203125
3 0.4568976267106798 0.32421875 0.027217028007635945 0.05625
2 0.38664876137808885 0.3296875 0.033703385343726744 0.0765625
9 0.3343050113780889 0.3296875 0.03187725600731781 0.05390625
8 0.5661357193666349 0.2453125 0.038336341343090476 0.071875
1 0.5145186753659985 0.240625 0.03957212468172653 0.1109375
9 0.4537357167011347 0.25390625 0.027217028007635945 0.05625
3 0.2741300327020893 0.2609375 0.03585623134149962 0.06015625
11 0.621694828691908 0.1859375 0.036019863343408606 0.07421875
9 0.5654175566915898 0.18359375 0.028043731341499623 0.06015625
9 0.5036624440244989 0.18046875 0.027289753341817758 0.0625
0 0.3896090346912716 0.18125 0.033830654678544916 0.0875