3 0.753125 0.7450065530763756 0.0421875 0.048682939695149585
3 0.67421875 0.750016239942855 0.0359375 0.05099032825883114
3 0.5375 0.7414083335233885 0.03125 0.048619307181592394
9 0.3328125 0.7589674964839586 0.03125 0.048619307181592394
7 0.2609375 0.7601118399662962 0.07421875 0.07465054205628192
9 0.7359375 0.6581878091264999 0.0421875 0.05337043969514958
10 0.68125 0.6461508965587133 0.06640625 0.09179259026088378
4 0.53984375 0.6468907190620079 0.0453125 0.09010737041330899
9 0.465625 0.660521427005726 0.0296875 0.0509539668225127
3 0.33984375 0.6519771530998169 0.0359375 0.05099032825883114
6 0.26484375 0.6616970658639951 0.0515625 0.06670623184962743
0 0.73359375 0.5511429235878805 0.046875 0.07449146077238851
6 0.596875 0.565972517168414 0.0375 0.07209316861791085
3 0.5453125 0.5641100353187867 0.0296875 0.054078966822512696
3 0.403125 0.5796890626425414 0.0296875 0.054078966822512696
3 0.5390625 0.4929799238824682 0.02734375 0.056409081283893416
8 0.41171875 0.4805203096174793 0.0328125 0.0720658975406721
2 0.284375 0.4930606953524904 0.0421875 0.07446418969514959
3 0.66015625 0.4069656767111384 0.03125 0.05643180718159222
8 0.5296875 0.40698788172799044 0.0328125 0.07675339754067192
9 0.47421875 0.4168214239806639 0.02734375 0.058752831283893414
0 0.4171875 0.4063333758742579 0.03125 0.0822130571815924
1 0.3390625 0.39884760792027707 0.053125 0.10265282220870704
5 0.2765625 0.4117652435570923 0.04296875 0.07134373487468952
11 0.7171875 0.32760997481754456 0.040625 0.07445509933607006
9 0.52734375 0.33353674618937096 0.0265625 0.060310786104353475
9 0.41640625 0.33132883069471813 0.02734375 0.056409081283893235
11 0.5875 0.2666992250139363 0.03125 0.0744005571815924
9 0.63515625 0.1951014809658646 0.02734375 0.060315331283893325
9 0.57734375 0.20023388767991873 0.02734375 0.06265908128389333
2 0.46484375 0.19489188182618628 0.02734375 0.08219033128389333
5 0.29296875 0.19857944232742833 0.03828125 0.07678521379745065