3 0.5858791354460423 0.7557986876484315 0.032377395326597204 0.04952877404661713
6 0.6418726026766325 0.6461260764858385 0.03982687262517359 0.06774306070710594
4 0.513257293406077 0.6541245710435429 0.04427863649288213 0.09131696996293322
3 0.30506358690906304 0.6640278167823738 0.037173998100138925 0.05437996515360979
3 0.5721945758911463 0.5703150554344465 0.030923998100139016 0.054161710344286365
9 0.4387281124602783 0.5711186088851582 0.02859843189572935 0.05486111479078985
2 0.3143093407087852 0.5581870445498552 0.03759222539871532 0.07234871515360979
9 0.6266261963321185 0.4941543487183572 0.03412173328249999 0.057395837748947895
3 0.4423966666968407 0.4939658318433162 0.028598431895729172 0.05486111479079003
7 0.3692858218070837 0.47189736968493146 0.054017312404687615 0.10726935217691817
3 0.6872896329775002 0.4174306468115915 0.03412173328249999 0.057395837748947895
11 0.6192117802039586 0.41036962576019925 0.03682915919430556 0.07310268330244422
9 0.5535504126127782 0.4065154502623033 0.027817181895729348 0.054833832939624474
9 0.30631238991135457 0.41583585344286256 0.03255923328249999 0.05734127404661713
9 0.7298934006449308 0.33617321232802083 0.032613784669270986 0.05968502404661713
3 0.6722627386008335 0.3419668553417791 0.03255923328249999 0.05734127404661713
8 0.6124876950978475 0.3227059346532066 0.04000871058107656 0.07555556070710594
0 0.5524405478713892 0.3252927321134687 0.03165134992375016 0.08541171034428627
5 0.43414514276114613 0.34067714073632366 0.03297746058107638 0.07531002404661713
6 0.36457752516996556 0.33668655598260055 0.03784679853697916 0.08328621515360961
1 0.30961726823611135 0.3230580764010206 0.06117584897381949 0.11298363883740707
5 0.7170647859035418 0.2545412664117048 0.04000871058107638 0.07555556070710594
10 0.6724971683123613 0.25142370089527544 0.05823268692972228 0.12068701143274536
3 0.6121051821800696 0.27273321650437204 0.02874390226045147 0.06111111479079003
11 0.49804268218006964 0.2687500662342196 0.031414960581076554 0.07525546034428628
9 0.3778938363403822 0.27157991115474367 0.03108765226045147 0.06119296034428619
9 0.30987053495361133 0.2668626401033515 0.03255923328250008 0.05734127404661713
2 0.7171907660519098 0.19287708011403568 0.0369382619678472 0.07779018330244422
9 0.6001305526210418 0.19425355243922152 0.02567345364722229 0.06334573738612828
8 0.5417913757593057 0.20314491360181441 0.032904725398715404 0.07218502404661713
3 0.49331750816812514 0.19989093882955786 0.028017203647222287 0.06342758293962455
0 0.3776379567813543 0.19350947485707454 0.034940004084062615 0.09255208774894799