3 0.356691187341825 0.643075101289002 0.03528683664159917 0.053506808004454245
11 0.42113467700274276 0.633726825946866 0.04030182237357547 0.06059260200509069
4 0.5579989762169545 0.6352609592616396 0.04637203990858687 0.09033464600572713
3 0.6232622572342011 0.6602967745862764 0.033615174730940466 0.051144876670908876
3 0.7491526691448598 0.6611769272358681 0.039865174730940464 0.05121760200509069
9 0.29569372125455573 0.5585824699634108 0.0409011358558109 0.05669544267186346
9 0.36589705934389694 0.5554205599538657 0.0377761358558109 0.05665908000477256
5 0.49086067204034406 0.5531848032702301 0.03427014619489306 0.06520737667090888
8 0.2967232202210984 0.46320633529600175 0.04397263192686944 0.0723477146721816
3 0.3721962551672865 0.47248988128582037 0.0337607239451521 0.05426987667090888
3 0.48598692741702754 0.4821092346037757 0.029963635855810723 0.05656817333704538
8 0.5472690297743924 0.4720160719287305 0.038249170801998925 0.06681533000477238
7 0.2969350818840882 0.36705804129536534 0.06922949710451594 0.1116829346753633
3 0.36394279941909946 0.3959819252864567 0.03397904776646961 0.058957376670908876
5 0.7330566724546288 0.3995036305697317 0.046279994623316514 0.07159373667249973
11 0.3671897698495949 0.3146501092855022 0.03939429383752824 0.07463692067154523
1 0.4297068864749834 0.29750751527691166 0.05240587014004525 0.11929544000636332
9 0.6091611000810533 0.3407564339195037 0.029963635855810723 0.056568173337045294
2 0.6594693151348652 0.33000929057927675 0.03652400496239885 0.08006930800445441
6 0.736412804795783 0.3205155645687772 0.046934966087269284 0.08565623667249973
0 0.4335917117440431 0.24665353994272993 0.03543453990858687 0.09020737667090888
3 0.5522154332079958 0.25934334926004887 0.029364322373575467 0.06046533267027261
9 0.6624080705115487 0.25884281524509495 0.0323073858558109 0.05659544533736342
10 0.7263785252262783 0.23933828990295902 0.06397907092583352 0.11630680000795417
0 0.3225771290313853 0.1791580519573656 0.040194814515692734 0.09182442067154524
9 0.7226156703877142 0.20889681190327716 0.03397904776646961 0.058957376670908876
9 0.32653472890755075 0.12986657662318382 0.03270764619489306 0.06518919533736348
9 0.3769884931755745 0.12224443328295687 0.03270764619489306 0.06518919533736342
3 0.43189431699689196 0.1262955866088663 0.02802014619489306 0.0651346513367271
2 0.48569140508623326 0.12332458060154845 0.03470679383752824 0.07458237667090888
9 0.5988463765501859 0.13607802458627644 0.029582646194893057 0.06515283267027257
6 0.7071490281217626 0.128564421904868 0.040413138337010324 0.09651192067154524