3 0.6825161252387316 0.6808005246981939 0.038063621339908774 0.04931032218833344
9 0.6131666885741861 0.6667938825057286 0.03652839334022708 0.05161770459715278
9 0.6117956399188673 0.5832546838924995 0.03177725867281787 0.046039851823611144
0 0.55409222792014 0.5752252847661801 0.033585206675681434 0.06716996941479181
8 0.41886325258595825 0.5846210814032983 0.038181800007954084 0.05946657218833344
2 0.34925927725177647 0.592489439210833 0.042914753341817755 0.06348192496187507
9 0.28063654658659465 0.5831521132227776 0.035747143340226904 0.05159952080156245
1 0.48090981393223037 0.48789024534725656 0.041670426678863136 0.09078930737069442
5 0.3525848192632305 0.5080598878240622 0.03827270667568143 0.06727907218833344
3 0.2853882285964578 0.5104049442448261 0.03811816534054513 0.05399782218833345
6 0.6068643339433663 0.40294958805281206 0.03686474801081765 0.08052395459715278
2 0.43095581460854804 0.4179784420606246 0.033703385343726924 0.07732621941479163
3 0.3589808172740482 0.4282451012549302 0.03190452800763595 0.05697735182361115
3 0.6661671559516386 0.34064830338354113 0.03583805000795408 0.059412020801562535
3 0.6145682932845478 0.3449734338924995 0.028043731341499623 0.06079268284565966
3 0.5521137466184113 0.34252188753972174 0.027998278007635945 0.05688643284565975
9 0.36455920261777497 0.3515734984813886 0.03346702800763594 0.05701371941479163
4 0.5578466732972744 0.2525690347661801 0.04350564668204484 0.11426317496187507
8 0.4952466759627745 0.2626174884134024 0.03214088534372692 0.07728985182361114
6 0.4382790606301835 0.25847615549149267 0.03224088267822687 0.08588360182361114
0 0.36804837663113804 0.2530814470946178 0.03698292667886314 0.09068020459715279
9 0.3077375852960017 0.26776284935506917 0.03194998134149962 0.06088360182361115
3 0.6740352946371833 0.20144033301881886 0.03194998134149962 0.06088360182361115
10 0.6164318799729558 0.1848171838924995 0.05290791868236298 0.1168251305089584
7 0.5432216466422738 0.16699521067798567 0.039781210017499194 0.12979725598392364
9 0.38427336063813766 0.20115527118281218 0.025699981341499624 0.060738131458888935
11 0.31253472063972854 0.19110943037711778 0.03914486334340861 0.07510975598392369
11 0.2601909706397285 0.19232774468166644 0.04311474801081765 0.08066942496187504
9 0.6600278859802736 0.12991082513503416 0.028043731341499623 0.06079268284565975
9 0.545075047979001 0.14195884308680512 0.027262481341499622 0.06077449905006951
5 0.4952204986473646 0.13062260600458292 0.03057838534372692 0.07725348423243057
3 0.26086367998091 0.13451524468166645 0.03356702534213589 0.06560746941479167