8 0.5000571465587134 0.6552508282463038 0.036314749901804076 0.06672715456798421
10 0.36953839958377543 0.6534946556996382 0.04893292456983911 0.08769475180902227
9 0.31259350799503177 0.6713272868618739 0.03774998487468952 0.044934041723114146
6 0.4995253605525557 0.5638445782463037 0.03321247579950324 0.07046963025772471
2 0.3722270623479538 0.5783308813893786 0.04101134026088378 0.06853531603337366
3 0.7467725443939729 0.48055296415823817 0.03625111738824671 0.055789654567984216
9 0.693597547419035 0.4747433774326497 0.03310793667008767 0.0525008802577247
11 0.6318969781371943 0.48110292006027483 0.036323840260883776 0.06828965456798422
3 0.4967725443939729 0.4936549089789984 0.02765736738824671 0.055339275214770646
8 0.36868845100983116 0.5074009056996381 0.038644864363184706 0.06450623530067894
7 0.7562833788993201 0.3690831976498947 0.05923916549465282 0.11400826831736569
9 0.6798481439264347 0.39497066825125254 0.03546532220870695 0.05496746099041942
0 0.6259918909013725 0.40638952510322907 0.03636929205628192 0.07610215456798422
3 0.5666032553627531 0.4071574869981596 0.02688975292686635 0.057642081637205675
0 0.5009191680287357 0.4004404975136092 0.0317136083130606 0.08132524310259512
6 0.43378621018321334 0.41333664518418856 0.031681792056281924 0.07585649310259512
9 0.5559970325883121 0.33034600350650295 0.026912478824565156 0.061548331637205855
9 0.4435515747427898 0.3456168786758451 0.025313617388246713 0.0552164444820761
3 0.3154674813586481 0.35936287539648476 0.033153388465485635 0.0603133802577247
11 0.72666353571157 0.24794186001979512 0.04104315651766246 0.07400406603337358
4 0.6735203549934108 0.2476010232942067 0.0514084847764936 0.1104738325417169
2 0.6110885326865079 0.26259525949939677 0.03636929205628192 0.0761021545679843
3 0.5056561441228264 0.27437264247065507 0.025340888465485635 0.0599039444820761
9 0.3782714875069681 0.27401519561372983 0.026903388465485633 0.059985831637205854
5 0.5497510568870048 0.19703885854945707 0.027761906517662284 0.07330802521477064
1 0.5027942436552882 0.18543297320334964 0.036610186571891745 0.11750840456798431
9 0.4403987827847038 0.20667720940853976 0.026912478824565333 0.061548331637205855
3 0.38490730688700475 0.20567795341564593 0.026926114363184706 0.06389208163720576
5 0.6564414184215192 0.1328358384230691 0.035588042056281924 0.07606121099041943
3 0.5556465328828997 0.13577380992893812 0.025349978824565154 0.06146644448207601
9 0.4986380087805987 0.14266894109117403 0.024559638465485634 0.05986300090451113
3 0.3892675539601385 0.14918229195025665 0.026912478824565246 0.061548331637205765