3 0.5564551413394438 0.6791398630239013 0.03086944671336802 0.05164506802583091
7 0.21873693579236053 0.6786946159934022 0.07149509992375007 0.0863981527447093
11 0.625806513014687 0.5881260696086766 0.03973595364722229 0.06361387061225585
5 0.49455651301468706 0.5843070846523715 0.034267203647222286 0.06345474623907635
3 0.43590821162791615 0.5849459306540208 0.030923998100139016 0.05398881802583091
3 0.6708300319163885 0.5010950825408003 0.03641093189572917 0.05492919239901042
6 0.6190675101648955 0.5081885170222519 0.03915472539871523 0.07218488855894431
3 0.5563856722089927 0.5141824527573446 0.028580248100139018 0.053920621865896835
3 0.498664091186944 0.5085940308123054 0.02859843189572935 0.05470187186589683
3 0.43600043702663155 0.5138067165473981 0.028598431895729172 0.05470187186589683
3 0.6715034855636107 0.438572350487489 0.032504681895729345 0.054815532132453625
0 0.5468489776798261 0.4200914719576745 0.033159298536979166 0.08294053213245363
9 0.4885818827900691 0.4379405500126353 0.027926284669270985 0.05936663981258548
11 0.31120176519888854 0.43434287391096105 0.04217062262517368 0.06758831677218957
3 0.2533347138121177 0.43500445196592175 0.037246733282499986 0.057295674452321775
2 0.6687798354873609 0.35406095816762095 0.04222517401194459 0.06993206677218974
10 0.6126753058520831 0.3461742503292044 0.045369011017916704 0.10437526293212374
8 0.5529911813270484 0.3577278642775425 0.0330320119678472 0.07747178213245362
5 0.48794740957555527 0.36443485385270125 0.03290472539871523 0.07200303213245363
9 0.3074968433711455 0.3584024995377816 0.0341762846692709 0.05954849623907634
1 0.2467775489182289 0.347254399379497 0.06520938554295146 0.11822481426490725
9 0.6608595391345832 0.29128817352788483 0.032613784669270986 0.05950303213245363
0 0.48994762709048595 0.27849735385270125 0.02932578371934049 0.08595187186589692
4 0.24981293636104143 0.2840186134861197 0.06117584897381949 0.11264240399835054
9 0.6600795955553471 0.22403247736795082 0.028017203647222287 0.06327288981258557
2 0.6015767645332983 0.21842132336960027 0.034539960581076556 0.07517349623907635
6 0.43604268351124986 0.20969587806759607 0.029471254084062436 0.09220187186589693
8 0.2692727575994443 0.22047895071228055 0.040135997150208345 0.08080137061225567
9 0.43642519642902766 0.15967314601428476 0.02567345364722229 0.06320469365265158
9 0.38371777051722206 0.17377509844242495 0.02874390226045147 0.06095187186589692
9 0.3283035719039929 0.16981737265731972 0.02874390226045147 0.06095187186589692
9 0.27839449088194435 0.16445627124539394 0.028798453647222288 0.06329562186589692