9 0.6022263192686944 0.71875 0.033251301695410976 0.04296875
7 0.524591470840271 0.7125 0.04924232878371626 0.084375
0 0.46183675971540045 0.70703125 0.038848484284234354 0.0625
8 0.3985555097154005 0.70703125 0.0493857239451521 0.05390625
8 0.26069163667987116 0.69921875 0.045879734284234266 0.0625
6 0.5993131809316841 0.62265625 0.03572348428423418 0.0625
11 0.33695873014589595 0.62578125 0.04569779776646961 0.05859375
3 0.7212202601296852 0.55625 0.03532322394515219 0.05390625
4 0.5979090386657325 0.5421875 0.05124147642635144 0.09375
0 0.5229261552911211 0.52578125 0.03612374462331651 0.07109375
9 0.4658050140586266 0.540625 0.029818086641599174 0.053125
2 0.26852975371954446 0.53203125 0.05398333271265772 0.06875
3 0.5829154313459689 0.471875 0.029854473945152015 0.05390625
1 0.27388287965055785 0.42890625 0.06049019789030421 0.1078125
3 0.4615797787409351 0.3828125 0.029291547766469604 0.05859375
9 0.40160546525869967 0.38671875 0.029182385855810723 0.05625
5 0.3499338033480409 0.384375 0.04159249462331651 0.07109375
3 0.6964962801886772 0.32734375 0.03397904776646961 0.05859375
3 0.6438978190638066 0.321875 0.03230738585581072 0.05625
9 0.5208776960282774 0.3140625 0.02780182237357547 0.06015625
3 0.4607942206353831 0.315625 0.029291547766469604 0.05859375
2 0.34827494995721875 0.2984375 0.04162888192686944 0.071875
10 0.27965122849326607 0.284375 0.06401545822938637 0.11640625
9 0.6913314371369372 0.25 0.032598484284234175 0.0625
9 0.6386066974760194 0.25859375 0.03248932237357547 0.06015625
9 0.5256336625298313 0.2484375 0.027801822373575646 0.06015625
3 0.4610446236547018 0.25390625 0.027801822373575646 0.06015625
5 0.34927021567298444 0.2359375 0.038722205748187036 0.0765625
9 0.6301905758882322 0.1953125 0.030072797766469605 0.05859375
11 0.40331770678164436 0.171875 0.03470679383752824 0.07421875
6 0.34784895678164435 0.171875 0.03561647642635144 0.09375
3 0.3049529813887502 0.1734375 0.03416098428423435 0.0625