9 0.5812958279171564 0.7253680054105419 0.03200002232113448 0.043332376670908876
7 0.5038429837613551 0.7182180294000424 0.046785271103318496 0.08490225867281787
0 0.4412475263750288 0.7120220260582245 0.03702844155801373 0.06291817067154533
8 0.37796627637502883 0.711285682049634 0.04781593709378677 0.05445169000636341
8 0.24032990868027718 0.7018732246976349 0.04405969155801355 0.06299998667249973
6 0.5811810052717105 0.6292924367440873 0.033903441558013545 0.06288180800445442
11 0.31873555234961115 0.6293629727084527 0.043991507710637735 0.05909373667249973
3 0.705021879866321 0.5643406934277229 0.033753437093786684 0.05428805800445424
4 0.5821201680157679 0.5488509587444055 0.04851141233702041 0.0942954400063634
0 0.5076150458567894 0.5315810954009969 0.034053446022240405 0.07147555800445424
9 0.4500616444768177 0.5457521360598154 0.028271050324311632 0.05344317333704538
2 0.25303664001259074 0.5348675380330894 0.051981285713814884 0.0693408933402269
3 0.5691741087630027 0.47840209874281464 0.028284687093786686 0.05422442333704538
1 0.26139283644186834 0.4318607167011347 0.05735062418757346 0.10845793734086336
3 0.45043201704283325 0.3879759987269063 0.027585257710637735 0.05890283267027261
9 0.3903439508902092 0.3911822673854067 0.02754434740221221 0.05655908267027261
5 0.33874054058178366 0.38823853337840697 0.039522196022240406 0.07153919267186346
3 0.6869638064100962 0.33527081142581394 0.032272757710637735 0.058957376670908876
3 0.63452459902377 0.3291929867520415 0.03066934740221221 0.05659544533736351
9 0.5117319813290184 0.31995325206872416 0.026050031249588202 0.06044715133672707
3 0.45160300486796867 0.3208157707272245 0.027585257710637735 0.05890283267027261
2 0.339584245939515 0.30232830537872524 0.039535832791715644 0.07232044267186347
10 0.2713700340889619 0.2874749173694983 0.06062562865180041 0.11708805000795416
9 0.6840512662320544 0.25790888009226853 0.030778441558013726 0.06284544533736351
9 0.6310762706962812 0.2658844647517234 0.030737531249588203 0.06050169533736351
9 0.5183989926931041 0.2544191587364513 0.026050031249588202 0.06044715133672707
3 0.4536507000794302 0.25913338339431535 0.026050031249588202 0.06044715133672716
5 0.3423995543815013 0.2398737587125888 0.03649265340856669 0.07697158000477256
9 0.6245029423687924 0.2025395800843143 0.028366507710637735 0.05891192333704529
11 0.3983125892845374 0.17647487738699752 0.03254549310014117 0.07458237667090888
6 0.3428438392845374 0.17582944004613427 0.03288641233702041 0.09411362667090888
3 0.29990236282348776 0.17689195337363453 0.03234094155801355 0.06286362667090888