11 0.275 0.684375 0.0453125 0.05625
6 0.34609375 0.67734375 0.03828125 0.05625
9 0.39765625 0.690625 0.03125 0.03984375
8 0.4625 0.690625 0.03515625 0.05390625
9 0.53515625 0.6921875 0.02734375 0.04296875
0 0.60703125 0.68828125 0.0359375 0.05390625
9 0.734375 0.696875 0.040625 0.04296875
1 0.6078125 0.59765625 0.0515625 0.084375
2 0.65703125 0.61171875 0.03515625 0.06484375
9 0.73359375 0.6078125 0.03515625 0.0484375
10 0.27734375 0.50390625 0.05859375 0.08515625
3 0.53046875 0.5296875 0.02734375 0.05078125
0 0.65859375 0.51953125 0.03828125 0.0625
3 0.290625 0.43046875 0.0328125 0.053125
3 0.3453125 0.4375 0.03125 0.053125
3 0.725 0.4546875 0.0359375 0.053125
6 0.3625 0.3609375 0.0328125 0.0765625
3 0.47265625 0.36875 0.0265625 0.05390625
9 0.7125 0.371875 0.0359375 0.05625
11 0.2953125 0.278125 0.03828125 0.07109375
7 0.475 0.2828125 0.0375 0.11328125
4 0.60234375 0.271875 0.0453125 0.10546875
2 0.72265625 0.30078125 0.0421875 0.071875
8 0.42265625 0.21171875 0.0375 0.071875
5 0.5875 0.225 0.0296875 0.07421875
9 0.70703125 0.225 0.03515625 0.06015625
3 0.30859375 0.1546875 0.03125 0.06015625
3 0.36953125 0.1609375 0.02734375 0.0625
9 0.42421875 0.1453125 0.0265625 0.06015625
5 0.58984375 0.14765625 0.03125 0.07421875
9 0.646875 0.16015625 0.0296875 0.06015625
3 0.70859375 0.15 0.0328125 0.06015625