3 0.7667414376962127 0.7410169915184354 0.043163501809022266 0.050329639784752266
3 0.7025937285148156 0.7512780953235423 0.03859883254171699 0.052455065963434674
11 0.49445700192056397 0.7205417098820162 0.03921298620519007 0.06417381596343467
1 0.4317899055840371 0.7293130882942289 0.04743159995457145 0.08715755169541098
9 0.6992839427845954 0.6583821199306482 0.04028416327441171 0.05487159057054054
4 0.6219844583884276 0.6407536641824612 0.05557164857509047 0.09377142473094047
9 0.5509316519659925 0.6382236695591447 0.032348832541716985 0.05216396753501122
9 0.4331233542499846 0.6506615494190995 0.030127913274411534 0.054398555624352515
3 0.3641276927845954 0.6427719667064418 0.037940413274411534 0.05476242865988183
3 0.28966328131920616 0.6346276728689135 0.04106541327441153 0.05490797787409356
3 0.4847909955889859 0.5509740725784633 0.0301688568519765 0.05517980562435252
6 0.4208103827441157 0.549552813687123 0.03970430913596843 0.07354881596343468
8 0.2971681648562913 0.5398973697257604 0.04685838986866324 0.07622005169541098
3 0.6034757185651929 0.4809056292362731 0.030291687584671045 0.05752355562435234
5 0.4865338800305821 0.48013503370333377 0.03497586555840364 0.07254924214211726
2 0.3565188314100632 0.46784474131354764 0.048915534825709095 0.07086046360606986
7 0.2940221534363305 0.4501263943328663 0.06412113297125828 0.10819779776646961
9 0.665170135118965 0.40896216273471914 0.034402655472495526 0.061611742142117086
3 0.7219313902073475 0.3321128724118475 0.038308905472495526 0.061793678659881834
5 0.543929220940042 0.32616031720177985 0.033577139868663154 0.07560146753501122
9 0.4740261567156908 0.3306979598820162 0.029510437584671045 0.057487168320799586
9 0.4203688902073475 0.31806737324041706 0.030496405472495526 0.06142980562435252
9 0.3579507773624772 0.3167188889561828 0.03452548620519007 0.06395549214211718
10 0.7103144595200813 0.24428538667987118 0.0638721494796016 0.11831766046291677
9 0.5941096053816384 0.2575772911469319 0.03061923620519007 0.06377355562435252
6 0.5278704517181653 0.24280200764848586 0.03447789857509047 0.09278896753501131
0 0.47240170171816526 0.24021850909622794 0.03447789857509047 0.09278896753501131
11 0.42445552464894376 0.24733749627594634 0.03526247060135788 0.07801799214211717
0 0.35751368611433304 0.24889568817039445 0.03986476141996072 0.09148117865988184
2 0.5809644742194024 0.2000730062007438 0.03398657564431211 0.08341396753501122
8 0.4721660063315781 0.19110892100688673 0.03386374491161739 0.08107021753501131
3 0.3582263370642727 0.1881401246881591 0.030742066937884706 0.06611730562435252