3 0.2703125 0.70703125 0.040625 0.0484375
3 0.33515625 0.7203125 0.0359375 0.05078125
11 0.5421875 0.69921875 0.0359375 0.0625
1 0.60546875 0.7109375 0.04296875 0.08515625
9 0.33359375 0.62734375 0.0375 0.053125
4 0.41015625 0.61328125 0.05078125 0.09140625
9 0.48125 0.6140625 0.0296875 0.05078125
9 0.6 0.63203125 0.02734375 0.053125
3 0.66875 0.62734375 0.03515625 0.053125
3 0.74296875 0.62265625 0.03828125 0.053125
3 0.54296875 0.5296875 0.02734375 0.05390625
6 0.60703125 0.53125 0.0359375 0.071875
8 0.73046875 0.52734375 0.04296875 0.07421875
3 0.4203125 0.45390625 0.02734375 0.05625
5 0.5375 0.45859375 0.03125 0.07109375
2 0.6671875 0.45234375 0.0453125 0.06875
7 0.72890625 0.4375 0.05859375 0.10546875
9 0.3546875 0.37890625 0.03125 0.06015625
3 0.29375 0.29921875 0.03515625 0.06015625
5 0.471875 0.3015625 0.0296875 0.07421875
9 0.5421875 0.309375 0.0265625 0.05625
9 0.5953125 0.29921875 0.02734375 0.06015625
9 0.6578125 0.30078125 0.03125 0.0625
10 0.30078125 0.21171875 0.0578125 0.115625
9 0.41796875 0.23046875 0.02734375 0.0625
6 0.48359375 0.21875 0.0296875 0.09140625
0 0.5390625 0.21875 0.0296875 0.09140625
11 0.5875 0.228125 0.03125 0.0765625
0 0.6546875 0.2328125 0.03515625 0.08984375
2 0.428125 0.1734375 0.0296875 0.08203125
8 0.53671875 0.16953125 0.0296875 0.0796875
3 0.65078125 0.171875 0.02734375 0.06484375