3 0.2826537763750288 0.716470770503238 0.04147047970746058 0.04985615626060227
3 0.34772935145610673 0.7320164141499685 0.03682389001588611 0.05203621515360979
11 0.5543924086802772 0.7181523547088069 0.03702844155801373 0.06375496515360979
1 0.6178782102224047 0.7320809346532066 0.04445515787279355 0.0866567518140986
9 0.3445440758885615 0.6389931004476377 0.03842730032431163 0.05443452885594056
4 0.42086111403800847 0.6276042218618496 0.05237675202859489 0.09317957032575279
9 0.4919685008074836 0.6308681203179036 0.030573890015886108 0.05181796034428636
9 0.6110321465054126 0.6529837116950487 0.028271050324311632 0.054079864790790036
3 0.6797003258885616 0.6506970145976063 0.03608355032431163 0.05435268330244423
3 0.7538372552717105 0.6486012904583219 0.03920855032431163 0.05446181070710594
3 0.5522144797041653 0.5486483865599724 0.028284687093786686 0.05486111479079003
6 0.6163042532431156 0.5524479983555375 0.03719208279171564 0.07312996515360978
8 0.7396735693957398 0.5528522808396751 0.04426424310014099 0.0757192518140986
3 0.42823546306507376 0.46858388592700023 0.02832559740221221 0.05720486479079003
5 0.5455047836819247 0.47736366360181437 0.03249094602224041 0.07218502404661713
2 0.6750831895261233 0.47564245089527546 0.04651253571381488 0.07033234736759475
7 0.7365428409060952 0.46295396713734427 0.06043471387914785 0.10751488883740716
9 0.36130133319545743 0.3912922104291042 0.032300031249588114 0.06124752404661713
3 0.2989728827089901 0.30947672603820087 0.036206281249588114 0.061383933302444224
5 0.47713879301741563 0.3180407381039185 0.030982993100141167 0.07525546034428618
9 0.5475876607121674 0.32830860470880696 0.02754434740221221 0.05717758293962456
9 0.6005353827089901 0.32000752058805604 0.028393781249588024 0.06111111479079003
9 0.6630626562479405 0.3237525686812903 0.032340941558013724 0.06359127404661713
10 0.3044768145277711 0.22222226269868975 0.05983074188232518 0.11764385698624169
9 0.42199159699517513 0.24506454037350395 0.028434691558013724 0.06345486479078995
6 0.4874120454530476 0.23563746587139986 0.03128300202859489 0.09244296034428627
0 0.5428807954530476 0.23757447730414527 0.03128300202859489 0.09244296034428627
11 0.5914819366867496 0.24864095207640177 0.032586403408566514 0.07765377404661714
0 0.6587512573036006 0.2556746912766286 0.036724478489644594 0.09107143330244423
2 0.4311523628234877 0.1883879544386545 0.03111936079489297 0.08306796034428628
8 0.5396779289761119 0.188273881750649 0.031078450486467447 0.08072421034428627
3 0.6537813392845374 0.19460078202080147 0.02847560186643907 0.06579861479078994