3 0.45452934142263224 0.6604123426967707 0.030278393340226906 0.0509539668225127
3 0.3186191134229504 0.6619652314568439 0.03652839334022691 0.05099032825883114
1 0.7055367634070421 0.547036685688129 0.05897610534690845 0.10033634328594587
9 0.5745685740769965 0.5704918455254411 0.02790737133990877 0.048596581283893416
11 0.5143032360757238 0.5607668667008758 0.03353975334181776 0.0626908975406721
10 0.38924869207508744 0.5553521379745063 0.05269883334659031 0.09795623184962743
7 0.3243503980744511 0.5502873880727022 0.05738633334659031 0.09798350292686617
3 0.25819868674408736 0.5717760478118186 0.03656475600731781 0.05411532825883114
9 0.7018299607335878 0.49701850496996974 0.03655566534054504 0.053334078258831144
5 0.6297367847310424 0.4778503484523073 0.03595622867599957 0.06895453307929138
6 0.5687629220639516 0.4743708244482022 0.033703385343726924 0.07675339754067192
6 0.4516481473981334 0.4799390475172308 0.03217724801081765 0.0798693071815924
9 0.39168280140036055 0.4959953186926656 0.031840893340226994 0.0509630571815924
11 0.6882027180537703 0.40007078209733277 0.0383272506763177 0.07131191861791084
3 0.5704430533895428 0.4173532099868217 0.027971006007317813 0.05406533128389342
9 0.4554902153882702 0.4073100685944698 0.02724430000795408 0.058748286104353474
8 0.32978169072245195 0.4128282946885605 0.03364884134309047 0.07206589754067191
9 0.26508339139081555 0.4249510447867563 0.03812725600731781 0.05412441861791084
0 0.5725680800445434 0.33143389070498086 0.030669292011454095 0.08454771682251269
3 0.44778625604708877 0.3494566619786114 0.02724430000795408 0.058748286104353474
8 0.39214478337840697 0.334290204231285 0.036737478675999566 0.06895907825883123
9 0.32903625604708875 0.3487657946885605 0.033439756007317814 0.05409714754067192
3 0.6756561700349983 0.2617258995837754 0.03036930000795408 0.0587664668225127
5 0.668633463359317 0.19528328814745696 0.038363613343408785 0.07443691861791084
2 0.5086135733609078 0.20607027634179617 0.03055111334340861 0.0743914668225127
2 0.4561607353596352 0.19639074931262895 0.03055111334340861 0.07439146682251278
4 0.3350124413589988 0.19099874648395856 0.05209939668204475 0.11357668667008758
0 0.610884050684272 0.13323274004105093 0.03231360801240868 0.09158805718159235
3 0.5633732513526355 0.1454554840891226 0.025727253341817757 0.06264544574527386
9 0.5079590453532719 0.14982027634179612 0.025727253341817757 0.06264544574527386
9 0.3946777953532718 0.14916122530852385 0.02724430000795417 0.058748286104353474
3 0.2814329080203627 0.15162717427525157 0.033512481341499624 0.06034714754067201