2 0.5002499785148157 0.7203125 0.038554566937884616 0.06484375
1 0.5710947450231589 0.73046875 0.05060086555840364 0.07109375
0 0.6361841564885482 0.73515625 0.040447937584671044 0.05625
3 0.6902575028250751 0.7234375 0.03847600180902226 0.0484375
3 0.7651346720923804 0.72109375 0.043163501809022266 0.0484375
9 0.35055319368910653 0.6515625 0.03818939676606821 0.04296875
3 0.5554487336031982 0.640625 0.032348832541716985 0.05078125
2 0.6168399349826792 0.634375 0.04098020409301455 0.06640625
3 0.6908949106724197 0.63125 0.03859883254171699 0.05078125
11 0.7551654505865115 0.6203125 0.05015048620519007 0.0625
3 0.47898805291593216 0.553125 0.03247166327441153 0.053125
5 0.5478199400710618 0.5546875 0.03629270409301455 0.06640625
9 0.6786195607178482 0.54609375 0.0340751068519765 0.05390625
9 0.73585885063194 0.53515625 0.03888543758467104 0.05625
6 0.2888333644267499 0.47265625 0.05232713986866315 0.07421875
8 0.40890020296136065 0.46796875 0.04098020409301455 0.06640625
6 0.5333269928754525 0.45703125 0.03657930913596861 0.071875
3 0.28194155529078135 0.40078125 0.03888543758467104 0.05625
3 0.532149595204873 0.38984375 0.03041451831736559 0.05859375
10 0.6020150378779269 0.36640625 0.056431463703953 0.1078125
9 0.2878363511977669 0.334375 0.03900826831736568 0.05859375
11 0.4667049796464694 0.31875 0.033577139868663154 0.07421875
9 0.6475864874483854 0.31171875 0.030291687584671045 0.05625
9 0.7142383989137748 0.31640625 0.038308905472495526 0.06015625
7 0.46545233887329507 0.2203125 0.048861303143074866 0.12734375
3 0.519887533355371 0.2453125 0.02749423620519007 0.0625
8 0.58505883197589 0.2515625 0.03670213986866315 0.07421875
5 0.6310330732694627 0.234375 0.03982713986866315 0.07421875
9 0.4086324508136541 0.19453125 0.03061923620519007 0.0625
4 0.5180550384437537 0.165625 0.04372342378986112 0.11875
0 0.6344612884437537 0.165625 0.03986476141996072 0.08984375
9 0.6814967407277459 0.18359375 0.034648316937884616 0.06484375