9 0.578419987551692 0.7750580436281312 0.03232665258848364 0.04669521753501123
8 0.5101250138600513 0.7640434609154735 0.041102413111827475 0.05022047787409356
9 0.2376052717525591 0.7490005419755014 0.03765889469597585 0.04460617865988183
9 0.17220778490673871 0.7420377584770554 0.04326415258848364 0.04720463978475227
6 0.6584098663920652 0.6659784501621066 0.0506517183593818 0.06702698821317572
5 0.44908036902290116 0.6554454028099217 0.036225197312694316 0.06012201674922295
9 0.3130518637612293 0.6506765119917121 0.03765889469597585 0.04460617865988183
3 0.2486176374387526 0.640625115796819 0.038758663111827296 0.050111315963434676
11 0.18368288217708076 0.6391674696019258 0.05428495257436614 0.06252142473094047
4 0.3204464057840169 0.5640669239023708 0.06070155254613132 0.09242724855225788
3 0.26603192156903244 0.5568323126536658 0.03825042889684287 0.05476242865988183
3 0.406428679390953 0.48660120347187547 0.03043792889684287 0.054398555624352515
5 0.3442471978068046 0.4782214691876412 0.03980522362105354 0.06808006596343467
8 0.26736617939095303 0.48012426343945414 0.048952710466874015 0.06461046360606985
3 0.538004174058694 0.4198760839510028 0.030619939420186527 0.05752355562435252
9 0.46737315564284254 0.4220699766312392 0.03043792889684287 0.054398555624352515
9 0.3431922029978892 0.40218550806277065 0.03595218152767874 0.05543451674922295
3 0.28786766616618625 0.41057589681406564 0.036088689420186525 0.05777826674922295
7 0.222045245091264 0.3840090887085138 0.07286762357870132 0.11403042080199892
11 0.6617216660955991 0.35356834139460086 0.042421989406069116 0.07287672787409356
1 0.6009962686982002 0.3201886071103666 0.049748641994552756 0.11840755169541106
9 0.5280824134647631 0.3481273624870501 0.02970218152767874 0.05514341832079959
3 0.48005443714228646 0.33884009966676853 0.02997519731269449 0.059830918320799585
2 0.3501849266189428 0.3359248072769823 0.04164073940606912 0.07284034057054053
3 0.2329974266189428 0.330466711744043 0.03921368942018653 0.057923815963434676
0 0.6575794686417303 0.2632879437519658 0.042414284130279964 0.08612159057054054
6 0.3675537081183867 0.2529132541338292 0.04038905254613132 0.09148117865988184
3 0.24972917128668376 0.2583926586008899 0.038568947312694314 0.06023117865988183
9 0.48728165016940916 0.2013037123632156 0.02763144731269431 0.05972175641014079
2 0.3665519212160966 0.18941368031251163 0.03460178413027979 0.08575771753501131
10 0.3089592290944869 0.16949713254604198 0.053654891994552756 0.11858948821317572
0 0.2606127343561588 0.1656786197257604 0.04820155254613132 0.09184505169541106