9 0.6522759906828219 0.7352388814977647 0.03153384288963732 0.045830697240056395
8 0.58320765570185 0.7286264172115796 0.040254926882026254 0.04910570170428343
9 0.3104559052075584 0.731041899758414 0.03690709239534575 0.04358240462638267
9 0.24467173771707246 0.7282811383943283 0.04247134288963732 0.046021612012708955
6 0.7211294669568258 0.6214570251670987 0.04951718034206713 0.06566195616851012
5 0.5117226334587286 0.6243304293864442 0.035200012357289624 0.059166494317957154
9 0.3758488004549229 0.6282657272751239 0.03690709239534584 0.0435824046263825
3 0.3107185489720482 0.622366329141563 0.037911176882026165 0.04906479139585791
11 0.2459384659682426 0.625060681008002 0.053232429353484004 0.06104264001588611
4 0.3746590321661342 0.5415060669666983 0.05912960228117754 0.09081196063273715
3 0.31978053117755106 0.5377731408299603 0.0373209278706093 0.0537386546263825
3 0.45259834836402585 0.4588378429412806 0.029508427870609387 0.05360228693163087
5 0.3898755138773455 0.4544600344992942 0.0386433473382616 0.0670335413958579
8 0.31353584836402587 0.46126518790786086 0.04785917984777566 0.06329093262956001
3 0.5769815830409867 0.383958799516828 0.029635761862998145 0.05672728693163096
9 0.506891917527667 0.39065485876959327 0.02950842787060921 0.05360228693163087
9 0.38131891456191747 0.3787742418856205 0.03500901136870649 0.05447899431795715
3 0.3270770835352782 0.3906663157488824 0.03510451186299814 0.056822744317957155
7 0.25893457859236235 0.36840157792374695 0.07092660672980182 0.11209662540538937
11 0.6935841512160447 0.30999737378712694 0.041178098326844825 0.07176195170428334
1 0.629842644790254 0.28061956534514054 0.047711941216482145 0.1171562723211343
9 0.5600222347141418 0.313110511367381 0.02875901136870649 0.054369900162155815
3 0.511298233231267 0.3069247410748416 0.028950012357289622 0.05905740016215581
2 0.3817380672236559 0.3123134448077198 0.04039684832684483 0.0717483149348082
3 0.2645505672236559 0.31435896022899523 0.038229511862998146 0.05687729139585782
0 0.6805482989348671 0.220317265020829 0.04093801779449713 0.0850295649348082
6 0.39083188292725596 0.22850150649611703 0.03881710228117754 0.09045740462638267
3 0.2740900519006167 0.24148452191739253 0.03754376235728962 0.05920740462638267
9 0.5049142875661607 0.1694383778443167 0.026606262357289624 0.05901648985373029
2 0.3835658695813831 0.16530207711296807 0.03312551779449713 0.08489319724005648
10 0.32427178262324474 0.1491373348236058 0.051618191216482145 0.11722445616851021
0 0.2757706156270504 0.14842031453106636 0.04662960228117754 0.09059377232113439