4 0.7686916354460424 0.7665613251695023 0.07120415919430556 0.07470818133065045
11 0.6314825761754868 0.7734586295043959 0.04187968189572935 0.05556159190105418
9 0.5648399368328132 0.7605965321661342 0.03068760875746541 0.04417842292769336
3 0.36454899610336866 0.7399471566532521 0.036156358757465236 0.04440125741437377
3 0.2914024368328131 0.7494548078321157 0.03928135875746532 0.04452859140676253
2 0.7564078813619797 0.6747412396942388 0.05223595364722229 0.06456917737631773
9 0.5526107341355214 0.6711201966908706 0.03068760875746541 0.04417842292769336
9 0.30422778552229224 0.6633408942959624 0.03393989532659729 0.04977450692008212
7 0.681478656913195 0.5741244743711995 0.06311955547083344 0.09623301285158128
3 0.6187611045764936 0.5957647110253268 0.03086944671336802 0.05199092292769336
9 0.297630986985313 0.5811186433073793 0.038500108757465325 0.04449675790866543
0 0.6112012180836116 0.5056981265386463 0.03675642401194459 0.07018250741437378
11 0.5551694236306949 0.5127811146756482 0.034267203647222286 0.06383700692008212
8 0.4268080342880213 0.4974041709877081 0.03670187262517359 0.06783875741437377
9 0.3704307477188893 0.48964340912471 0.03243194671336811 0.052054589923887916
5 0.7281873899113546 0.43475556824942013 0.04451437262517359 0.06815709239534584
3 0.6698300292540281 0.4425243058921303 0.03248649810013902 0.054398339923887915
3 0.5515521547289934 0.42443619767945384 0.02781718189572917 0.0549885889353046
9 0.498663544071667 0.4324277698088445 0.027871733282499988 0.05733233893530461
2 0.4360544412981254 0.4251935899610689 0.03759222539871523 0.07255809091247105
3 0.3157783088893059 0.42185373125410075 0.03406718189572917 0.05524325692008212
3 0.4946468848773614 0.36045726931455296 0.027871733282499988 0.05733233893530461
3 0.3701553779435072 0.3436769931170988 0.030996733282500077 0.05745967292769345
1 0.7284932483844794 0.2802272357399061 0.061303135542951456 0.11879376235728963
10 0.5563454914506252 0.261505116158523 0.04560540036059031 0.11503209239534576
8 0.377167137727153 0.276058411596168 0.032977460581076465 0.07549208992388783
0 0.32051709422416685 0.25657889973316983 0.04024509992375007 0.08593484140676252
9 0.6578346030578821 0.22895655440925564 0.03094218189572917 0.05511592292769345
6 0.5457521771460765 0.20877936418135662 0.029325783719340314 0.08627042243340188
6 0.48570502991961817 0.21101568482787253 0.029434886492882128 0.09095792243340188
9 0.4334703826931599 0.21357034045536044 0.02796265226045147 0.06123858893530461
5 0.32082491232843763 0.20273631672936426 0.037719511967847286 0.07802684091247096