3 0.73002600972248 0.6962236194313502 0.03818939676606803 0.04317782825883114
10 0.5437985826532585 0.7045123215213359 0.04644895409301455 0.06665623487468952
11 0.48068110696351807 0.7072691619786114 0.037940413274411534 0.05332953307929138
4 0.732597731794176 0.5962690712267484 0.06692190637700648 0.08473861436318479
3 0.5401988698538169 0.6209231167008757 0.029882251809022264 0.048596581283893416
2 0.4067722161903437 0.6084316861791083 0.04603951831736577 0.058843734874689524
8 0.26631099050060325 0.6107385538619428 0.054179566937884706 0.06513918667008767
6 0.5331908740376884 0.5170077763417961 0.034730204093014375 0.06658805718159222
3 0.46567250339090194 0.5252060957218327 0.030005082541716986 0.050940331283893414
9 0.40350005201142103 0.531092481358648 0.035596663274411536 0.0533158975406721
3 0.33956038274411565 0.5330635266363838 0.037940413274411534 0.05332953307929138
5 0.27870809192551277 0.5194322978118185 0.048465155472495434 0.060419870413308985
0 0.720294726367109 0.4509293001495095 0.04669461555840364 0.07134373487468952
0 0.6533971534363305 0.4411679598886257 0.041266809135968606 0.07209316861791085
3 0.5292979121427578 0.4576282311622563 0.030127913274411534 0.05328408128389324
9 0.6992994736535756 0.3781730561996337 0.032635437584671044 0.056422716822512695
9 0.5799762635676673 0.36654468890958275 0.030127913274411534 0.05328408128389324
9 0.5172306021022781 0.361493574546398 0.03041451831736559 0.058752831283893234
9 0.34745036861062145 0.3706589754067197 0.033911332541716896 0.0509630571815924
2 0.7028538415868285 0.29696850799503177 0.04669461555840364 0.07134373487468952
8 0.5801599700355309 0.2806344599868216 0.03670213986866315 0.074409647540672
3 0.39569976085413383 0.29283850243588694 0.030291687584671045 0.056409081283893325
5 0.33694223654387434 0.28937261397040126 0.04200711555840373 0.0713164637974506
11 0.5677142017181652 0.2219861678323439 0.03501680913596861 0.0720568071815924
7 0.4623339829258297 0.19325665895354932 0.04360059305716657 0.11662441861791084
1 0.398844693011738 0.203821454231285 0.05112648801421234 0.1112011204133089
3 0.34016241180407353 0.23159647540671974 0.034402655472495436 0.060338057181592394
6 0.6211424168924562 0.15356796593874994 0.03739818068726599 0.08769089754067197
3 0.5650971347802806 0.15714696301188372 0.02827548620519007 0.06264544574527386
9 0.5049818283578456 0.15757823418731842 0.028152655472495524 0.060301695745273866
9 0.45975121551297515 0.15887711377400954 0.02827548620519007 0.06264544574527386
9 0.40354215909054003 0.15933111084714327 0.02963326831736577 0.058748286104353474