3 0.6897229709277294 0.7083347104841673 0.03618748487468935 0.04380520459715278
10 0.5029496787732517 0.7133637833380908 0.04335509026088378 0.06740635875746541
11 0.43965024805509234 0.7150158958952781 0.03546532220870695 0.05394327080156245
4 0.6981172539088248 0.6085165484400701 0.06299087939029935 0.08582970364722228
3 0.5042172629840111 0.6297882171336809 0.02762555113146803 0.04907393284565984
2 0.37147294067710834 0.6149782218833336 0.043309638465485634 0.059593858757465236
8 0.23082975995894905 0.6148301386770836 0.05115849990180408 0.06602569671336803
6 0.5032592718628057 0.5258455995425004 0.03163634026088378 0.06713360182361114
3 0.43524052488786785 0.5328573593261462 0.02763918667008767 0.05141768284565984
9 0.37270416345154944 0.5376526556789238 0.03312157220870695 0.05388871941479181
3 0.30862802791293 0.5385053344405211 0.03546532220870695 0.05394327080156245
5 0.24854904596510669 0.5238239321800696 0.04566247882456533 0.061210910144236054
0 0.6942751573032293 0.46309494566652837 0.043382361338122524 0.07209385875746524
0 0.627923449457707 0.4521743230413547 0.03791815651766228 0.07274782218833345
3 0.5028234555078313 0.4664524157469101 0.02765282220870695 0.05376143284565984
9 0.6775103590004316 0.3900386521635422 0.03001475292686635 0.05694098423243066
9 0.5588239915139889 0.3763372152338199 0.02765282220870695 0.053761432845659665
9 0.49635126259122775 0.3701950115865976 0.027684638465485634 0.05923018284565975
9 0.3259796752572102 0.37638719414791694 0.03154543667008758 0.051508601823611146
2 0.6857955576725716 0.308970490119445 0.043382361338122524 0.07209385875746524
8 0.5640114612633679 0.29050881800736156 0.03324429205628192 0.07498246941479163
3 0.3787779432111911 0.2994805084524656 0.027671002926866174 0.05688643284565975
5 0.32020237392935036 0.2949917237831947 0.03869486133812261 0.07198475598392359
11 0.5549773497288536 0.23169686246027826 0.031668156517662284 0.07260235182361115
7 0.45123472619228666 0.20115341764677122 0.038177231751431506 0.11727907218833336
1 0.3871085936787293 0.2105998464083684 0.04595791549465282 0.11199216014423614
3 0.32678871721529623 0.23732469414791693 0.03159997882456533 0.06088360182361115
6 0.6124085755283567 0.16427427953836857 0.03332156010845857 0.08826371941479172
3 0.5561358496306577 0.16687129625586855 0.025363614363184794 0.06308188145888893
9 0.4959750544511179 0.16625239399541708 0.025349978824565154 0.060738131458888935
9 0.4506534640920382 0.16676023385118094 0.025363614363184794 0.06308188145888893
9 0.39439891891249845 0.1662322505686809 0.026903388465485633 0.059211999050069464