1 0.34375 0.66796875 0.0484375 0.0765625
0 0.54375 0.6875 0.03515625 0.053125
9 0.29375 0.59765625 0.03515625 0.05078125
6 0.60546875 0.59375 0.03828125 0.0625
9 0.73984375 0.584375 0.0375 0.053125
9 0.29453125 0.50703125 0.0359375 0.0484375
2 0.42109375 0.4921875 0.03515625 0.07109375
2 0.4859375 0.48984375 0.03515625 0.07109375
3 0.54296875 0.5046875 0.02734375 0.053125
8 0.61328125 0.50625 0.03515625 0.06640625
9 0.6734375 0.5078125 0.03515625 0.05390625
8 0.74765625 0.5015625 0.0484375 0.06640625
7 0.29140625 0.40546875 0.05859375 0.1
3 0.35703125 0.4234375 0.03125 0.053125
9 0.421875 0.42578125 0.0265625 0.05390625
10 0.478125 0.4109375 0.0421875 0.09140625
3 0.675 0.41875 0.0328125 0.05390625
0 0.73984375 0.41796875 0.046875 0.07109375
6 0.59921875 0.334375 0.03515625 0.0765625
11 0.728125 0.34921875 0.0421875 0.06875
3 0.365625 0.27109375 0.0296875 0.05625
4 0.4296875 0.25859375 0.0421875 0.1078125
11 0.5484375 0.2765625 0.0296875 0.071875
3 0.3109375 0.20078125 0.03125 0.06015625
3 0.4796875 0.20078125 0.0265625 0.06015625
9 0.5421875 0.2125 0.0265625 0.05859375
9 0.3109375 0.13359375 0.03125 0.06015625
3 0.36953125 0.13671875 0.02734375 0.0625
3 0.43125 0.1390625 0.025 0.0625
5 0.48125 0.12734375 0.0296875 0.0765625
9 0.58984375 0.12890625 0.0265625 0.06484375
5 0.71171875 0.1296875 0.03828125 0.0765625