7 0.22432307913497235 0.6748710886378195 0.07492390787279354 0.08601077267663584
4 0.2906065982096958 0.6670671319621381 0.06867390787279355 0.08593804734245403
6 0.37144354098552546 0.6872245432845477 0.04160684740221221 0.056722714672181596
2 0.4409747909855254 0.6864154739417755 0.0369875312495882 0.06057442067154532
11 0.5034747909855255 0.6856882205999575 0.03691934740221221 0.05666817067154532
9 0.5645759322192274 0.6943541485916853 0.028134682629559826 0.04563067333704538
3 0.6412066160666032 0.6973695132479584 0.03365797970746058 0.04881930800445424
5 0.7043924086802772 0.691164419239368 0.04395059740221221 0.05674998667249973
9 0.24007871834007952 0.5926398439688196 0.04141593262955982 0.04578521467218159
3 0.5745491757264057 0.5942177885900944 0.028271050324311632 0.05344317333704538
3 0.7045503214243347 0.6106774879058225 0.03682389001588611 0.05119942067154533
9 0.3229127633893853 0.5033768019573657 0.03373980032431163 0.053506808004454245
3 0.4427031120094135 0.516829679941139 0.030628437093786688 0.054251695337363515
8 0.5128792443146619 0.5081990199315941 0.034053446022240405 0.07147555800445424
3 0.695005951700988 0.5115496445735497 0.03609718709378669 0.05431533000477238
0 0.2517451010523649 0.4104358713001378 0.04821140340856669 0.07710794000636341
2 0.5138047702892441 0.42692174793127585 0.032586403408566514 0.07692612667090888
3 0.6287848879839959 0.43339791991568577 0.03219093709378669 0.05426987667090906
0 0.26214108441327344 0.33451826129854706 0.048265950486467354 0.08023294000636341
6 0.4422104139585782 0.3543024079408209 0.036547200486467445 0.08009658000477256
1 0.5036291550301245 0.3363967452657758 0.04031312865180041 0.11685169267186346
9 0.32990923701106123 0.2774682826225475 0.03077844155801355 0.06284544533736351
9 0.38851662378053636 0.27756773261459333 0.027585257710637735 0.05890283267027261
10 0.6368586663942102 0.26920815058086756 0.05514324188232518 0.11624316534054513
9 0.27093761160567176 0.21173474196372893 0.036179007710637735 0.059002830004772466
5 0.39518363514462207 0.21185182594686608 0.03414890340856669 0.07694430800445433
9 0.5044904512972462 0.20667288259868494 0.026022757710637733 0.058884651336727156
9 0.4580051891223816 0.14001264127150284 0.0276125312495882 0.06046533267027256
11 0.5119932597392326 0.144072885264185 0.028734700486467445 0.0800056733370453
8 0.5761921274339843 0.15113995058882174 0.03254549310014117 0.07458237667090888
3 0.6214364435866084 0.14670644191600385 0.027653441558013726 0.06280908267027256
3 0.6886375803560837 0.1467058945735497 0.030737531249588022 0.06050169533736342