10 0.32581986657445655 0.7577766438016708 0.062483389868663156 0.07660626235728962
9 0.4640601729968917 0.7626299229648745 0.03506439676606821 0.0443057569200823
7 0.8085914229968918 0.7766684956257378 0.08189180913596843 0.07505834980971944
3 0.33866734735257964 0.6756644807598091 0.03818939676606821 0.04443309091247087
9 0.39787857304232016 0.674958826615196 0.03206222749876284 0.04652217292769336
9 0.6574140253263123 0.7034644644853678 0.034900622455808696 0.041180756920082294
0 0.5934566666653136 0.5987332021280782 0.038554566937884616 0.06627625741437378
5 0.6591226102428784 0.6021884659682426 0.03921298620519007 0.06396434091247087
3 0.7813694244672297 0.5993738251695022 0.03859883254171699 0.05224559091247087
3 0.33208539744343674 0.5054474812541008 0.037940413274411534 0.054557507414373776
6 0.46473412313317725 0.507734175930624 0.03653836555840364 0.07243075692008212
3 0.5156791474434368 0.5129283533069418 0.03012791327441171 0.054239172433401886
2 0.643807469469704 0.503337130492979 0.03501680913596861 0.07314833992388792
1 0.7109130823145743 0.5045123113293378 0.0558991971956095 0.09972542737631773
6 0.7732459859780475 0.5187459076790163 0.0520405348257091 0.07072367688202608
3 0.3979726690401627 0.4387494125847512 0.03251260685197641 0.055115922927693364
9 0.5134338947299033 0.4403357703031361 0.029510437584671045 0.05733233893530461
11 0.5782776447299032 0.4429779506452034 0.03473020409301455 0.06767958992388792
8 0.6379835153766896 0.4368353799986874 0.04369576831736559 0.06024909190105419
5 0.7689878539113003 0.4374959076790164 0.046571784825709096 0.07050084239534585
11 0.331545407620202 0.3463908162350727 0.04435086555840373 0.07274909190105419
3 0.458889157620202 0.3515796764249156 0.030291687584671222 0.05736417243340188
3 0.6941682383528966 0.3635053093521715 0.034197937584671226 0.05752333992388783
8 0.4477602278374471 0.28798009144394365 0.03542624491161739 0.08096083992388783
3 0.6245683893028364 0.2998619620139099 0.03041451831736559 0.05970792243340188
9 0.6796277035271876 0.29430964037881074 0.03041451831736559 0.05970792243340188
9 0.7394121393028363 0.30454148623419763 0.034320768317365594 0.059867089923887826
9 0.44436191089956234 0.22313634144394365 0.029715155472495525 0.06123858893530461
0 0.5062477572360893 0.2139642712917193 0.034150349954571446 0.08636592292769345
4 0.5585538856847917 0.2005039491623286 0.041997149479601606 0.11708934091247096
2 0.6245031122790434 0.2242398795043959 0.03554907564431194 0.08330458992388783
9 0.6784093622790434 0.22643639087310233 0.03061923620519007 0.06361417243340188