9 0.3308883264121195 0.7394439241048479 0.0361693041565303 0.04047104139585791
9 0.3848082119507389 0.7380411111986347 0.0330443041565303 0.04041649431795715
0 0.45904514266889807 0.7362116042987757 0.03312157220870695 0.05369774431795715
3 0.5214951456939603 0.7458962958567894 0.027580099336070064 0.04110228693163087
9 0.6605485553348807 0.7498861408233697 0.03618748487468935 0.04359604139585791
5 0.7207502571302787 0.7431236720729577 0.04718407220870695 0.053943206168510116
3 0.3392280672387373 0.6489552917995997 0.033076120413308985 0.04588524431795715
8 0.3954826124182771 0.6491558892018119 0.0385948673882468 0.05457445170428343
11 0.5962275009819586 0.6589105389569305 0.03782725292686635 0.0569045649348082
9 0.6539945491865605 0.6677321598980932 0.031499984874689524 0.043514220779006865
5 0.7266235281093217 0.673687879459284 0.04874657220870695 0.053970479707460585
9 0.2725587177062755 0.558720029624735 0.0377636204133089 0.045967064934808025
9 0.41080360626995704 0.5673837378218402 0.029937484874689523 0.043486947240056396
7 0.46714450986075323 0.5527405852240523 0.04267837939029935 0.08511138555165924
0 0.5295808773471959 0.5647690267820659 0.03161361436318479 0.06304547077900687
11 0.6616257628858153 0.5647298908233698 0.040965888465485635 0.05930286201270896
3 0.3519467567374953 0.47728484334172716 0.03155907220870695 0.053670470779006864
3 0.4698746001216369 0.48637524553247785 0.02765282220870695 0.05360228693163087
9 0.5949018711988758 0.483869628648505 0.027625551131468206 0.04891478693163087
2 0.7143649435057787 0.4976748043782061 0.03635111133812252 0.07172104139585792
3 0.407847298793777 0.4040343039744643 0.02765736738824671 0.05438353693163087
2 0.5368217264868742 0.3945656209378673 0.03555622579950324 0.06936365462638268
3 0.593003548793777 0.40726621834007953 0.02765282220870695 0.05360228693163105
1 0.7141109343323965 0.4070361676087309 0.05834428600615773 0.0924153709411625
10 0.3638705606976338 0.30794450811437957 0.04356871369925477 0.1038750223211343
4 0.46929840408177553 0.3168167219935275 0.038876668519715094 0.10301195170428326
3 0.5981137504909793 0.3346917889569306 0.02767100292686635 0.05672728693163087
9 0.36422053952219907 0.24778825811437954 0.030037478824565332 0.0606744472400564
6 0.4282603136245 0.25281272321134346 0.03328974385167989 0.08260399431795715
8 0.5938944039835796 0.2541412183400795 0.0317136083130606 0.08023297077900686
6 0.6563580425472612 0.2614821598980931 0.036414743851679886 0.08265854139585782
3 0.43019551834676434 0.18877749675029382 0.026912478824565333 0.06061990016215577