1 0.43733152694364374 0.6712301815144797 0.04260399992941295 0.07510975598392378
10 0.22918509797621373 0.6452631742962849 0.06355353676111575 0.08652003466927098
6 0.6955983242281032 0.5888404812857297 0.050742723621053545 0.06749727773541672
7 0.6333713400131188 0.5826982776385075 0.061027776237772 0.08334048328249999
11 0.5004755400272363 0.5944689661837504 0.036225197312694316 0.05935746941479181
3 0.37777378739640033 0.5923953602760766 0.030301421004335083 0.05141768284565984
9 0.25928909790562654 0.5716444895507642 0.038440144695975856 0.04380520459715278
9 0.6953245794191879 0.5129501285121881 0.03545165258848364 0.04607621941479163
5 0.6261118478350394 0.5058630207046534 0.04114021046687384 0.06337282218833344
3 0.5605855583725006 0.5160725156706603 0.03043792889684287 0.05376143284565984
9 0.44050057152668015 0.5093659611497573 0.03048343152767874 0.05454268284565984
3 0.38268807152668016 0.5080203602760767 0.030301421004335083 0.05141768284565984
9 0.25901535309671125 0.4957541367772224 0.03420767100433508 0.051508601823611146
0 0.6393923688111396 0.4255942924561464 0.04260399992941277 0.0751097559839236
9 0.5705135661944212 0.43963730223979225 0.029702181527678916 0.05452449905006951
8 0.3264373425027804 0.42613327422003505 0.04214897362105354 0.0672972559839236
9 0.2689888635494678 0.4185376733463544 0.03829593152767874 0.05472452080156245
3 0.6308055950630291 0.3581158517267019 0.03296368942018653 0.05694098423243057
9 0.4617825792780136 0.35887565187920184 0.029838689420186526 0.05686824905006951
9 0.3467491134788806 0.34602820013184055 0.03420767100433508 0.051508601823611146
2 0.696801592361606 0.28611487157833393 0.04462923151356133 0.06969555737069451
3 0.6340740792074264 0.28856641793111165 0.030619939420186527 0.05688643284565975
4 0.5220669028708324 0.26405476757052126 0.04377936305535748 0.10868532218833335
8 0.4163251370858168 0.2662874551658337 0.03166649992941295 0.07485518284565976
6 0.7009878343985111 0.21423987157833393 0.04259629465362345 0.08837282218833335
0 0.6409680922910189 0.2104959693178825 0.041033794653623445 0.08833645459715278
11 0.353377087029347 0.20536683254066004 0.03929698940606911 0.07191202080156253
5 0.6967700422345491 0.15233928362243115 0.04182274992941295 0.07509157218833336
3 0.589192760664518 0.159223103626563 0.03006620257436623 0.060774499050069465
3 0.526692760664518 0.15776839997934072 0.02850370257436623 0.060738131458888935
2 0.46906227118786176 0.15329779910566013 0.03570925782192056 0.07728985182361114
3 0.4237042685570258 0.15302438896142395 0.02850370257436623 0.060738131458888935