6 0.38400418079880777 0.7342631752864567 0.0434501068519765 0.0543789646721816
4 0.4472002216174106 0.7468171719446389 0.05545213986866315 0.07481873400699968
8 0.5812886165744565 0.7397848272597306 0.0434501068519765 0.0543789646721816
2 0.7270105523501054 0.7459064632400043 0.05159015547249553 0.06071987133990877
3 0.7790267537295863 0.7390473885662319 0.04443939676606803 0.04345964600572714
9 0.44121913726667134 0.6476075126114116 0.032348832541716985 0.05112669533736351
3 0.5825844436891066 0.6451808519255489 0.03222600180902226 0.04878294533736351
2 0.6526479601974499 0.6545280325827766 0.046039518317365594 0.05909373667249973
6 0.7741135244218011 0.6452973885662319 0.05015048620519007 0.0630454400063634
7 0.2980246579588863 0.5554665606301835 0.07099193068726609 0.08827270667568143
9 0.3792713359326189 0.5693739719525931 0.037817582541716986 0.051190330004772376
3 0.5675935295101838 0.567964371260367 0.030127913274411534 0.05344317333704538
0 0.6321097308896648 0.560959845918231 0.039540534825709094 0.06916817067154532
1 0.7718339721832376 0.542136025899141 0.07230544719560932 0.09843804734245402
5 0.3711888410210016 0.4897319252864567 0.04402331693788471 0.06531646467218159
9 0.43323846166778796 0.48041092194463897 0.034197937584671045 0.05661362667090888
9 0.503878510288307 0.4858427619350939 0.030005082541716986 0.05109942333704538
3 0.7573753245126582 0.47507579523395904 0.0387626068519765 0.054324420671545325
9 0.31351910391130033 0.40363134062700184 0.03432076831736577 0.058957376670908876
11 0.5679609424459111 0.39598028325909435 0.034853034825708916 0.06911362667090888
5 0.626595636023476 0.39607973325114015 0.03653836555840364 0.07147555800445433
9 0.31102818973237767 0.3262694092934564 0.03822701831736577 0.059002830004772466
8 0.3801466819304615 0.3325006806174568 0.03682497060135788 0.07694430800445433
3 0.5485248677061103 0.33835868726132146 0.03041451831736559 0.05891192333704529
3 0.6776801011977669 0.3266933865770496 0.034320768317365594 0.058957376670908876
3 0.4962796149925769 0.26626605860123026 0.02963326831736559 0.05890283267027261
9 0.6063539778374472 0.2634217745862764 0.029715155472495525 0.06046533267027261
0 0.6710782191310198 0.24547065857736775 0.040523180687266167 0.08791817067154524
9 0.3162402329258297 0.18706145862509282 0.03432076831736568 0.058957376670908924
11 0.4915677815463487 0.19127514926800301 0.033699970601357876 0.07690794533736342
3 0.5458834673219976 0.19846039326068515 0.02983798620519007 0.06280908267027252
10 0.6066638370642726 0.16492063991886735 0.04656181874690688 0.1137539646721816