6 0.6718711868328131 0.772591967999366 0.04187968189572917 0.056035316033373486
4 0.6096803113578478 0.782597731794176 0.05328996058107638 0.07692102611928178
8 0.4751780247887159 0.7700866864530174 0.04187968189572917 0.05603531603337366
2 0.33004736274461866 0.7702836810259504 0.04983765226045147 0.06269475180902226
3 0.27755814237989646 0.7612904613291037 0.04318760875746532 0.04517970318850324
9 0.6081522193178825 0.6834199253717408 0.03086944671336802 0.05233710594746519
3 0.4667277855222922 0.6752278878324983 0.030814895326597203 0.04999335594746519
2 0.39743292486496584 0.6817401594292243 0.044332534669270986 0.060845646766068205
6 0.275376086909063 0.6675404613291037 0.04832970364722229 0.0649566146538925
7 0.7442514138470491 0.5969169386007239 0.06844283510611113 0.09098020409301455
9 0.6641281559632644 0.6075435001115417 0.03633819671336802 0.052623710990419424
3 0.47586508975885466 0.5984573479184065 0.028580248100139018 0.05455802521477082
0 0.4108758693941324 0.5888090309805218 0.03753767401194459 0.07063340456798421
1 0.2698508258911463 0.5642516870188442 0.06946047444878482 0.10117739767057934
5 0.666179658813056 0.528060717999366 0.04213425503399311 0.06697281603337366
9 0.6034796370615629 0.516191481794176 0.03255923328249999 0.057887743102595125
9 0.5333126074262852 0.5187565598133371 0.02852569671336802 0.05221427521477064
3 0.2792245194703823 0.4976373971047524 0.03719218189572917 0.055789654567984216
9 0.717286257502535 0.4441261312737776 0.032613784669270986 0.060231493102595124
11 0.4624896547289934 0.4260910249876281 0.03285017401194459 0.07038774310259495
5 0.4039140885245837 0.4238015066702623 0.03446722539871523 0.0728133802577247
9 0.7139235617390975 0.36670049411864786 0.036520034669270805 0.060436210990419424
8 0.64533721589941 0.37012870929293873 0.0345945119678472 0.07828213025772487
3 0.4775503038553127 0.36913834011649044 0.028707534669270986 0.06002677521477064
3 0.3476264145126392 0.35218545624072106 0.032613784669270895 0.060231493102595034
3 0.5242967108654168 0.2990205919255128 0.027926284669270985 0.059985831637205854
9 0.41410409327423636 0.2916850474888652 0.02796265226045147 0.061548331637205855
0 0.3480790497712502 0.27105828697341566 0.03797408510611122 0.0893834045679843
9 0.698186846124028 0.22698289687760984 0.032613784669270986 0.060231493102595034
11 0.5233323164887501 0.22406153550307764 0.0314695119678472 0.07811835594746527
3 0.46960790444465295 0.22904892865110119 0.028017203647222287 0.06389208163720576
10 0.4063441850298613 0.1929609424459111 0.043261650360590306 0.11541031603337357