3 0.23531117207295776 0.7379682497882385 0.042978432629559825 0.047769642065139985
5 0.29744297929712815 0.7205147102551124 0.04629434740221221 0.05888915258848364
1 0.3685640028360785 0.7262179496611816 0.05988924310014117 0.07763144731269449
3 0.4321452617645322 0.7470911627588915 0.03204093262955983 0.04713260523343692
2 0.49603048376135506 0.7406661284874373 0.036206281249588204 0.06220386838761662
6 0.7117236676087308 0.7571311045981524 0.04780230032431163 0.05585515785015538
9 0.3718878258885615 0.6483659654461971 0.036001729707460586 0.05048511838761662
9 0.3039269841683921 0.5554357418251435 0.036782979707460584 0.050530621018452494
4 0.3669627723178391 0.5450589549228535 0.05472050202859489 0.09450042889684288
9 0.6358082297041653 0.5661806099304115 0.03219093709378669 0.05572635523343692
8 0.25098717045139995 0.47352631818997254 0.04946025771063774 0.0614149131118273
10 0.3084451144450456 0.45658101287183095 0.06039380357072251 0.10653769731269432
8 0.43922751014297445 0.48214870222143036 0.03641083279171564 0.07392261838761663
3 0.5072780807598255 0.49079493110415573 0.028271050324311632 0.054717592079257214
9 0.6789348924482227 0.48830550988805915 0.03066934740221221 0.05797909997176518
11 0.2565183758091313 0.3879983418674959 0.044168785713814974 0.07125264469597585
9 0.3247189508902092 0.40523832075022126 0.03066934740221221 0.05797909997176518
3 0.38317633319545746 0.40083851806291565 0.03223184740221221 0.05807010523343692
7 0.44237405519228024 0.39414046800644587 0.047289831573899654 0.11592040258848364
3 0.5589575831954574 0.4110766100009986 0.02832559740221221 0.05784259207925722
0 0.6228291684228051 0.40387032572954445 0.03727390340856669 0.0786556210184525
3 0.25703084455954317 0.32793309712916774 0.03696025771063773 0.06068687101845249
3 0.3216836797868908 0.32077231548854945 0.03379434740221221 0.05816111049510884
0 0.495834245939515 0.32701315216496063 0.031119360794892793 0.08376034997176518
6 0.5637893591700397 0.33019063104768603 0.03273640787279355 0.08697635523343701
2 0.680454707790068 0.3518142730422388 0.043278441558013546 0.06495714206513989
9 0.2691529691541537 0.2623003918533784 0.03613809740221221 0.05829761838761662
5 0.6760069411509765 0.2758510125188951 0.037232993100140985 0.07631187101845249
3 0.3795898628234878 0.19536976806291562 0.027653441558013546 0.06404708944842144
11 0.5458051980508354 0.19412432843096755 0.028639243100141164 0.0758113420792574
9 0.6124432731319132 0.21127330205202113 0.027653441558013726 0.06404708944842144
9 0.6608534995929629 0.21253196516384848 0.027612531249588023 0.061703339448421435