7 0.6961491697669612 0.6803367738856905 0.05879598997087019 0.08913670783841657
2 0.43815481334047046 0.6815883514784329 0.03704301042484133 0.06586669239901041
3 0.3033850082467632 0.6988022467012946 0.03734688730530315 0.049483174452321775
1 0.765205395156355 0.5813704249810471 0.0698471502374268 0.0933612065847754
3 0.6176173413162889 0.5880105330568904 0.03123327962517113 0.05398881802583091
9 0.5520150733696003 0.5907012755350431 0.028912261678482487 0.05470187186589683
4 0.4213417348897982 0.5874662784380369 0.05098348997087019 0.08890938730530315
3 0.3673589285424498 0.6132762721698308 0.03429008346523714 0.05173599623907634
2 0.2994356426490724 0.6168164608079174 0.04478731426490725 0.06375026293212364
6 0.6738696898252209 0.5058368790585399 0.040281670691397944 0.06986387061225567
9 0.7223777344940868 0.4262342955933027 0.03444920783841656 0.05720474623907634
3 0.6632982511871341 0.43811818164496463 0.03281851167848249 0.054815532132453625
9 0.6079204294003796 0.44285715743006976 0.028821333465237232 0.05157687186589684
11 0.4912868588672662 0.4384317333734596 0.03168792069139812 0.06961381802583091
8 0.37340903708051154 0.44498927342347194 0.03731579506457736 0.07524169239901042
10 0.5972436906831506 0.3446469779631832 0.041281881037097 0.10423887061225567
0 0.48097383300301877 0.352721553906573 0.033568669437756785 0.08059678213245362
3 0.4307154202291795 0.3721678873718101 0.028199207838416562 0.05702288981258565
5 0.3710449035361322 0.363739273423472 0.037224866851332014 0.07211669239901033
9 0.314672883082161 0.38805496331519984 0.03435827962517113 0.05407974623907634
9 0.5911695354311589 0.29712712028305127 0.029094118104973178 0.06095187186589692
9 0.3699848572179135 0.3004352913701607 0.029094118104973265 0.06095187186589692
3 0.3156838021242064 0.3153077851019545 0.03288670783841656 0.05715928213245362
5 0.5899049006331383 0.22679188822973995 0.03340954506457727 0.07512803213245363
3 0.5330782391129404 0.23548257812146778 0.02670490399835046 0.05932117570596294
9 0.4775185608996949 0.23397155390657298 0.026818564264907252 0.06322742570596293
9 0.4222316673261856 0.24183552969167818 0.028312868104973177 0.06092913981258565
6 0.3035809557268455 0.22183056974169055 0.04323918613080409 0.09102581677218975
0 0.5924555876218722 0.1532179959098719 0.030003400237426803 0.09220187186589693
8 0.4746686940483629 0.16290053595988435 0.02966241943775678 0.08048312186589693
3 0.42011758636823104 0.16917927969167817 0.028312868104973177 0.06092913981258556
11 0.3161886043149197 0.17142139278208646 0.03816524122451135 0.07760817445232168