3 0.6705176413394438 0.6225486901260583 0.03711944671336802 0.05287437101845249
3 0.6103977589306245 0.6244898927004244 0.03404899810013902 0.055036110495108835
0 0.4724438172512494 0.6184813583583831 0.03661095364722229 0.06454761838761662
9 0.414340376521805 0.6343485530402415 0.03094218189572917 0.05563534997176518
6 0.3361244575438536 0.6428050661238339 0.04364220364722229 0.0649571420651398
3 0.2723165306821175 0.6355987818523798 0.03711944671336811 0.05287437101845249
9 0.7326559250587843 0.5338887375516921 0.04187968189572917 0.056272386803468064
9 0.34782698337940926 0.5422590345538029 0.03406718189572917 0.05581736049510884
9 0.7316766129384371 0.44188324807503576 0.03959048328249999 0.05847962891096028
2 0.6098379805296176 0.44741915848544 0.039100174011944586 0.07093412628012441
10 0.5418510467340274 0.45215913736816543 0.049275261017916704 0.10585515785015538
3 0.35046298052961766 0.46252603192296693 0.03250468189572917 0.05572635523343692
3 0.29563001016489543 0.4719612160814816 0.03646548328250008 0.05829761838761662
11 0.6687421614754163 0.3636287164344175 0.039935975398715226 0.07332337891096027
9 0.6092035073151039 0.37411816637794776 0.03255923328249999 0.05807010523343692
9 0.49098018417683986 0.39192656363417233 0.028707534669270986 0.060186342079257396
9 0.36156544111069405 0.38776125035293585 0.03250468189572917 0.05572635523343692
0 0.29668532351951354 0.3931004687123176 0.043969511967847284 0.07901964206513998
8 0.4810979975314581 0.31370285309671125 0.032977460581076555 0.07603885523343701
5 0.42790026234909695 0.3199220319935541 0.032904725398715404 0.072913855233437
2 0.717164090521354 0.22739581384593385 0.04019054853697916 0.08426087891096028
5 0.6681271784772568 0.2224499795885971 0.037719511967847195 0.0786556210184525
9 0.5505760025654511 0.24490037421398583 0.02640015226045147 0.06161233418674961
8 0.488457862272847 0.23213433468085976 0.03154224715020835 0.08141659997176517
6 0.4320805757037151 0.24087927410104631 0.029434886492882128 0.0914363420792574
11 0.37257828913458313 0.24980622404457659 0.03693826196784729 0.07861011838761663
1 0.6644586242406942 0.1454247480044486 0.05432643692972228 0.12175317363517105
3 0.48589721314652756 0.17454934783503942 0.02561890226045129 0.06156683155591365
3 0.704284843655486 0.11033711646265236 0.03270470364722229 0.06432010523343701
7 0.660608232048229 0.07621201642030008 0.051546929045937516 0.13641491311182732
4 0.6063928575231943 0.09263294794797887 0.04344348831649327 0.12345988680346806
3 0.3864070126334374 0.12495043721287366 0.02874390226045147 0.06174884207925735