9 0.2405468481797275 0.706854637727153 0.04180706677218975 0.041570557370694414
9 0.5722514892459543 0.6989395670574311 0.032659387305303156 0.04916485182361115
10 0.6471832930860202 0.7030289614340978 0.057855615597690854 0.08332229948690983
3 0.2514736394833812 0.6000052256830557 0.038909387305303154 0.04931032218833344
3 0.6396866933234472 0.6113863220914242 0.036565637305303156 0.049255770801562446
8 0.2525253256141854 0.5101251080918752 0.04034986685133202 0.07198475598392359
0 0.38294861150756265 0.5147243019554517 0.03793792069139794 0.06958645459715278
11 0.5058860063347131 0.5347848416587156 0.03456286810497318 0.06091996941479181
9 0.630491201241006 0.52439481515757 0.032659387305303156 0.04916485182361115
3 0.384258710412206 0.4428311181598614 0.031256011678482486 0.05459723423243048
5 0.44524167451882873 0.44268695421590315 0.03318222453146404 0.06713360182361114
0 0.7078098706787627 0.4464529595342367 0.04894361685133184 0.07218477773541672
3 0.2647023798499627 0.360306946047778 0.037506011678482484 0.05474270459715278
4 0.3204211824363875 0.35300424553468773 0.058469381037097 0.10441604948690983
6 0.39316836064963284 0.3515703385245837 0.03513116943775678 0.08045121941479172
5 0.4507762721698308 0.3599471893982643 0.03481292069139794 0.06951371941479163
9 0.5147251119032741 0.36534451063666706 0.028199207838416562 0.05686824905006951
2 0.5702620580632081 0.3642918101235769 0.03802884890464338 0.07271145459715278
8 0.6945035401165194 0.36640178362243114 0.04512829506457727 0.07521885875746523
9 0.2770863710744741 0.2839808353904516 0.037687868104973175 0.06099270459715278
1 0.45357231472712567 0.2638534393982643 0.04557457594338974 0.11738817496187508
9 0.521413032594672 0.2967036134102088 0.028131011678482486 0.05452449905006951
9 0.27899586355262673 0.2183558353904516 0.03306856426490725 0.06322735182361114
3 0.3936350250728246 0.22806010334222257 0.028381064264907253 0.0631182490500695
3 0.5164731314993153 0.22466495924989624 0.028312868104973177 0.06077449905006951
6 0.5772204148854103 0.2057526115103477 0.0339096502374268 0.09213360182361115
7 0.6406380572052782 0.20253799895316024 0.055199628529814505 0.12620013050895834
11 0.3460900868304494 0.14252134042444475 0.03972774122451135 0.07743532218833335
2 0.40318953299038346 0.14150500750253509 0.03754311559769068 0.08284952080156253
3 0.517669570137402 0.156678025454306 0.026818564264907252 0.06308188145888893
3 0.576263320137402 0.15804181012357688 0.028381064264907253 0.06311824905006946
9 0.6287661945105814 0.15379137442812554 0.03150606426490725 0.06319098423243057