5 0.2570447874669875 0.6518765511383858 0.046381447312694314 0.05934377232113448
8 0.51884683745287 0.632478120133679 0.038796460466873836 0.06311365462638267
9 0.5864060637753468 0.6383229711893392 0.030164913111827295 0.04891478693163087
9 0.6482690269436437 0.6481695296313256 0.035770171004335084 0.051353994317957154
9 0.7186648269295264 0.6321121071480355 0.04045767100433508 0.0514358149348082
9 0.2733515979056266 0.5594981363657333 0.03825042889684287 0.05373865462638268
11 0.3274475637047595 0.5686998125024715 0.04169394731269431 0.05926195170428343
9 0.46563780844308766 0.5678486043053663 0.03043792889684287 0.05360228693163087
4 0.6616783505364625 0.5519394119365739 0.06304530254613142 0.0908528709411625
10 0.7300034163073607 0.5312353997617093 0.07186656570031094 0.09490912540538936
6 0.40174888466674236 0.4721872767886565 0.03713524992941277 0.07479149431795715
9 0.4705443872975783 0.47020599107484157 0.029702181527678916 0.054369900162155815
0 0.5285921057275471 0.47855823336420383 0.03699874203690499 0.07244774431795716
0 0.6517033820359064 0.46860476055660205 0.046328239406069116 0.07183013555165907
8 0.5322246109186318 0.40279062013367894 0.03929698940606911 0.07170740462638267
3 0.6493589030120066 0.38825874148187867 0.03595218152767874 0.05447899431795715
3 0.3490928634788806 0.33106344480771976 0.03438968152767874 0.05445172077900686
3 0.5909996424180758 0.31825593303989225 0.030619939420186527 0.05672728693163096
6 0.7115851582030913 0.3114683705407161 0.046965276237772004 0.08276763555165915
7 0.2913251370858167 0.25090438636573337 0.0620666314712091 0.11424946063273707
3 0.36490685025411385 0.2605463932655922 0.03310019731269431 0.05911194724005649
2 0.41775883446909834 0.2643065929412806 0.035436242036904986 0.07242047077900686
5 0.527907379193309 0.24911619521475686 0.03166649992941295 0.07469603693163088
3 0.6422506002541138 0.2557053401019068 0.034662697312694314 0.059139220779006865
3 0.3069193159826596 0.19756119805413067 0.03475370257436623 0.060701720779006776
2 0.42474385281436255 0.18457818263285514 0.034465276237772 0.08254944724005649
3 0.5392235817676752 0.18882357752000517 0.02850370257436623 0.060592626623205435
3 0.6990081054451985 0.1790104265470705 0.03475370257436623 0.060701720779006776
1 0.30599312379046284 0.10626404220993199 0.06054192882625564 0.12827105032431155
9 0.37531227118786176 0.13549184618769156 0.030202710466874016 0.06296365016215581
11 0.5332080711737444 0.11790710552318236 0.03180300782192056 0.07703978693163097
9 0.5872130317112054 0.12867128165992048 0.030202710466874016 0.06296365016215577