9 0.5290840972638996 0.7372201638470491 0.03287350840295709 0.04057110182361114
3 0.5986153472638996 0.7388385216545839 0.03677975840295709 0.04066202080156245
0 0.22432495448799292 0.6167381307932989 0.04926251235728971 0.059684777735416715
6 0.28231386802414626 0.6329456654625696 0.04535626235728962 0.05959385875746541
11 0.34454195399370136 0.6218821853142018 0.03988751235728962 0.05946657218833344
2 0.5507773665412714 0.6462321411456255 0.04047776136870649 0.05479725598392378
3 0.6005226985564939 0.6536459040634034 0.03456334239534584 0.04373246941479181
3 0.674932449545077 0.6506858646444798 0.037911176882026255 0.04927395459715278
10 0.41735205429771244 0.5430317931217366 0.05053585228117754 0.09093477773541672
9 0.4764896323586022 0.569431945382188 0.029094592395345842 0.04360518284565984
8 0.6780839658566995 0.5733421146444797 0.04333084733826169 0.06735180737069442
3 0.24488148809982085 0.4576904391139238 0.0381021778706093 0.05396145459715278
9 0.3746180676435854 0.47869588297750026 0.029540261368706487 0.05454268284565984
9 0.42825240361314043 0.4674323810776393 0.02950842787060921 0.05376143284565984
8 0.5521528186321685 0.4781361045764935 0.03857968034206714 0.06568020459715278
5 0.6726417321683218 0.49579834289298663 0.04073242935348418 0.06104725598392378
9 0.3114906679475965 0.3966815103523266 0.03197951186299815 0.05694098423243057
1 0.43457534087528993 0.3698306824644101 0.047170771748829846 0.10412510875746524
11 0.27077943771926 0.3018950340036808 0.043521848326844824 0.0720393073706945
9 0.3174488492782469 0.3272229955346878 0.0334146778706093 0.053852351823611144
7 0.4397522722059404 0.30035398385118095 0.046803357224093387 0.11426317496187507
3 0.5604494327763442 0.33209690596326435 0.028854511862997968 0.05686824905006951
9 0.6180390982896637 0.33891125683694495 0.02963576186299797 0.05688643284565975
3 0.27303961608416094 0.24642628400368077 0.03354201186299814 0.05697735182361115
0 0.3257972015594245 0.23748834830822946 0.03937551779449713 0.08521145459715278
9 0.4421251971108001 0.2613096676467712 0.027387512357289624 0.05917563145888893
6 0.5115437005708412 0.24650359165871571 0.03078176779449713 0.08501143284565975
2 0.5580366985936749 0.25696961939413243 0.03818043231923376 0.07503702080156253
4 0.621986452053716 0.24203625683694496 0.051077021748829846 0.10421602773541672
3 0.39299663041861693 0.18118510334222254 0.02901367935348409 0.060774499050069465
5 0.44725304889768613 0.17384603523795175 0.03046343281352506 0.07719893284565975
3 0.5710579634224227 0.18689350873680605 0.028950012357289622 0.059211999050069505