8 0.756346868664793 0.8200683271466687 0.08999426180566097 0.16378526878308008
6 0.5584331060735653 0.45332520163378653 0.06732892144658109 0.16129959733826169
10 0.651489256246516 0.17345597091115844 0.062005617191855045 0.18607676285158128
7 0.8334063558771735 0.33481125946590223 0.08098287616884577 0.2259032668059139
11 0.805727304352922 0.122695920036306 0.06170109016268803 0.1337330128515813
9 0.7247767653217022 0.20222956973229483 0.0537613251355733 0.1115396778706093
9 0.7433444372592628 0.36865040718472475 0.0584488251355733 0.11173067885919252
9 0.7380887898167867 0.4661156561961416 0.06158746067419259 0.11420176285158128
9 0.6420763321676561 0.5825444694282836 0.06555734318774994 0.12529843034206714
1 0.23030408177487263 0.30632954893486714 0.09030787919390768 0.21769151878308035
5 0.42761593989154145 0.10494475695726328 0.05386586426498887 0.1295084278706093
5 0.6472279613615637 0.3686411369187697 0.06329540641946654 0.13926542984777565
2 0.6505887898167867 0.46255030440925565 0.06962267447164336 0.15280134783255317
2 0.7517417027773566 0.6714079926599883 0.06734255698520072 0.1636433473382617
0 0.4900290605994379 0.25674202030313614 0.06106528590796181 0.1587011793534841
3 0.5833205183467643 0.20506145657670244 0.0521897347764936 0.10991351087441492
3 0.3136387565411035 0.3542669832312671 0.05217609923787414 0.10756976087441492
3 0.38904678093799205 0.5558241660447922 0.05696359318774995 0.12494826186299815
3 0.4508059166730032 0.6857145958925679 0.05849882211051103 0.12032442885919252