6 0.48044136879750515 0.7449532520687241 0.036929570325752795 0.051190330004772376
11 0.3405157732440089 0.7456697727164068 0.04239832032575279 0.051253964672181594
5 0.414211222788522 0.6496129327259518 0.0370386977304145 0.05431533000477255
2 0.28330596316987516 0.6605947913749072 0.0487574477304145 0.05445169000636341
2 0.2159101320443491 0.6433976533656803 0.05366320253973793 0.06075623400699968
8 0.6756968490120573 0.569809443427723 0.03981895734906136 0.06684260200509069
9 0.5522320671608919 0.5691543680776328 0.03154266587924912 0.05347044533736352
4 0.6822494385751038 0.49407364676158655 0.06178572658635506 0.09208805000795409
3 0.5580852522774347 0.4910657307447236 0.02911707032575279 0.05109942333704538
0 0.4944592618960815 0.4778202960693605 0.03365080290255769 0.06911362667090906
9 0.36854160264025443 0.4802629487189522 0.02919891587924912 0.05344317333704538
9 0.30682285264025444 0.47954478604390705 0.033105165879249124 0.05348862667090888
0 0.5523833785009701 0.40815323341022375 0.033759930307219396 0.07223862667090888
3 0.4333605599893158 0.41458395206077 0.029226197730414506 0.05422442333704538
1 0.36012395663127117 0.3855953387173613 0.05532739546082901 0.10841248400699968
3 0.2448164151614589 0.3975402607017711 0.037819947730414506 0.054324420671545234
3 0.6228074951058586 0.3386316214194506 0.03165179328391084 0.05659544533736351
9 0.5549751543616857 0.33393448341022375 0.028444947730414505 0.054215332670272606
5 0.4922568995523623 0.3394572300684059 0.032170148456053836 0.07143919533736351
7 0.3189930143431522 0.31008626137808887 0.05532739546082901 0.10841248400699968
10 0.2553571002780017 0.31950616736949833 0.06235864546082901 0.10849430000795417
6 0.671738557627063 0.2579179707590412 0.04114584437236992 0.08247669267186346
9 0.6095832980084162 0.26969980808399613 0.029226197730414506 0.054224423337045205
3 0.5575396483712359 0.26049698341022376 0.02866320253973793 0.06046533267027261
9 0.38421127577589764 0.2553538553866794 0.028608638837407163 0.05890283267027261
3 0.32475443022240136 0.25700671471195247 0.031733638837407166 0.05893919533736351
9 0.2683134572642434 0.26182093670431644 0.03491320253973793 0.06053805800445433
3 0.6177256694226282 0.1932009427514052 0.03178820253973793 0.06050169533736342
3 0.5600222968272899 0.18940323341022375 0.02718254809323426 0.06279090133672711
9 0.5030456105296207 0.187177114735815 0.027100702539737932 0.06044715133672716
8 0.38181545127379357 0.18967431138604302 0.03861112141421197 0.07698067067154524
11 0.3311978923807861 0.18439591804581607 0.03861112141421188 0.07698067067154524