1 0.253829194403978 0.6897020663720579 0.07078583279171564 0.07551897840327407
8 0.45440589286185046 0.7119433158062309 0.03920855032431163 0.05513123530067894
4 0.7317769164008008 0.7249157858417619 0.07092220048646744 0.08333147840327407
0 0.2605252536567432 0.6196761714150119 0.04796594155801355 0.06495661465389269
9 0.3276445698093674 0.6271035690855913 0.03360343262955982 0.0470321302577247
6 0.3973121875041191 0.6229350474888653 0.03696025771063773 0.06047715456798421
9 0.5222849139651687 0.6310485198992454 0.028093772321134303 0.04440177521477064
5 0.6552065081209701 0.6317589280852743 0.04321025771063773 0.06080470318850324
3 0.465931548299012 0.5444249451594445 0.028284687093786686 0.055339275214770646
3 0.521645760149565 0.5332694391665507 0.028284687093786686 0.05533927521477082
6 0.7137650763021892 0.5472478092475102 0.04803412540538936 0.06886286465389269
9 0.27739692816862827 0.4594756558111797 0.03842730032431154 0.05509029172311415
9 0.3422406781686283 0.4628739727490645 0.03373980032431154 0.0548446302577247
3 0.5229412532497062 0.45905068916655073 0.028284687093786686 0.05533927521477082
9 0.650353187097082 0.4618182423096256 0.03223184740221221 0.057887743102595125
3 0.4014441286550956 0.3862162974888652 0.02832559740221221 0.057683025214770645
9 0.466478793427748 0.3786771144267499 0.027503437093786685 0.05529833163720586
11 0.5268532317393507 0.3693297698992454 0.03250458279171564 0.07351274310259504
5 0.577334472810897 0.38917860244096236 0.034012535713814886 0.07046963025772471
8 0.6563225434277481 0.3886264037750148 0.041825035713814886 0.07087906603337357
11 0.7055549301972232 0.390424599161602 0.039522196022240406 0.07309998530067893
2 0.3957901923720878 0.3069415552907814 0.038836403408566686 0.07852779172311405
10 0.6992970219173926 0.3009526633859532 0.053498921265474134 0.11363977611928178
9 0.3440015957806545 0.2275948920163698 0.028366507710637735 0.06002677521477064
9 0.4009919354722289 0.23292752317860574 0.027653441558013726 0.06389208163720576
2 0.4643413693196048 0.2323377029613607 0.03410799310014116 0.07593838025772479
3 0.5261010296280302 0.2332284955889859 0.0276125312495882 0.061548331637205765
7 0.28844311688397284 0.14023101085413386 0.058431883116027185 0.12794793758467105
3 0.351260716721817 0.1701099406368888 0.03077844155801355 0.06405585594746528
3 0.47243628733866805 0.17176869515944457 0.027653441558013546 0.0638920816372058
3 0.5288226550334197 0.16690413274411564 0.025309691558013724 0.06376925090451113
0 0.6969686830365969 0.16555075192056395 0.03991766233702041 0.09575623530067894