0 0.7912926808488894 0.654861390210763 0.05750468189572935 0.057182439420186526
0 0.7186182470532992 0.6583118848785038 0.04811149810013902 0.05585515785015538
6 0.644254026688577 0.6563846348079168 0.04344218189572917 0.05636339206513981
3 0.566001740119445 0.6554661478915091 0.03068760875746541 0.04469784997176518
2 0.4364960780753478 0.6708320846102727 0.04422343189572917 0.056408894695975854
4 0.7816975156706603 0.5451146638882862 0.07156783510611113 0.09154973414439738
9 0.7007020888089242 0.5607844374952223 0.03639274810013902 0.055172618387616626
11 0.6366759564001047 0.5660781532237682 0.03968140226045147 0.06238587891096028
2 0.5795719712177435 0.5662748452747907 0.038863784669270984 0.06077787628012441
9 0.3093867577868755 0.5874875055440205 0.03633819671336811 0.05282886838761662
6 0.7047336657469101 0.4651079164485349 0.04847517401194459 0.07148015785015538
3 0.5706859740675352 0.4869968689523139 0.02859843189572935 0.05549884207925722
7 0.5079677685204518 0.4812620794191879 0.04446047444878474 0.10011339206513999
9 0.31459962822784765 0.5089529818664972 0.036283645326597204 0.05048511838761662
5 0.6938130431217365 0.399247698018566 0.04373312262517359 0.06886339206513989
9 0.5064766972820489 0.41719957941918795 0.02852569671336802 0.052373842079257396
1 0.4245538968452087 0.39302560302612405 0.053181511017916704 0.10608267100433508
10 0.3652698158231601 0.40039005296965435 0.06008547444878483 0.10102344468185845
9 0.6878156566288544 0.30963146117274565 0.031051284669270984 0.06032284997176518
9 0.5669946635627087 0.328403118952314 0.028580248100139018 0.054717592079257395
5 0.30765603115388923 0.3450724923898409 0.042279725398715405 0.07345988680346807
8 0.6745149164125003 0.2423452506352845 0.040063261967847194 0.07879212891096028
3 0.44255640159486126 0.2589845319935541 0.028707534669270986 0.060186342079257396
9 0.7273840368534724 0.16103506647676982 0.037446755033993286 0.0669368710184525
3 0.670389154444653 0.1659192585277923 0.03114220364722229 0.06422909997176514
3 0.6134670072181947 0.17392845057881479 0.028798453647222288 0.0640925920792574
8 0.5516937058314237 0.17517940841485283 0.033159298536979166 0.08385135523343697
3 0.7284185535709724 0.10464855858426203 0.03661095364722229 0.06454761838761662
11 0.665827634593021 0.104382519051136 0.03779224715020835 0.08178062101845249
3 0.6117213628415279 0.09892845057881479 0.028798453647222288 0.06409259207925735
9 0.552546384593021 0.11098040052234506 0.028071755033993107 0.06639083944842143
3 0.49482480357097236 0.11825384520420346 0.028017203647222287 0.06404708944842144