3 0.794955446085952 0.6789030900431952 0.03997272477225664 0.04932850598392378
8 0.6042585242162531 0.6947605601235769 0.03803820253973793 0.06099270459715278
0 0.39523818828140367 0.7000435529053822 0.037901793283910835 0.05708645459715278
3 0.33301100679305795 0.70640134925816 0.0374380018140986 0.04380520459715278
3 0.7802902561600857 0.5942553331093409 0.03935516587924912 0.05399782218833345
8 0.6502852976298981 0.6044998892457644 0.04501488883740699 0.05959385875746541
3 0.5308358931833943 0.6040615185204518 0.02911707032575279 0.05141768284565984
3 0.4634847020764018 0.5978102120996878 0.02911707032575279 0.05141768284565984
9 0.6434326077040319 0.5200339702678131 0.029226197730414506 0.05454268284565984
4 0.5860194117877159 0.5077690531897228 0.048449912884024116 0.09089841014423605
1 0.6408036263083534 0.4223959040634034 0.04422620435383653 0.10407055737069441
3 0.5689658318433162 0.4441423110735074 0.028444947730414505 0.05452449905006951
2 0.5210913270339927 0.43678309954250044 0.03373264845605402 0.07182110182361115
10 0.4518229718618496 0.42033917553055594 0.04656995435383635 0.10412510875746524
7 0.38816969962933107 0.4305668542921531 0.050476204353836526 0.10421602773541672
6 0.3293130548014742 0.4440286358272919 0.04310764845605393 0.07203930737069442
3 0.5756399285779389 0.36701676662059074 0.029226197730414506 0.05454268284565975
3 0.5138393330244425 0.3632364967689588 0.028444947730414505 0.05452449905006951
9 0.392963837833766 0.3666680084524656 0.02919891587924912 0.05376143284565975
0 0.32951889672677337 0.36050762100965306 0.04114584437236992 0.0829222559839236
9 0.741661743461396 0.29281946646809087 0.037901793283910835 0.05708645459715278
11 0.6782168023544035 0.2866590790252784 0.039982648456053836 0.07196657218833344
9 0.5682788071637269 0.2903451638470491 0.028608638837406986 0.059211999050069505
9 0.3953323804847046 0.30037086122600726 0.029389888837407164 0.05923018284565966
5 0.5045139183263199 0.23031489399541707 0.0321974303072194 0.07256598423243057
9 0.3891890186891396 0.23621744224805585 0.02866320253973793 0.06077449905006951
9 0.3266617368379741 0.23398148860083362 0.03329613883740708 0.059321101823611146
11 0.6651215469121079 0.1575528072737853 0.03782987141421188 0.07738077080156254
9 0.6156126202330856 0.17045154435600746 0.02718254809323426 0.06308188145888889
5 0.4995238287632732 0.15447909260864626 0.03227927586071573 0.07490973423243057
6 0.43883186542376224 0.16009200655260453 0.03061757213985139 0.09438643284565976
2 0.3319370246795893 0.1615070765567364 0.03255209437236992 0.08272223423243057