9 0.32825265855602714 0.6845829708370472 0.037476884172632195 0.04086669239901042
0 0.4041326190934883 0.6940739796125358 0.03825042889684287 0.05414794239901042
2 0.6030251454018476 0.6804875380714555 0.04582771046687384 0.06372753087881229
9 0.6623014348643864 0.6670638840731048 0.0379774131118273 0.049460442399010415
6 0.7357844374952224 0.6641458210618388 0.05483868942018653 0.05775031551854859
8 0.5412979611021586 0.5886924946562306 0.04192146046687384 0.06361387061225568
5 0.5965391979479788 0.5909847688711255 0.04178495257436623 0.061270120612255674
0 0.2828322846949772 0.5002821786754638 0.046836473621053545 0.06765651293212364
8 0.34308724523243833 0.5102278285171792 0.04449272362105354 0.06758831677218975
9 0.40774898470909465 0.511466068092338 0.0325086631118273 0.04930131802583091
3 0.5362380057557821 0.5014880113492781 0.030301421004335083 0.05157687186589684
4 0.6082950162791259 0.4962716624446347 0.060565044653623445 0.0891139757851052
9 0.7259907504941102 0.4975266223946223 0.043764681527678914 0.055088316772189574
9 0.2953847635777026 0.432063376089039 0.03921368942018653 0.057295674452321775
3 0.35504048463850746 0.4389067579840658 0.03438968152767874 0.054815532132453625
9 0.41137378462439 0.4224490321989606 0.03043792889684287 0.053920621865896835
3 0.5359187583160308 0.4266244036691461 0.03048343152767874 0.05470187186589683
11 0.6090755372552259 0.4159165727111914 0.04214897362105354 0.06752012061225568
5 0.7246095319935542 0.41411472882111305 0.04697298151356151 0.07000026293212365
9 0.4222727582454436 0.35583819371915854 0.03075644731269449 0.05938937186589692
2 0.5481828108621621 0.336576065189344 0.04164073940606912 0.07218488855894431
3 0.7300852582454436 0.34688176471449034 0.03907718152767892 0.054951924452321596
3 0.31624954237572345 0.2746911452893689 0.034662697312694314 0.05950303213245363
10 0.371991308160739 0.26838966950426374 0.0573791314712091 0.11475883346523715
11 0.43223856342241085 0.2650768013992905 0.03539073940606911 0.07200303213245363
3 0.7193367450206768 0.27700117372740585 0.03935019731269431 0.05963942445232169
9 0.3122592633659411 0.20929346582248237 0.033327710466874015 0.06336381802583091
7 0.3727718291368392 0.18803457977082044 0.05535389988706054 0.12015938730530311
3 0.3842399501552918 0.15182429513108436 0.030983960466873926 0.06329562186589692
3 0.4429702080477996 0.14777564113273384 0.028640210466874018 0.06322742570596293
6 0.5019657764495336 0.1257809691876946 0.03514781570031093 0.09461381802583095
1 0.6676740764354161 0.10614075593900174 0.05920694198043534 0.1327503155185485