1 0.6150794623280208 0.6951838358175388 0.05778770734906136 0.06898974855225788
7 0.5575397808396751 0.7056889962804556 0.04935764845605402 0.07327698821317571
3 0.48806309454200597 0.7104899662966663 0.03283234736759475 0.046767992142117264
3 0.27588055307219367 0.70706967555951 0.04368800181409851 0.04493366439185813
9 0.7493155638719668 0.6177223076957763 0.0390005018140986 0.04471534057054072
9 0.5509053457231323 0.6277459327982202 0.03126984736759475 0.04669521753501123
11 0.4850075272114781 0.6229899662966663 0.03485863883740699 0.06012201674922295
3 0.4176836179556509 0.622213024402218 0.033023320325752795 0.052236742142117265
10 0.3377232994439966 0.6181120293646167 0.06946181733052796 0.09059292080199892
6 0.2716345079741843 0.6078873128630629 0.050756457349061354 0.06866226282028158
9 0.6719321191367772 0.5305541015333045 0.03771082032575279 0.052455065963434674
3 0.6114484869227921 0.52398092390688 0.033023320325752795 0.052236742142117085
9 0.5498661461786192 0.5307617708875615 0.03137897477225664 0.04982021753501122
8 0.4186707098809501 0.5384373378844535 0.04493304328391083 0.05825130169541097
0 0.3561062224948218 0.5170931848651348 0.0444518936467305 0.06680866439185813
9 0.28466773211346863 0.5329408167920042 0.03762897477225646 0.050111315963434676
0 0.6726191106992567 0.43818466501553993 0.0407911803072194 0.07365797787409356
9 0.6047049244015876 0.4429128604246447 0.03146082032575279 0.05216396753501122
5 0.4879712921876025 0.4389595686540311 0.035131457349061354 0.06793451674922295
3 0.35365085588993334 0.4467806848651348 0.034694947730414503 0.05543451674922295
3 0.3008705962712865 0.436718634203181 0.037819947730414506 0.05558006596343468
9 0.47821185707105973 0.3611620543860074 0.029389888837406987 0.05986730562435252
4 0.4153026293035783 0.3523542886702417 0.05044892250267097 0.10452698821317571
6 0.3028571930059091 0.35915656038186344 0.04348959437236992 0.08392338978475226
3 0.7313616497219984 0.2828571561241997 0.037901793283910835 0.057923815963434676
11 0.2971949808475243 0.28664585959607514 0.044670148456053924 0.07305866439185812
2 0.718886442372937 0.21692394107038782 0.04348959437236992 0.08392338978475226
2 0.6588666016287641 0.22363201344396333 0.044506457349061355 0.06837116439185813
8 0.6091022146054555 0.2102994135677978 0.04095487141421188 0.07834547787409356
3 0.543365598000567 0.14293428515558504 0.02874504809323426 0.06373716832079959
9 0.48825151206571765 0.155674033707843 0.028608638837406986 0.059830918320799585
5 0.372271848000567 0.15090310463367645 0.03861112141421188 0.07823631596343472