1 0.6277165592475102 0.7295197034134053 0.05894895409301455 0.06705168734086335
7 0.570313495023159 0.7366594940722239 0.05060086555840364 0.0716391900063634
3 0.5008641321782887 0.7374129247294516 0.03362472749876275 0.04567612667090888
3 0.2884493413596859 0.7216681040340439 0.04443939676606821 0.04345964600572696
9 0.7607094436891065 0.6600168200986318 0.039751896766068204 0.04340510200509069
9 0.5623128872666714 0.6584890407383603 0.03206222749876275 0.04565794533736352
11 0.49627845149102257 0.6499129247294517 0.03588326831736559 0.05897555800445424
3 0.4288862336031983 0.6452248773869975 0.033911332541716986 0.051144876670908876
10 0.34878929782754947 0.6364851293761798 0.07099193068726617 0.08827270667568143
6 0.2824682570089466 0.6224402633672712 0.05191770409301446 0.06696987133990895
9 0.6817412386915809 0.5685282067552231 0.03859883254171699 0.05119942067154533
3 0.6210936657608024 0.5584532254137236 0.033911332541716986 0.051144876670908876
9 0.5595796336486268 0.5616413127386786 0.03222600180902226 0.04878294533736351
8 0.42841152080375655 0.5616765807208611 0.045916687584671045 0.05674998667249973
0 0.3654235198992454 0.5367396680458161 0.0455858169378847 0.06533464600572714
9 0.2942036171402834 0.5484033267027255 0.03847600180902226 0.04885567067154532
0 0.6808161465389256 0.4763861600890868 0.04204805913596843 0.07232044267186347
9 0.6129292836940554 0.47715777207986 0.032348832541716985 0.05112669533736351
5 0.49603171076327685 0.46642826273072424 0.03629270409301455 0.06678805800445424
3 0.36173859791840657 0.466427168045816 0.03563760685197641 0.05428805800445424
3 0.30873975067736853 0.45331809337204365 0.03876260685197641 0.05432442067154515
9 0.4849061030067892 0.3882214467297698 0.030414518317365767 0.05891192333704529
4 0.42179194934331604 0.375775443387952 0.05223860866099876 0.1028891900063634
6 0.3093738364984458 0.37602888737268003 0.04492407564431193 0.0825039646721816
3 0.7368946489137748 0.32478784476445005 0.03888543758467104 0.05666817067154524
11 0.3024410837849124 0.3033362747055891 0.04591336555840364 0.07158464600572696
2 0.7232581948207603 0.25826341609640463 0.04492407564431193 0.0825039646721816
2 0.6633066627085847 0.261469684754905 0.04566770409301455 0.06689714600572697
8 0.6132690411572872 0.24527197274822354 0.04229372060135787 0.07700794267186346
3 0.5463028691764483 0.17422312873963303 0.02983798620519007 0.06280908267027252
9 0.4913663856847917 0.18373394139876972 0.02963326831736559 0.05890283267027256
5 0.37520911917644834 0.17223227271640681 0.039949970601357875 0.07698067067154524