1 0.5646080376719792 0.6986219589366172 0.05778770734906136 0.06866642836490086
7 0.5065227191603249 0.7087901377958097 0.04935764845605402 0.0730037598858317
3 0.436936905457994 0.7131858191264602 0.03283234736759475 0.046585839923887915
3 0.22568194692780633 0.7085314471108002 0.04368800181409851 0.04468775889724856
9 0.7038094361280332 0.621957346769608 0.0390005018140986 0.04449675790866543
9 0.5053446542768677 0.6308243052862956 0.03126984736759475 0.04652217292769336
11 0.43999247278852194 0.6256858191264602 0.03485863883740699 0.059930756920082116
3 0.3729413820443491 0.624517249962819 0.033023320325752795 0.052054589923887916
10 0.2935267005560034 0.619951766768733 0.06946181733052796 0.09020584733826169
6 0.22836549202581566 0.6093445306088974 0.050756457349061354 0.06837992688202607
9 0.6327553808632228 0.5343565290888416 0.03771082032575279 0.05224559091247105
3 0.5729265130772079 0.5274327084423256 0.033023320325752795 0.052054589923887916
9 0.5110713538213808 0.5338538047920041 0.03137897477225664 0.04964717292769336
8 0.3797667901190499 0.5407643324723329 0.04493304328391083 0.05800084239534584
0 0.31889377750517817 0.5190604288220114 0.0444518936467305 0.06656275889724857
9 0.24658226788653134 0.5344891106469534 0.03762897477225646 0.04990184091247087
0 0.6398808893007433 0.44200986159835554 0.0407911803072194 0.07343484140676253
9 0.5718575755984123 0.4463418759328116 0.03146082032575279 0.05199092292769336
5 0.4557787078123975 0.44171006714929373 0.035131457349061354 0.06774325692008212
3 0.32134914411006665 0.4487479288220115 0.034694947730414503 0.05524325692008212
3 0.2694419037287135 0.4383807731945236 0.037819947730414506 0.055370590912470874
9 0.45147564292894027 0.3638715686321685 0.029389888837406987 0.05970792243340188
4 0.38938487069642175 0.3546994984799442 0.05044892250267106 0.1042537598858317
6 0.2768303069940909 0.36084602220594036 0.04348959437236992 0.08368659190105418
3 0.7092633502780017 0.28705576475438555 0.037901793283910835 0.05771434091247096
11 0.27624251915247566 0.2883171061983292 0.044670148456053924 0.07281275889724856
2 0.701426057627063 0.22106335022964907 0.04348959437236992 0.08368659190105418
2 0.641133398371236 0.22742077958313317 0.044506457349061355 0.06812525889724856
8 0.5924602853945444 0.21380128996325648 0.04095487141421188 0.07812234140676262
3 0.531634401999433 0.14606730330912931 0.02874504809323426 0.0635823389353047
9 0.47581098793428234 0.15848373167403024 0.028608638837406986 0.05967608893530465
5 0.36054065199943297 0.1530388393924152 0.03861112141421188 0.078026840912471