11 0.490625 0.6640625 0.03515625 0.05859375
3 0.55078125 0.67578125 0.0296875 0.0484375
9 0.6890625 0.678125 0.0359375 0.053125
5 0.290625 0.56015625 0.0421875 0.0625
9 0.3640625 0.56484375 0.03125 0.0484375
6 0.4296875 0.575 0.0328125 0.06875
8 0.7453125 0.56875 0.04296875 0.06640625
0 0.303125 0.4796875 0.04296875 0.07421875
2 0.55078125 0.5 0.03515625 0.0625
3 0.62109375 0.5015625 0.03125 0.05625
10 0.6921875 0.490625 0.0625 0.10234375
9 0.74140625 0.51015625 0.0359375 0.05390625
3 0.3640625 0.40078125 0.03125 0.05625
6 0.43125 0.4 0.03125 0.0796875
9 0.6234375 0.4125 0.03125 0.05625
3 0.73671875 0.42734375 0.0359375 0.05625
9 0.31640625 0.328125 0.0328125 0.06015625
3 0.3734375 0.32734375 0.0296875 0.05859375
9 0.43359375 0.3328125 0.0265625 0.06015625
0 0.6078125 0.334375 0.0328125 0.08203125
7 0.68203125 0.325 0.05625 0.11640625
2 0.31640625 0.25703125 0.0375 0.0765625
3 0.38125 0.265625 0.02734375 0.06015625
1 0.43671875 0.24609375 0.0421875 0.12109375
9 0.490625 0.27265625 0.025 0.06015625
3 0.66953125 0.275 0.03125 0.06015625
9 0.55859375 0.2046875 0.0265625 0.0625
8 0.675 0.203125 0.0421875 0.07421875
11 0.72734375 0.20078125 0.040625 0.07421875
3 0.3296875 0.1296875 0.0296875 0.0625
4 0.39375 0.11328125 0.0421875 0.12109375
5 0.72109375 0.14453125 0.03828125 0.0765625