11 0.6520195558959593 0.7702514718906783 0.04362327800763595 0.056499984874689525
1 0.5856951218969139 0.7628338816297946 0.057022706675681434 0.06673350292686635
9 0.5209059158975502 0.7577691317279904 0.03181362133990877 0.048619307181592394
3 0.44905818789786833 0.7550072252103279 0.03181362133990877 0.048619307181592394
9 0.3863309212285503 0.7741748608471433 0.03174998667249973 0.0431505571815924
3 0.5844240705760951 0.6706327460911752 0.031840893340227085 0.0509630571815924
3 0.5227235019096405 0.6687111769075302 0.03030566534054522 0.0532977168225127
8 0.3758212299093223 0.6702004331540461 0.04135225334181776 0.06273634933607006
3 0.7221337032543218 0.5862719025106417 0.03811816534054522 0.053343168617910844
3 0.6456802912555946 0.5764514749157404 0.03656475600731781 0.05411532825883114
7 0.5152660852562307 0.5710049299325923 0.04332383334659031 0.09790168969514959
8 0.38863085992204904 0.5765186108471433 0.041452250676317706 0.07133009933607007
5 0.31372176658977624 0.5682697736113216 0.042960206675681435 0.06665168969514959
11 0.7129956079328668 0.49871281517662414 0.043796000676317705 0.07134373487468952
9 0.6394672012651395 0.5060980682998821 0.03186816534054522 0.05330680718159222
3 0.5863785639322303 0.5026639960911752 0.03190452800763595 0.056431807181592394
2 0.5144762919319122 0.5045895895735126 0.03663748134149962 0.06036532825883114
3 0.4567456079328667 0.4972219962875668 0.027998278007635945 0.056409081283893416
3 0.38499787726768486 0.48586633976990445 0.03187725600731781 0.054088057181592396
9 0.258462649268003 0.4827862706844554 0.03896305000795417 0.058816463797450605
9 0.7076364932765935 0.4221139537403057 0.03815452800763595 0.05646816861791084
9 0.6357251306095026 0.42482079722264326 0.03187725600731781 0.054088057181592396
0 0.39996035327818436 0.40860440300162093 0.03220452001113587 0.08221305718159222
2 0.3272859219446389 0.4097442013044187 0.043832363343408606 0.07446873487468934
4 0.7158404392902747 0.32137361035616396 0.05754087468172671 0.11126475292686626
9 0.5836455572883658 0.33466797501393625 0.027998278007635945 0.056409081283893325
6 0.5234529446212749 0.33744299618937096 0.03220452001113579 0.0822130571815924
10 0.3932296426241383 0.3155902012062229 0.049792009349135656 0.11668805113146821
6 0.3306296452896384 0.3238203368430382 0.04317838267822669 0.08540168969514976
9 0.6968637199634108 0.27360373086766876 0.03353975334181776 0.062690897540672
0 0.6385517806333652 0.24904409240218311 0.0362198580124085 0.09161078307929138
5 0.2766966706317743 0.25865842427525154 0.041515885343726744 0.07679884933607006