9 0.32926554664742297 0.6889939107121673 0.03868206677218975 0.0412795649348082
9 0.5887542069139797 0.6974275681779238 0.028594012932123648 0.04344603693163087
3 0.6517543120868291 0.7157060097359373 0.032500262932123644 0.043514220779006865
9 0.7252145441401405 0.7177691160666033 0.03959970909205772 0.045980701704283436
8 0.2617394143566848 0.5956745588457283 0.053381064264907255 0.06340002678536116
4 0.32584737846330747 0.5983552739426921 0.061071543810936116 0.08617900771063773
3 0.45424516310304364 0.6099667041366199 0.028821333465237232 0.05125853693163087
3 0.5861400207831755 0.6075838181779238 0.028821333465237232 0.05125853693163087
3 0.6440207169431096 0.6109366891190863 0.03272758346523723 0.051326720779006865
9 0.27515940518548476 0.5201660442352316 0.036633833465237145 0.05139490462638267
0 0.3368326910788621 0.51968084902377 0.040213474531463865 0.06707445170428343
6 0.530514494918928 0.5207190178536122 0.033318616851332014 0.07163922077900686
7 0.6459803705457487 0.5172685097359373 0.05886418613080409 0.09082559740221222
10 0.7168157077719096 0.5364645689887027 0.06332436559769086 0.08309491801906325
3 0.3474770228947466 0.4292876741048479 0.03281851167848249 0.05445172077900686
8 0.46415605753448264 0.44069455275664826 0.034903848904643195 0.07244774431795716
11 0.6441845383341528 0.45554975973593737 0.03931856426490725 0.0631545649348082
5 0.2821726201500373 0.35865184577735915 0.04496917069139794 0.06950002232113431
3 0.3477976201500373 0.35979733441327344 0.03281851167848249 0.05445172077900677
9 0.40174933425666 0.3623007715070602 0.028889529625171127 0.05360228693163096
1 0.46308163935036717 0.3500968262955986 0.038938131037097 0.10375229139585782
3 0.5286073509497073 0.3746661781620377 0.028131011678482486 0.054369900162155815
0 0.5857067971096414 0.37800541233372514 0.03191524122451135 0.0770806972400564
6 0.28768918276559186 0.27988196347211086 0.04763116943775678 0.08047843262955982
5 0.41124034303214857 0.2859428230491877 0.034903848904643375 0.07244774431795716
9 0.468703502045064 0.3017820572208751 0.02826740399835046 0.05905740016215581
2 0.5225415558851301 0.3003792443146619 0.03481292069139794 0.06932274431795715
9 0.6346012866848001 0.31404805234961114 0.03139240399835046 0.059111947240056396
9 0.6999307699917526 0.30503729098552546 0.03444920783841639 0.056822744317957155
2 0.46718881466061857 0.2228894439903503 0.034972045064577274 0.07479149431795715
11 0.3589838580758434 0.15384734334172717 0.03809704506457736 0.07484604139585782
3 0.4695038209288248 0.16827012783772616 0.026750368104973176 0.060592626623205435