5 0.33535884230398716 0.7139599293302781 0.04251475292686617 0.05723192496187508
9 0.47367190856076585 0.7226472111497573 0.029937484874689523 0.04365973423243048
3 0.6071793001495095 0.710912890195695 0.033094301131468204 0.04920121941479181
3 0.690005435688129 0.7151841225282645 0.03618748487468935 0.04380520459715278
8 0.3363531948615111 0.6163400469214586 0.04565338846548563 0.05964841014423605
2 0.420705468963812 0.6143976468452086 0.040974978824565154 0.061101807370694414
9 0.47306285450243146 0.6179597111497573 0.029951120413308985 0.04600348423243048
2 0.541136143631847 0.6375104513661116 0.036219301131468026 0.04927395459715278
9 0.6167992189638121 0.6189617795383686 0.029982936670087668 0.05147223423243048
9 0.6788628817279904 0.5454164831855909 0.035469867388246715 0.05472452080156245
3 0.7398367431643089 0.5530848192416326 0.03624657220870695 0.05396145459715278
9 0.4752379119786115 0.45475119633211847 0.02767100292686635 0.05688643284565984
9 0.5376924601832134 0.44839339997934075 0.02765736738824671 0.05454268284565984
7 0.6126742794650542 0.44701404435600745 0.05217609923787414 0.10666888050895836
3 0.41778850546094903 0.38154877925402814 0.027671002926866174 0.05688643284565966
0 0.5395544211519936 0.3656354513661116 0.03172724385167989 0.08275860182361114
3 0.664663505460949 0.38729485866055613 0.031577252926866174 0.05697735182361115
8 0.3008777405320302 0.29212064371107666 0.04569884026088378 0.06746091014423614
10 0.3586038821207739 0.27862249458475724 0.05606871369925477 0.10441604948690975
4 0.47896637909571177 0.2900165491056601 0.04123859923787414 0.10641430737069442
3 0.5446095598138709 0.2946689879352435 0.027684638465485634 0.05923018284565975
11 0.6102663760706497 0.3016651767648269 0.035588042056281924 0.07503702080156253
9 0.6641862616092691 0.30526360866055613 0.03159997882456515 0.06088360182361115
6 0.7297385387366322 0.2942910474901395 0.04267837939029935 0.08535692496187508
3 0.47395162616884556 0.23365744633211846 0.026912478824565156 0.06077449905006951
6 0.6051243581166688 0.2234310739912852 0.03566531010845857 0.08831827080156254
11 0.6559601502711464 0.23398802070465333 0.03638292759490121 0.07739895459715278
9 0.723892538834828 0.22932001092100754 0.03627838846548563 0.05943020459715278
3 0.3071317648307229 0.15869054787138914 0.0316136143631847 0.06322735182361114
5 0.41801472267624523 0.15189764684520868 0.03172724385167989 0.08275860182361114
1 0.6537795058537325 0.12770165311347276 0.052339725701307314 0.1347938805089584
0 0.7148124546240684 0.1455262391695145 0.038826671544777015 0.09464100598392364