6 0.8067459733826163 0.7003770289458229 0.05395001235728962 0.06099531203449331
11 0.7361469718997415 0.6900709216260592 0.04926251235728962 0.06077698821317572
9 0.6642547258540743 0.7054369023956368 0.03166117688202626 0.04982021753501122
3 0.4683838103407547 0.7017724392038518 0.02919009288963732 0.046586055624352515
9 0.40540630786929677 0.6871427049196175 0.034881677376317734 0.05230951674922295
8 0.3279033903788108 0.6796341118678775 0.049580847338261694 0.06858948821317572
2 0.5314647890862164 0.6041204973094036 0.035454680342067314 0.06637201674922295
9 0.7187472717860108 0.5309677493763182 0.03813401136870649 0.05558006596343468
10 0.6478617688202613 0.5136303920565546 0.050695019771663394 0.09593323821317572
1 0.5259231018240669 0.5063914727022978 0.04428585228117754 0.09173588978475226
4 0.7073866660447923 0.4243902636443419 0.05963893825073256 0.10492724855225788
3 0.5179395054743885 0.44441801157742733 0.029540261368706487 0.05517980562435252
9 0.3983764219762913 0.4380695041338292 0.03354201186299806 0.057705492142117086
9 0.7590964046760857 0.372994737589494 0.040573261862997964 0.05803297787409347
0 0.6948747371855998 0.3661047286981538 0.04084251730020547 0.08377784057054054
0 0.6291860701894054 0.3614856951997078 0.03625051779449713 0.08590326674922295
3 0.5726323226608633 0.37054817204034396 0.029731262357289623 0.05986730562435252
5 0.4480952376798914 0.3569500907754284 0.0326161818249421 0.07325771753501123
2 0.7510027203796857 0.2891826637681764 0.04061968281352506 0.07830909057054054
9 0.6793823883644634 0.29208503184130696 0.03526367935348418 0.06168451674922295
3 0.45385580634924094 0.28781910111451053 0.029731262357289623 0.05986730562435252
3 0.3894258918245045 0.29495520491961746 0.029731262357289623 0.05986730562435252
3 0.7408027080223961 0.2302250407326471 0.037607429353484004 0.061793678659881834
3 0.674986707033813 0.2224810072342011 0.03370117935348418 0.061611742142117086
9 0.6182419585166878 0.22685598407483729 0.032138679353484176 0.06153896753501122
9 0.5040202910262017 0.2176371877561097 0.029109179847775658 0.06373716832079959
11 0.390611707033813 0.20923602874093508 0.03583668231923358 0.07574701674922295
5 0.32318412650146533 0.2193515833318303 0.041400932813525235 0.07834547787409356
7 0.729393022737413 0.1415799176971178 0.06368710969555132 0.12772904776646965
3 0.6168121096955513 0.15349125868194316 0.029109179847775658 0.06373716832079959
8 0.5596216922050654 0.14692873552257937 0.03312551779449713 0.08575771753501131
6 0.5012507766917457 0.14966843775610972 0.03100460228117754 0.09111730562435252