9 0.24168634657090582 0.736845029624735 0.03961046360606986 0.045967064934808025
10 0.3109992727495882 0.7427462021080251 0.05848889619489306 0.06581196063273716
0 0.3821486807313056 0.7260047613607904 0.03528683664159917 0.05369774431795715
7 0.6515707688206469 0.733053196829724 0.06116013192686935 0.07288412094116267
9 0.7201024449993293 0.7389407325435391 0.04418880169541097 0.04370513555165907
6 0.32376044603278653 0.6366325698027768 0.040791973945152105 0.05457445170428343
8 0.5164380976043631 0.6462508518631438 0.0377761358558109 0.056863654626382674
9 0.3334672398703148 0.5625229139585782 0.033615174730940375 0.051326720779006865
9 0.39774806369163235 0.5589536290555421 0.03205267473094038 0.051299447240056396
5 0.5147172398703148 0.5656866444768176 0.0355415477664696 0.059166494317957154
3 0.7108473771738677 0.5683282236150854 0.038193512820281585 0.04906479139585791
5 0.27366205438600744 0.4699984488616142 0.04130139619489306 0.06551195170428344
11 0.3385421916895604 0.47034905072805333 0.040410984284234355 0.0631545649348082
3 0.40075109326113695 0.477689992286067 0.02970892473094029 0.05125853693163087
9 0.520282343261137 0.479776418015768 0.02892767473094047 0.05124490016215581
8 0.5955541710113958 0.49203668465485945 0.041010297766469604 0.05926195170428343
2 0.651059308314949 0.4922236452875966 0.045879734284234176 0.06325002232113448
2 0.7085635932611369 0.48306287945928394 0.04528042080199892 0.06714263555165925
9 0.27839024979511223 0.40205697240056465 0.038448223945152016 0.05453354139585791
4 0.4725405101341944 0.39684514123040676 0.04264772642635144 0.09441820170428335
3 0.5263739855270886 0.3993485783241935 0.029073223945152195 0.054369900162155815
9 0.285462195204217 0.33415640624794046 0.0323073858558109 0.0567681972400564
6 0.3427481563290875 0.3296831404196278 0.04095679383752824 0.0748733149348082
11 0.6475084309361934 0.33343898051494414 0.03924874462331651 0.07172104139585782
3 0.7092271809361934 0.3345162853034826 0.03777613585581072 0.056863654626382674
3 0.3618663374701686 0.25495587580913126 0.03241654776646961 0.05911194724005649
0 0.4716779851128038 0.24749002353565505 0.03127357878371626 0.08485228693163097
3 0.5863034112914862 0.25418212864850503 0.029291547766469604 0.05905740016215581
1 0.7109416923087328 0.2305554882255819 0.06334337014004525 0.11975912094116259
3 0.2998244098437442 0.19366777394269213 0.03397904776646961 0.059139220779006775
9 0.3567464979330854 0.19700700811437954 0.03241654776646961 0.05911194724005649
3 0.47010052254019125 0.1974218396882792 0.02780182237357547 0.060592626623205435