9 0.6460484893730088 0.6805806196307336 0.03847600180902226 0.050320904567984215
3 0.45098165083839803 0.6861290140219525 0.029595646766068205 0.04440177521477064
8 0.2544751430364819 0.6894155455683013 0.05410100180902226 0.05113977611928178
9 0.7231675893275803 0.5916166169172001 0.03859883254171699 0.05266465456798421
8 0.5897376136378398 0.5954929686807938 0.04135201831736559 0.060599985300678935
9 0.5177364608788777 0.5868007213943274 0.03222600180902226 0.04999335594746519
0 0.45634525949939675 0.5837852640219525 0.03596515547249553 0.061875880257724704
9 0.3972601865686182 0.5962310323393183 0.032348832541716985 0.05233710594746519
3 0.3322083966545265 0.5887327928547679 0.033788501809022264 0.050075243102595125
10 0.25551974389556453 0.5802862070336905 0.07111476141996072 0.09332395409301456
5 0.7225301814802355 0.4997157219601542 0.049945768317365594 0.061050364653892686
6 0.6620463828597166 0.5091183774326498 0.04566770409301437 0.06861720318850324
6 0.5910721415661438 0.49569768656861835 0.04122586555840364 0.07305904172311414
9 0.2766787709193575 0.5036041983272632 0.03872166327441153 0.05500840456798421
3 0.6573422727283799 0.4353500067858633 0.037940413274411534 0.05496746099041942
3 0.5395749185899368 0.42282343057572447 0.0301688568519765 0.055339275214770646
3 0.46798652363289095 0.421121489711693 0.029346663274411534 0.05451708163720568
7 0.4107472337187992 0.4132138144514938 0.05223860866099876 0.10480036465389268
11 0.3528971121675017 0.4318276956137298 0.03941770409301446 0.06828965456798422
3 0.5944129047951269 0.3576211544564426 0.0325126068519765 0.05546210594746528
3 0.4242608570791191 0.34861904794315046 0.02951043758467122 0.057642081637205855
9 0.298807155699638 0.3489609639310955 0.0301688568519765 0.055339275214770646
11 0.7224394075086604 0.27845487562362736 0.04439180913596861 0.07400406603337358
1 0.4903196263009959 0.26257200531552527 0.04286360866099877 0.10430904172311398
0 0.42136490841317153 0.27008129014123433 0.033986575644311935 0.08358710594746528
4 0.36128722354203396 0.2568686391912947 0.05240238297125828 0.1079253646538925
2 0.5399787895754076 0.20699039066163274 0.03398657564431211 0.08358710594746528
9 0.48660812811001825 0.21446205393604428 0.02807076831736559 0.05990394448207601
9 0.4326166689286211 0.20404685436558562 0.027371405472495523 0.061425500904511134
5 0.5003674129357274 0.1451797874277009 0.033577139868663154 0.07577460594746528
2 0.3753231473318951 0.1377092034156459 0.03966336555840373 0.0729771545679843
3 0.32910656659920046 0.1424686244919736 0.034402655472495436 0.061793993102595035