9 0.33725154288649933 0.6979776845114506 0.03734688730530315 0.050530621018452494
3 0.5324276505666312 0.6819145268024694 0.028594012932123648 0.044561342079257216
8 0.7290980620868291 0.6634166138318165 0.05297188730530315 0.05144067363517095
9 0.26211749907556314 0.6170531791791916 0.03741508346523714 0.05287437101845249
8 0.3956203208623178 0.6061472293062484 0.03998615399835055 0.06082337891096028
9 0.4679128580093364 0.5894154846385075 0.031096887305303154 0.05016659997176518
0 0.5294497515828456 0.5795707768024695 0.03456286810497318 0.06206736049510884
9 0.5883162862225817 0.5855330794897752 0.03116508346523723 0.05251034997176518
3 0.653623037476223 0.5707733584995575 0.032659387305303156 0.05025760523343692
10 0.7306030746232415 0.5537685980468009 0.06902043613080408 0.09371147362105355
5 0.264903866784825 0.5245471607633402 0.04857990399835055 0.06132390785015538
6 0.32524197321131576 0.5272934581889739 0.044119724531463865 0.0688633920651398
6 0.3966168680384662 0.5059197161520689 0.03956861685133202 0.07327787628012442
9 0.7112105654520414 0.47898840592519126 0.037483279625171305 0.05521812101845249
3 0.3316761781467384 0.4525741792497787 0.03670202962517113 0.055172618387616626
3 0.4498806088672662 0.4269077793627182 0.028912261678482487 0.05549884207925739
3 0.5215964844940868 0.4172527873258131 0.02810827962517113 0.05467208944842152
7 0.5790907357477281 0.4029480926439547 0.04985289898378564 0.10507390785015538
11 0.6365766268139549 0.4152514005929323 0.03786972453146405 0.06849937101845249
3 0.396499544602359 0.36741095299788923 0.031256011678482486 0.05563534997176518
3 0.5670704573761981 0.33947712684482173 0.028199207838416385 0.057797089448421435
9 0.6926698509497073 0.32590120328023786 0.028912261678482487 0.05549884207925739
11 0.27016671364440425 0.3019896213008012 0.042716348904643375 0.07424113680346807
1 0.502942109725196 0.26025933468085977 0.04047789898378547 0.10452787628012442
0 0.5718057699917527 0.26016135316729844 0.032074365597690856 0.08376034997176518
4 0.6322658968722145 0.2402058979620963 0.0499438271970309 0.10819890785015547
2 0.45452133010002493 0.20986449253101522 0.032074365597690856 0.08376034997176518
9 0.5077827224198929 0.21145781363417235 0.02670490399835046 0.060049834186749605
9 0.5620837775136002 0.19499137947565764 0.025969118104973175 0.06156683155591365
5 0.49562605172849494 0.1432993478350394 0.03184704506457727 0.07594784997176514
2 0.6209981247688908 0.12191092427045554 0.03800611685133184 0.07318687101845253
3 0.6671600709288248 0.121570019051136 0.03300036810497318 0.06197635523343701