9 0.7836558072431059 0.6461779641582381 0.04312764469597567 0.045097816033373664
10 0.7287029967338796 0.6310343210102145 0.07182876834526439 0.08320864767057934
9 0.5134875204114029 0.6493659984181204 0.02998290258848364 0.04674552521477064
2 0.4464442335796999 0.6419087025111347 0.03957771046687384 0.06438340456798422
6 0.7726434415569123 0.5378298756236274 0.054648973621053545 0.069067582541717
9 0.5819652336502872 0.5603610521270219 0.03219014469597585 0.04452460594746519
9 0.4498051810335686 0.5516145731579212 0.030301421004335083 0.05221427521477064
2 0.37737644418774824 0.5593285758714546 0.04610843152767883 0.05615814676606821
3 0.31593841524855304 0.5539284249215148 0.03889517100433508 0.05266465456798421
11 0.766249957412515 0.468421456356322 0.04895271046687384 0.06487472749876275
3 0.5128519416274995 0.4769996754873418 0.03043792889684287 0.05455802521477064
5 0.44696163111827314 0.4624292424252266 0.0365892183593818 0.06656338025772471
3 0.7596289601139381 0.39510678708901664 0.03907718152767892 0.055789654567984216
1 0.7012858390954856 0.3621172246736877 0.05471686305535748 0.11035100180902227
9 0.6343104416980866 0.3961890094993968 0.03438968152767892 0.055543993102594946
9 0.4477814074972196 0.39577733095983725 0.030619939420186527 0.057683025214770645
9 0.32076388118886034 0.39459769052534716 0.03921368942018653 0.058133404567984305
7 0.5027125602268776 0.2894587319097769 0.04708637357870131 0.11306656603337348
5 0.39107711021276015 0.310198357079119 0.039342492036905076 0.07371746099041943
6 0.33174761284359605 0.3140913189740496 0.04319553413027979 0.08638123530067894
11 0.7460684471009328 0.2430086985544059 0.04481124203690499 0.07400406603337348
3 0.6222669260542454 0.2432277838096563 0.030756447312694314 0.06002677521477064
3 0.5676249286850814 0.24687508423919757 0.029838689420186526 0.057642081637205855
0 0.5030618997458862 0.2416387075995174 0.034465276237772 0.08358710594746528
3 0.44731242868508136 0.2531803951841885 0.030619939420186527 0.057683025214770645
9 0.39120664185337845 0.2451498891912947 0.03048343152767883 0.055339275214770646
8 0.509904162970653 0.17075299751360914 0.03539073940606911 0.07273149310259504
3 0.45580819717152005 0.18377529794315048 0.02997519731269449 0.059985831637205764
4 0.7285106788262556 0.08955282790761951 0.05985938936371689 0.11840916327441156
8 0.669636207765451 0.10125828980255007 0.03745376834526439 0.0814071302577248
0 0.5601324051487324 0.09132444708406784 0.03266755780780315 0.09283927521477064
3 0.500795202503779 0.1085396025565633 0.02785896046687384 0.06376925090451113