9 0.2761860107540457 0.6821745112985471 0.041875262932123646 0.043441464672181594
10 0.3295694235278848 0.6635785052912292 0.06950616943775678 0.08046929734245403
9 0.5453990120076868 0.6681007312619578 0.028662209092057724 0.04563067333704538
2 0.6114870132613281 0.6563905245862764 0.037756064264907255 0.06291817067154533
6 0.2777137553437693 0.5735262172979108 0.05271347453146395 0.06699714334022691
9 0.4694837181967507 0.5837990039385937 0.030937762932123646 0.04331419533736351
9 0.600279077130524 0.5666467719207764 0.028821333465237232 0.05109942333704538
2 0.6730489873970807 0.5697075899109132 0.04453726167848267 0.05440623667249973
3 0.733736434810656 0.5604047679026408 0.03741508346523723 0.05119942067154533
11 0.27803435259906 0.5039676952975926 0.04713106426490725 0.06302725867281786
3 0.531022960279192 0.4963348192632305 0.028889529625171127 0.05344317333704538
5 0.5953438730530312 0.47761154392109456 0.034699260424841324 0.06522555800445425
3 0.27824128958779404 0.43050292329727446 0.037506011678482484 0.054324420671545325
1 0.3334456151354724 0.3939108952896384 0.051574523356964976 0.10837612133990877
9 0.40308216521461465 0.42357966661363883 0.03281851167848249 0.05426987667090888
9 0.5887241485215672 0.4112598379217308 0.028980457838416386 0.05656817333704538
9 0.7150593279884537 0.4019746499045498 0.03757420783841638 0.05666817067154532
7 0.5247860174844703 0.3088439099300032 0.04385295157021041 0.1114102146721816
5 0.6377179264973857 0.32237860391473117 0.037247598904643374 0.07228408000477256
6 0.697115658550697 0.3224689632400043 0.04073631175762475 0.08482044267186346
11 0.27849603919208266 0.2781046292966381 0.042716348904643375 0.0723477146721816
3 0.4017516827655919 0.2704183039465479 0.02904865399835046 0.0589119233370452
3 0.4564619148189032 0.27056320727245736 0.028199207838416562 0.05655908267027261
0 0.5202743622324786 0.26122402259709415 0.032074365597690856 0.08237669533736351
3 0.5767744148189032 0.2691632445894581 0.028980457838416563 0.056568173337045294
9 0.6319249160725444 0.2575803072485948 0.028912261678482487 0.05422442333704529
8 0.5072909774344578 0.19103879193191223 0.033318616851332014 0.07145737667090887
3 0.5622739941275052 0.20055869525782163 0.02826740399835046 0.05890283267027261
4 0.2826115746897485 0.1240983819621381 0.05648934389007838 0.11624316534054513
8 0.34223662727617327 0.1320012412874112 0.03513116943775678 0.08006930800445433
0 0.4503757362099464 0.11511263860600278 0.030003400237426803 0.0917244233370453
3 0.5109411631695505 0.12847515726450318 0.02603731426490725 0.06278181066995439