9 0.28388915710701335 0.6939328489432867 0.038736498100138926 0.053343168617910844
9 0.4275482381290619 0.6986754119786115 0.03243194671336802 0.05096305718159222
9 0.5673738043334716 0.7002702491162373 0.03381260875746524 0.04315964754067192
9 0.623842009880555 0.6912225020431035 0.03639274810013902 0.05332953307929138
0 0.3727717787822564 0.6014686138722054 0.0391001740119445 0.06896816861791084
2 0.43614394776020776 0.5979305234149299 0.03681097539871523 0.07129828307929138
10 0.5626882639646176 0.5994480925003789 0.05379910685760425 0.09639373184962743
3 0.6356711690748605 0.619406589377121 0.03248649810013902 0.05330680718159222
5 0.7579098449866661 0.6044906373853312 0.04994675503399311 0.06512555113146803
9 0.3090924449104162 0.5174930687908614 0.03711944671336802 0.05099032825883114
8 0.49835496666190926 0.5099992522394952 0.03682915919430556 0.07207953307929138
2 0.5682492393633328 0.528377068398078 0.032977460581076555 0.07440055718159222
8 0.6271157462971871 0.5169992068635636 0.044368902260451294 0.060406234874689525
3 0.3138539865135413 0.4471987495090207 0.03406718189572917 0.054097147540672096
3 0.3708306851267705 0.4498742976154267 0.03250468189572917 0.05408805718159222
6 0.6838216476077079 0.4305986194313503 0.04391496058107656 0.07446418969514959
3 0.3242115646857983 0.37146749648395855 0.03255923328249999 0.056431807181592394
6 0.6261741081887845 0.3560344357863248 0.04024509992375016 0.0845977137974506
5 0.6828962336637497 0.36964748389273083 0.04229790919430556 0.07211134933607007
3 0.3759753928580553 0.29597713797450637 0.031051284669270894 0.0587664668225127
9 0.43923845906246506 0.29712654751723083 0.02796265226045147 0.060310786104353475
11 0.5088606280404164 0.29362481849627386 0.03292290919430556 0.0720568071815924
3 0.5617856062889233 0.3025276407049809 0.027962652260451294 0.060310786104353475
3 0.6219964076756942 0.30053386952954614 0.02874390226045147 0.060315331283893325
9 0.6767020914712845 0.3000707820973328 0.036520034669270986 0.05879828307929138
1 0.3187642645332985 0.2026629543294809 0.058323605907673756 0.12297895774732641
9 0.5032840816876387 0.23108391188041555 0.028017203647222287 0.06265453610435348
7 0.616656903875972 0.19423841773414804 0.048130988316493095 0.12135737041330893
3 0.7384403316876387 0.23245201092189802 0.03661095364722229 0.06270453307929139
0 0.39669054920256935 0.14451463192438213 0.033486606857604254 0.09627555718159235
4 0.5125337547496527 0.13581231849627384 0.038755988316493274 0.12130282825883124
11 0.5628240422687151 0.15720150516636142 0.029125761967847198 0.07672158128389332