9 0.3 0.6921875 0.0375 0.053125
9 0.44375 0.69609375 0.03125 0.05078125
9 0.58359375 0.696875 0.0328125 0.04296875
9 0.63984375 0.6875 0.03515625 0.053125
0 0.38671875 0.59921875 0.0375 0.06875
2 0.45 0.5953125 0.03515625 0.07109375
10 0.5765625 0.59609375 0.0515625 0.09609375
3 0.65 0.615625 0.03125 0.053125
5 0.771875 0.6 0.0484375 0.06484375
9 0.32109375 0.515625 0.0359375 0.05078125
8 0.51015625 0.50703125 0.03515625 0.071875
2 0.58046875 0.525 0.03125 0.07421875
8 0.6390625 0.51328125 0.04296875 0.06015625
3 0.32421875 0.4453125 0.0328125 0.05390625
3 0.38125 0.44765625 0.03125 0.05390625
6 0.69375 0.4265625 0.0421875 0.07421875
3 0.3328125 0.36953125 0.03125 0.05625
6 0.634375 0.35234375 0.03828125 0.084375
5 0.69140625 0.365625 0.040625 0.071875
3 0.3828125 0.29375 0.0296875 0.05859375
9 0.44609375 0.29453125 0.0265625 0.06015625
11 0.515625 0.290625 0.03125 0.071875
3 0.56875 0.29921875 0.0265625 0.06015625
3 0.62890625 0.296875 0.02734375 0.06015625
9 0.68359375 0.29609375 0.03515625 0.05859375
1 0.3234375 0.20078125 0.05546875 0.12265625
9 0.50859375 0.228125 0.0265625 0.0625
7 0.62109375 0.190625 0.0453125 0.12109375
3 0.74375 0.228125 0.03515625 0.0625
0 0.4 0.1421875 0.03125 0.09609375
4 0.515625 0.1328125 0.0359375 0.12109375
11 0.56640625 0.15390625 0.02734375 0.0765625