7 0.6950229296027146 0.6548220473566941 0.07289073940606912 0.0742958327126578
5 0.6172241532943553 0.666236890408434 0.04371917889684287 0.05501713978475227
9 0.48694511909348825 0.6824334327982202 0.03219014469597585 0.04435146753501122
4 0.4185136375093398 0.680166765510878 0.047154992036904986 0.07387630169541097
3 0.3503096690793709 0.6739938482235356 0.03375264469597585 0.044424242142117265
6 0.27957994012605825 0.6710550928468522 0.04592642100433508 0.052782551695410976
3 0.21239244012605826 0.6741844009524041 0.04092040258848364 0.04709547787409356
2 0.4233369163779478 0.597354265510878 0.04142093152767874 0.05568922787409356
9 0.2881729611021585 0.5904044063290875 0.0340711631118273 0.049892992142117266
3 0.6095922057698995 0.5029749110865984 0.03420767100433508 0.052236742142117085
3 0.30420675575578204 0.5023949840793465 0.035770171004335084 0.05230951674922295
0 0.6811402530543589 0.4116007402845995 0.047154992036904986 0.07387630169541097
9 0.6166682293768356 0.4216157491759397 0.0340711631118273 0.049892992142117086
9 0.4986994793768356 0.4271102320124319 0.03043792889684287 0.054398555624352515
3 0.4310037451618512 0.4255884274215367 0.03043792889684287 0.054398555624352515
2 0.3065952793627182 0.4212541459900053 0.04624493942018652 0.05825130169541115
3 0.4982360187687873 0.34142744313730244 0.03048343152767874 0.05517980562435252
6 0.24924478192296692 0.3491287429706867 0.049635249929412775 0.07632921360606985
8 0.6905215002823487 0.2639081029810466 0.04963524992941295 0.07632921360606985
9 0.626041771329036 0.2606782491759397 0.03452618942018652 0.057705492142117086
3 0.4475072476515128 0.2760058043860074 0.029838689420186526 0.057487168320799586
11 0.32805929763739533 0.2667656991331585 0.04164073940606912 0.07284034057054053
5 0.6851885291509566 0.18156863792723468 0.041686242036904984 0.07362159057054055
9 0.618600268627613 0.1877865587292336 0.03319120257436623 0.06153896753501131
9 0.5638294686417303 0.20514103267438566 0.03084745257436623 0.06142980562435252
11 0.4486062870434644 0.19025024090377207 0.033873742036904984 0.07325771753501131
1 0.2724456054451985 0.17819765881028687 0.06495641304124007 0.12534891046291677
9 0.690353442262784 0.1330219760165759 0.030983960466874017 0.06377355562435252
8 0.6283084685711433 0.1281204603008102 0.04182274992941295 0.07596534057054054
0 0.5114317817112054 0.11486494313730242 0.03266755780780315 0.09267980562435252
3 0.3984844606786354 0.14116207754537122 0.03006620257436623 0.061393418320799586
10 0.339003044865385 0.11900028722249967 0.05392790777956833 0.12327698821317572