2 0.7066621499045498 0.6989661607210749 0.05231702534213589 0.06514373184962743
9 0.5716149879058225 0.6903774767814619 0.033403393340226906 0.05097214754067192
11 0.43792124057132253 0.6997484524827691 0.03661930000795408 0.05880282825883114
6 0.30050305657227705 0.6935171540817755 0.04755680000795426 0.05886646077238851
2 0.63904848325114 0.6017098865205781 0.03592895667568143 0.06661078307929139
11 0.5093700739179129 0.6016831363241864 0.03585623134149962 0.06036078307929138
3 0.2992320052514583 0.601343289620395 0.03655566534054513 0.053334078258831144
4 0.23208086791854923 0.5986091750608185 0.07052213267822668 0.085560770979043
7 0.5736149345958215 0.5185024767814618 0.0495011080124085 0.09168805113146802
9 0.44629845659613954 0.5168995910464507 0.02790737133990895 0.048596581283893416
8 0.36892743459582145 0.5196933138208918 0.04365055000795417 0.058843734874689524
3 0.6260683199395483 0.4416399949318345 0.03187725600731781 0.05408805718159222
3 0.5636137732734119 0.43809735929501914 0.030342028007635947 0.056422716822512695
3 0.5119240039385937 0.44933484114464656 0.027971006007317813 0.05406533128389342
8 0.38322683927436635 0.43211604576871504 0.041452250676317706 0.07133009933607007
0 0.31841945194145727 0.4293682956705191 0.04155224801081765 0.07992384933607007
3 0.2597166139401846 0.4390841841360048 0.03812725600731781 0.05412441861791084
9 0.6886506832829569 0.36706217574818956 0.03349430000795426 0.05878464754067192
9 0.6238251146165024 0.3658769256499937 0.03346702800763594 0.05644089754067201
9 0.566058067950366 0.36230701893593953 0.02802555000795408 0.058752831283893234
5 0.44963363661682043 0.3645467506873711 0.030514750676317703 0.07126646682251278
9 0.3230984086171386 0.36293931977282007 0.027998278007636036 0.056409081283893325
0 0.6880881566279563 0.28113376610726915 0.04161588267822669 0.08539259933607006
5 0.6207824779599109 0.2916809015476927 0.03599259134309048 0.07207953307929138
6 0.5669944066279563 0.2818382689359395 0.03380338267822669 0.08534714754067192
3 0.26460520329409276 0.2875035034178456 0.036619300007954256 0.05880282825883123
3 0.6238898439688196 0.2260422660090733 0.03038748134149962 0.060328966822512785
9 0.5092006353039559 0.21342915740142518 0.025727253341817757 0.06264544574527386
3 0.4489352973026833 0.22315413622599048 0.025727253341817757 0.06264544574527386
9 0.5691756193109556 0.1615212237563997 0.027262481341499622 0.06031078610435352
10 0.44912674864736457 0.13956493140553028 0.03729200934913557 0.11661532825883122
1 0.27041140264959174 0.12419952752014651 0.05933973201781732 0.13158634328594587