4 0.784375 0.29765625 0.0734375 0.1625
1 0.790625 0.36875 0.0765625 0.1890625
0 0.76171875 0.215625 0.0515625 0.12890625
0 0.803125 0.496875 0.05859375 0.12890625
2 0.74609375 0.13671875 0.05546875 0.11875
2 0.8265625 0.6125 0.071875 0.1234375
5 0.740625 0.06796875 0.04921875 0.10234375
5 0.83984375 0.734375 0.06953125 0.12265625
3 0.7390625 0.7359375 0.05078125 0.10234375
3 0.72265625 0.61328125 0.0515625 0.09765625
3 0.7125 0.509375 0.05078125 0.09609375
3 0.7 0.40546875 0.04453125 0.0953125
3 0.68515625 0.30703125 0.04296875 0.0953125
3 0.67421875 0.22734375 0.0453125 0.09375
3 0.66796875 0.146875 0.0421875 0.0921875
3 0.6609375 0.0609375 0.03828125 0.09765625
10 0.190625 0.278125 0.0640625 0.1671875
7 0.17578125 0.36328125 0.0671875 0.19375
6 0.19375 0.20390625 0.05078125 0.12890625
6 0.16015625 0.49140625 0.06015625 0.13671875
8 0.19921875 0.128125 0.05625 0.12109375
8 0.15546875 0.6234375 0.06640625 0.13203125
11 0.209375 0.053125 0.04921875 0.10546875
11 0.14140625 0.7484375 0.07109375 0.1359375
9 0.28203125 0.05859375 0.04453125 0.0890625
9 0.2828125 0.1390625 0.0453125 0.08984375
9 0.28125 0.22421875 0.04296875 0.09765625
9 0.275 0.30859375 0.05078125 0.09765625
9 0.275 0.4109375 0.05390625 0.10078125
9 0.26484375 0.51328125 0.05390625 0.0984375
9 0.2640625 0.61328125 0.0515625 0.10703125
9 0.25390625 0.73359375 0.0515625 0.11171875