3 0.7000430810555187 0.671875 0.037521424730940466 0.05078125
2 0.7704454722880131 0.65703125 0.05007708271265763 0.06875
8 0.28998953080784967 0.5734375 0.05358307237357547 0.06015625
9 0.3769993792362731 0.5796875 0.03372433664159917 0.053125
3 0.559375231593638 0.5703125 0.029854473945152015 0.05390625
6 0.7589749712545557 0.56171875 0.05153042080199892 0.06640625
3 0.3001949766312392 0.490625 0.038666547766469606 0.05859375
9 0.4233242615774273 0.50078125 0.03241654776646961 0.05859375
2 0.49279985359571 0.4828125 0.03616013192686936 0.071875
3 0.5603148393276862 0.48984375 0.029963635855810723 0.05625
3 0.6138400996667686 0.4984375 0.029854473945152015 0.05390625
9 0.42742525661502856 0.42109375 0.029291547766469604 0.05859375
3 0.4917595843652876 0.41015625 0.0299636358558109 0.05625
8 0.6788229367226524 0.40078125 0.04549874462331651 0.07109375
0 0.7398332113297583 0.40234375 0.04689857878371626 0.084375
1 0.3536366920993359 0.3296875 0.05226032092583344 0.115625
5 0.6714598928851242 0.3265625 0.04162888192686935 0.071875
9 0.7326157167064418 0.33125 0.0385573858558109 0.05625
3 0.5351370951186546 0.26796875 0.029364322373575648 0.06015625
3 0.6034333308506309 0.275 0.030145572373575645 0.06015625
7 0.7211452156729845 0.2359375 0.061108782050703955 0.12109375
11 0.3571897235308673 0.2046875 0.03950345574818694 0.0765625
9 0.42637637117350247 0.2140625 0.02791098428423435 0.0625
0 0.48104460049533804 0.196875 0.033944814515692555 0.09140625
10 0.5957235306029618 0.1765625 0.05058865901517464 0.11328125
9 0.6539919489237616 0.203125 0.03270764619489306 0.06484375
9 0.3603831900324213 0.1390625 0.02791098428423435 0.0625
11 0.42028472890755086 0.13359375 0.03339900496239885 0.0796875
6 0.47181084160399783 0.1328125 0.03189216294411601 0.09765625
5 0.5883626408182095 0.1359375 0.03339900496239885 0.0796875
9 0.6434504011572918 0.14453125 0.030254734284234353 0.0625
4 0.6992808701400451 0.11875 0.057202532050703955 0.12109375