3 0.3234320265754588 0.685372403193211 0.035747143340226904 0.05221375741437377
2 0.25251099924414044 0.6676318048663662 0.04767497867599957 0.0706600098858317
8 0.7300462005888217 0.6034564887056556 0.05148123134149962 0.062225427376317734
9 0.6432547252546399 0.6061729704168668 0.03186816534054522 0.054398339923887915
3 0.46055131325591264 0.589348931862123 0.027971006007317813 0.05502042243340188
6 0.2606513105904126 0.572605806349241 0.049210206675681434 0.06837992688202625
3 0.7169473112667303 0.520070985739906 0.03661930000795408 0.06005809091247087
9 0.594172882598685 0.5252293765386463 0.03036930000795408 0.05980342292769336
2 0.5240694679344575 0.5043956117098988 0.03364884134309047 0.07321200692008212
3 0.4568001519335031 0.5086891808735399 0.027998278007635945 0.05736417243340171
3 0.4035751545990031 0.5151182530029306 0.027971006007317813 0.0550204224334017
9 0.5872876306095026 0.44522354155767435 0.02724430000795408 0.05967608893530461
3 0.5225711499443207 0.43164386121560716 0.027998278007635945 0.05736417243340188
8 0.33518023794559343 0.41462882167228016 0.0430147506763177 0.07281275889724856
0 0.274224556612048 0.41370830882069887 0.0439505420114541 0.08612584239534567
1 0.6578824886219111 0.3566504728883248 0.04822041868236297 0.1175350098858317
5 0.33995010128900205 0.3405692391627661 0.03911759134309047 0.07343484140676253
9 0.2789580572883657 0.34277372631118486 0.036592028007635946 0.05771434091247105
3 0.4742256512969562 0.2874190173373866 0.027262481341499622 0.06123858893530461
3 0.4061750852960017 0.29168075300293056 0.028043731341499623 0.06127042243340188
7 0.2870983686346379 0.24774772779405962 0.056877803349772015 0.12335392836490086
11 0.6499619953055468 0.23126847091115846 0.03682838534372675 0.07802684091247096
9 0.5811029073042742 0.2378421230786052 0.025727253341817757 0.06351867193911023
0 0.5258341519732739 0.21839444471370434 0.0307511080124085 0.09261592292769345
10 0.41044550930936474 0.19337058699531934 0.04663064668204484 0.11512759288963736
9 0.3531051766390922 0.21760924163422404 0.030442025342135894 0.06605342292769337
9 0.6444756113144554 0.16538880292638086 0.025727253341817757 0.06351867193911027
11 0.5843829959818645 0.1574688735728968 0.03061474801081765 0.08089717292769345
6 0.5328295866486372 0.1545866126984819 0.028480083346590312 0.09877042243340188
5 0.41638697398154634 0.15296842148199974 0.03061474801081765 0.08089717292769345
9 0.3615994766470464 0.15933382661519602 0.02807100334181776 0.06361417243340188
4 0.3048682186505462 0.13122873125410073 0.052971553349772015 0.12319476087441492