6 0.276838289902959 0.7214808353904516 0.04755680000795417 0.059684777735416715
5 0.43331555657227716 0.7055863445085073 0.03349430000795408 0.05935746941479163
3 0.5621308999045498 0.7163991707809032 0.030278393340227083 0.05147223423243048
5 0.3631763265834129 0.621900369109792 0.039008503341817755 0.06339100598392378
7 0.42192461791854924 0.609982903779063 0.05177213267822669 0.08633819671336802
9 0.5639303045830948 0.6289173545764936 0.03174998667249973 0.043696101823611146
11 0.6975785985837311 0.6273392836224312 0.04369600334181776 0.06350010875746523
6 0.3594069839274579 0.5428850163362503 0.03908122867599957 0.06964100598392378
4 0.424378003262276 0.5334567713702434 0.049482926678863136 0.09097114532659738
9 0.49177513594050276 0.44984614399541717 0.02802555000795408 0.05923018284565984
3 0.6213626386060028 0.46145840406340327 0.03190452800763595 0.05697735182361115
3 0.7433376359405027 0.4557013261754867 0.03661930000795408 0.05943020459715278
2 0.3004239772835932 0.37349793028020856 0.04311474801081765 0.08066942496187508
3 0.37231715861713865 0.3736083394745142 0.03190452800763603 0.05697735182361115
9 0.49033136195100224 0.3724478426086463 0.027971006007317813 0.05454268284565975
2 0.6068921532861384 0.3618759781515978 0.03608349801081765 0.08050577080156254
9 0.6708001119510023 0.37664829939000055 0.03349430000795408 0.05935746941479163
9 0.731065449952275 0.368673451650452 0.038181800007954084 0.05946657218833336
10 0.3038131539624563 0.2837087316669794 0.062228374681726616 0.11235583605604171
9 0.49038645329409275 0.300554658813056 0.02724430000795408 0.059211999050069505
11 0.6107898599618199 0.29554246333395884 0.036773841343090474 0.07271145459715278
3 0.733409747294729 0.30152231924163253 0.03661930000795408 0.05943020459715278
0 0.30534892930459223 0.21888316546256972 0.0393448580124085 0.0922972559839236
8 0.3660773439688196 0.23827025151861142 0.04148861334340861 0.07516430737069442
3 0.4215733659691378 0.23721755100552117 0.027262481341499622 0.06077449905006951
8 0.4819387013049104 0.22064895326597264 0.03220452001113579 0.08275860182361114
1 0.7220188086410012 0.2059188785121881 0.06002098468331738 0.12402003466927089
9 0.3144608473106374 0.17455193721406276 0.03194998134149962 0.06088360182361115
3 0.3699477786441829 0.17428048670097254 0.02807100334181776 0.06313643284565976
0 0.6015159519812281 0.15231914019569498 0.033903380012726816 0.09451371941479172
9 0.6536960699793191 0.16759995450024362 0.02809827534213589 0.06548018284565975
3 0.7107091386457738 0.17048987157833392 0.03197725334181776 0.06322735182361114