3 0.2753535925375388 0.7322368723281153 0.039031272321134305 0.04408262061225567
9 0.4042052954596381 0.7316110835317441 0.03204093262955983 0.04622178213245363
0 0.47400928084914157 0.7139629307870349 0.03686480032431163 0.05417067445232178
11 0.6136757528459643 0.7200501432443048 0.041565937093786684 0.05508831677218975
5 0.2089530710271834 0.6443708109662019 0.05254434740221221 0.05775031551854859
3 0.408458193186162 0.6221678873718102 0.032095479707460586 0.04934678213245362
3 0.4747826225693109 0.6249231628403462 0.030532979707460585 0.04930131802583091
9 0.6082263681050841 0.629629731724107 0.03369889001588611 0.05173599623907634
10 0.6724934196472117 0.616046953352577 0.05988924310014117 0.07592365399835047
3 0.42136334213050175 0.55385815657214 0.030573890015886108 0.05164506802583091
8 0.4761872098252534 0.5444544128403461 0.03628810186643907 0.06586669239901025
2 0.5474991481368562 0.5298857959890142 0.034012535713814886 0.06970474623907634
9 0.6790803847441756 0.5518253289793976 0.032095479707460586 0.04934678213245362
9 0.360322476464345 0.47208297083704726 0.032095479707460586 0.04934678213245362
9 0.425248047081196 0.46550871041220604 0.03061480032431163 0.05398881802583091
3 0.5440662309285719 0.45814718830888224 0.028284687093786686 0.05470187186589683
6 0.6152145280064725 0.4529535714575502 0.03719208279171564 0.07292067445232178
3 0.3572304784929398 0.38081311315691535 0.03223184740221221 0.05715928213245362
11 0.4923321814150391 0.3800054679340533 0.034012535713814886 0.06970474623907634
9 0.6741997901813371 0.38408389951251104 0.03686480032431163 0.05417067445232169
9 0.24861518344363404 0.29573708267381427 0.03383525771063774 0.05954849623907634
0 0.4306327966741589 0.291221764252272 0.031160271103318316 0.08523881802583091
6 0.4836350657488824 0.2967072346271008 0.032640950486467445 0.08059678213245362
1 0.617283362826783 0.28969505351086156 0.04480971387914785 0.10671901293212374
4 0.681427683443634 0.28314352513933166 0.05809096387914785 0.10710545783841656
3 0.4269135073068959 0.23588940657214003 0.0276125312495882 0.06092913981258556
3 0.5518589602289953 0.2353772780423255 0.027612531249588023 0.06092913981258556
9 0.6105072573068959 0.23054737404397496 0.028284687093786686 0.05470187186589692
5 0.6753646440763712 0.22787936361913372 0.03883640340856651 0.07765363855894432
2 0.37908570779336326 0.15763402593075446 0.03948128571381497 0.06986387061225567
7 0.4285908299523419 0.13979565657214002 0.04753529342445262 0.12866220909205772
8 0.6689567313323137 0.14763793415224713 0.03732845048646745 0.08073317445232168