3 0.4719193585701446 0.7250912090255508 0.03388915258848364 0.04622178213245363
9 0.40307064803268344 0.7113493062808415 0.03420767100433508 0.05169053213245363
3 0.33730914014017566 0.7117835638026888 0.03545165258848364 0.04626724623907634
9 0.26397035067763686 0.7213882328447341 0.040647386803468064 0.041738870612255674
10 0.5382184637329944 0.6213728271305239 0.056241565700310935 0.09522758346523723
3 0.47572616900878373 0.6328582449189281 0.03278167889684287 0.05398881802583091
6 0.2656532189946662 0.611876840524866 0.046608960466874017 0.06375026293212364
2 0.6688607899566491 0.5281349556603384 0.054193947312694314 0.06007133346523723
9 0.34024296629324313 0.5404852253228868 0.03438968152767874 0.054815532132453625
3 0.21036575049411016 0.5265327224198929 0.04142093152767874 0.055020120612255675
1 0.61885235565696 0.4327709798752332 0.061429594639506035 0.1039577257851052
0 0.536275074086929 0.43975911427754255 0.03727175782192056 0.07751724623907634
9 0.4800782819935542 0.45064513849243737 0.030483431527678916 0.05470187186589683
9 0.42019504777856964 0.44420727038746416 0.03048343152767874 0.05470187186589683
6 0.2155530504094056 0.43747022241989286 0.05602175782192056 0.0780628155185484
9 0.6105008003388184 0.3746174990755632 0.03438968152767892 0.054815532132453625
11 0.5355463029696543 0.37165397195767447 0.03539073940606911 0.07200303213245363
2 0.4165610845396854 0.35880096780103937 0.03961550782192056 0.07758544239901033
3 0.28826177929213104 0.3715018931112909 0.03843243942018652 0.05727294239901033
5 0.22870476876878731 0.37289925705962895 0.047154992036905076 0.07312526293212374
11 0.6027785765765905 0.29222253622258176 0.03727175782192056 0.07751724623907634
0 0.5485006002541137 0.2836000424907879 0.03478379465362345 0.0883638180258309
8 0.4316848265765906 0.2872442165473982 0.03727175782192056 0.07751724623907634
3 0.24423803448321565 0.29431125580598777 0.03935019731269431 0.0596394244523216
9 0.6099078080901519 0.2235634644358271 0.03319120257436623 0.06102006802583091
3 0.4910745081042693 0.23497467438581462 0.028776718359381802 0.06557117570596294
8 0.3113870081042693 0.22974630212420633 0.04729149992941277 0.07546901293212374
5 0.6677272843420413 0.15794447611430956 0.042141268345264396 0.08077863855894432
7 0.4892683553746113 0.13162235385270127 0.04500793408792756 0.12999738855894433
3 0.43253323698699475 0.16518736012090743 0.030339218359381803 0.06561663981258556
9 0.3151105185570258 0.15237982007089498 0.03502671835938172 0.06575303213245362
4 0.24630731065040062 0.13785666732618568 0.06564665777956832 0.12279865399835055