9 0.2390625 0.76015625 0.040625 0.03984375
9 0.30859375 0.7453125 0.0359375 0.0484375
3 0.44296875 0.7453125 0.0296875 0.04296875
6 0.51953125 0.73984375 0.03515625 0.05625
8 0.7046875 0.72578125 0.04296875 0.0625
6 0.44375 0.63984375 0.0328125 0.05859375
3 0.69609375 0.6390625 0.0359375 0.0484375
3 0.32421875 0.56875 0.0328125 0.05078125
2 0.384375 0.55625 0.0328125 0.06875
9 0.509375 0.55390625 0.02734375 0.05078125
10 0.64453125 0.55390625 0.053125 0.09375
11 0.69140625 0.5578125 0.0421875 0.0625
5 0.25390625 0.48203125 0.0453125 0.06484375
9 0.44140625 0.49296875 0.02734375 0.053125
9 0.50625 0.48359375 0.0265625 0.05390625
4 0.634375 0.45703125 0.0515625 0.09609375
9 0.69140625 0.4671875 0.0328125 0.05390625
7 0.2578125 0.3953125 0.05859375 0.103125
3 0.32265625 0.409375 0.03515625 0.05390625
3 0.3828125 0.41328125 0.0296875 0.053125
0 0.45078125 0.3953125 0.03125 0.07421875
3 0.3828125 0.32890625 0.0296875 0.05625
9 0.61640625 0.32265625 0.0265625 0.05859375
0 0.271875 0.26328125 0.04296875 0.084375
5 0.4453125 0.25625 0.0296875 0.07109375
9 0.503125 0.2625 0.025 0.05859375
1 0.56015625 0.2375 0.03828125 0.11875
11 0.66953125 0.25703125 0.0359375 0.071875
2 0.27109375 0.20703125 0.0421875 0.071875
3 0.43828125 0.19609375 0.025 0.06015625
8 0.5453125 0.19296875 0.0328125 0.06875
3 0.66796875 0.1859375 0.02734375 0.06015625