9 0.46210549715403565 0.7461223924482228 0.030532979707460585 0.0489556972400564
3 0.3212623088424329 0.7311677739426921 0.036782979707460584 0.04906479139585791
8 0.7253946554338663 0.6616827573003053 0.044059691558013724 0.0632500223211343
3 0.5878673818949159 0.6577201858726754 0.030573890015886108 0.051299447240056396
3 0.5215020422033414 0.6589048104672861 0.028230140015886106 0.05125853693163087
3 0.45164350973593737 0.638941137983996 0.028230140015886106 0.05125853693163087
1 0.3920912317327601 0.627748493503883 0.05207674310014117 0.07510514001588611
9 0.7123531387947748 0.5856969557581778 0.038386390015886104 0.0514358149348082
4 0.581584379866321 0.5662321152558244 0.04460516233702041 0.09450002232113448
10 0.5190434695578955 0.5627974236978108 0.04460516233702041 0.0945000223211343
6 0.7152542219935275 0.4834350263750288 0.04352390340856669 0.07729888555165906
5 0.584208773535655 0.49286279910320036 0.03709662540538936 0.0670335413958579
3 0.5185155896882792 0.48781106046728606 0.028284687093786686 0.05438353693163087
9 0.46537695291880404 0.48610251014297445 0.02832559740221221 0.05672728693163087
9 0.33553944845457717 0.4752450564100963 0.028284687093786686 0.05438353693163087
0 0.645099634737585 0.4017662406612139 0.03732845048646745 0.08031479139585791
7 0.5910706538123085 0.39379405356742714 0.05041483157389966 0.11412672970746059
11 0.5287888421239112 0.4052031120094136 0.034053446022240405 0.07166649431795716
2 0.4600797524323367 0.4063468262955986 0.03249094602224041 0.07163922077900686
8 0.39897861119863465 0.39590815827653536 0.03944037540538945 0.06707445170428325
9 0.27715815827653534 0.3969058222384088 0.03696025771063773 0.05922104139585782
6 0.5805228916374439 0.32644291233372513 0.03429890787279355 0.08572899431795715
3 0.4658155093321955 0.3322508072208751 0.02754434740221221 0.056713650162155814
3 0.39853255194586934 0.3256092950460105 0.02754434740221221 0.056713650162155814
9 0.6403694500794302 0.2650065803527884 0.02754434740221221 0.056713650162155814
9 0.5272382045436571 0.27162299877888874 0.027503437093786685 0.054369900162155815
5 0.46752228530677786 0.2510553542987758 0.03094208279171564 0.07239319724005648
11 0.39974445007943027 0.26080645535443603 0.03254549310014117 0.07476422077900687
0 0.29227682345622485 0.2339382179363377 0.03980856818121907 0.08816820170428334
2 0.46808930113509045 0.19405137783772614 0.028816521103318317 0.08485228693163097
9 0.3532319143656153 0.19126552272487615 0.03077844155801355 0.06301819724005649
3 0.30475350405718976 0.18807629301741563 0.03234094155801355 0.06304547077900677