9 0.55078125 0.73828125 0.0296875 0.0484375
3 0.69140625 0.72578125 0.0359375 0.0484375
8 0.2859375 0.64921875 0.04296875 0.0625
3 0.4234375 0.64765625 0.0296875 0.05078125
3 0.48984375 0.65 0.02734375 0.05078125
3 0.559375 0.63125 0.02734375 0.05078125
1 0.61875 0.62109375 0.05078125 0.07421875
9 0.29765625 0.5734375 0.0375 0.05078125
4 0.428125 0.55625 0.04296875 0.09375
10 0.490625 0.55390625 0.04296875 0.09375
6 0.29296875 0.47109375 0.0421875 0.0765625
5 0.42421875 0.4828125 0.0359375 0.06640625
3 0.48984375 0.47890625 0.02734375 0.05390625
9 0.54296875 0.478125 0.02734375 0.05625
9 0.67265625 0.46953125 0.02734375 0.05390625
0 0.36171875 0.390625 0.0359375 0.0796875
7 0.415625 0.38359375 0.0484375 0.11328125
11 0.478125 0.39609375 0.0328125 0.07109375
2 0.546875 0.3984375 0.03125 0.07109375
8 0.6078125 0.3890625 0.03828125 0.06640625
9 0.7296875 0.3921875 0.0359375 0.05859375
6 0.425 0.31640625 0.0328125 0.08515625
3 0.53984375 0.32421875 0.0265625 0.05625
3 0.60703125 0.31875 0.0265625 0.05625
9 0.3640625 0.25390625 0.0265625 0.05625
9 0.47734375 0.2625 0.0265625 0.05390625
5 0.53671875 0.24296875 0.0296875 0.071875
11 0.6046875 0.25390625 0.03125 0.07421875
0 0.71171875 0.22890625 0.03828125 0.0875
2 0.53515625 0.1859375 0.02734375 0.084375
9 0.65 0.18515625 0.0296875 0.0625
3 0.6984375 0.1828125 0.03125 0.0625