4 0.2579653132082984 0.6964941261359012 0.06836157564431193 0.08501500889134021
3 0.34126913613907695 0.6909761803125116 0.035351001809022266 0.04996576674922295
6 0.5335352012679394 0.6834848196829791 0.038227018317365594 0.06023117865988183
3 0.5967345641128097 0.6879946912707664 0.03559666327441171 0.05465326674922295
9 0.2802331388526104 0.6152997841176185 0.04028416327441153 0.05487159057054054
3 0.40284512324877814 0.6069137034718753 0.03247166327441153 0.05450771753501123
1 0.4691628420411137 0.5818088496667685 0.04553822930778502 0.09564213978475226
2 0.5337233090244269 0.6051778831652145 0.03653836555840364 0.07262201674922295
7 0.6172318498430298 0.5957536873418249 0.0629304471956095 0.10034891046291676
11 0.6667814704898162 0.6066762247692123 0.04546298620519007 0.06446491439185813
5 0.21762799751360914 0.5097903387085138 0.048915534825709095 0.07086046360606986
8 0.2733047874277009 0.5233477245643245 0.04591336555840373 0.07305866439185812
9 0.4178327154014335 0.5151992384180635 0.030291687584671222 0.05752355562435252
11 0.475153892470655 0.5272668988809802 0.03629270409301455 0.06793451674922295
9 0.6032755704443877 0.5183542793601076 0.033911332541716986 0.052236742142117265
8 0.6684878126424716 0.5143431755550008 0.04607713986866315 0.07618366439185813
3 0.2910931529861046 0.45290894602827725 0.03588326831736568 0.06012201674922295
3 0.47727299242522647 0.44200148697032143 0.030414518317365767 0.05986730562435252
2 0.5472136782008753 0.43742745698653207 0.039704309135968605 0.07354881596343468
9 0.35793317220798143 0.3730074303125116 0.034197937584671045 0.057705492142117086
10 0.4177142859573628 0.35308022807898126 0.043685802238563554 0.10490797787409348
3 0.48143594923177435 0.30279343775610973 0.028152655472495524 0.06132064371369372
9 0.593277529964469 0.3056530721641785 0.03041451831736559 0.05986730562435252
9 0.36793337121261327 0.22702284222317043 0.02963326831736568 0.059830918320799585
6 0.4280862991863459 0.214944527293193 0.03447789857509047 0.09278896753501131
3 0.4849980404799187 0.2348246877561097 0.02983798620519007 0.06373716832079959
0 0.5450248156946893 0.21020998552257936 0.03205226141996072 0.09111730562435252
9 0.6021003312985215 0.22696514598549608 0.030496405472495526 0.06142980562435252
3 0.25139100237484924 0.16442433477957233 0.03621081693788462 0.06637201674922304
0 0.31417428539153597 0.1469864317602537 0.040727898575090474 0.09308006596343472
5 0.3715364060383223 0.15827284222317042 0.03542624491161739 0.08114299214211713
9 0.4240848739261467 0.15680454156121665 0.02983798620519007 0.06373716832079959