4 0.7261178145941116 0.6499183775881525 0.06644936559769085 0.08501500889134021
3 0.6430325299543755 0.6444004317647629 0.03422188730530316 0.04996576674922295
6 0.45114890683483744 0.6369090711352304 0.03686115399835046 0.06023117865988183
3 0.38791312094146013 0.6414189427230177 0.03435827962517113 0.05465326674922295
9 0.7057621989964209 0.5687240355698698 0.039045779625171306 0.05487159057054054
3 0.5834780220368168 0.5603379549241266 0.03123327962517113 0.05450771753501123
1 0.5178159181176085 0.5352331011190198 0.04335284639736088 0.09564213978475226
2 0.4527819515037034 0.5586021346174658 0.034881116851332016 0.07262201674922295
7 0.36958300659741056 0.5491779387940763 0.060654006663917584 0.10034891046291676
11 0.3198330591838353 0.5601004762214636 0.04400606426490725 0.06446491439185813
5 0.7707530500126353 0.46321459016076505 0.04731292069139794 0.07086046360606986
8 0.714821298758994 0.47677197601657595 0.04425611685133202 0.07305866439185812
9 0.5706393897460786 0.4686234898703148 0.028980457838416563 0.05752355562435234
11 0.5130996743858146 0.4806911503332315 0.034744724531464044 0.06793451674922295
9 0.3853240153728992 0.4717785308123588 0.03272758346523723 0.052236742142117265
8 0.3202756768930971 0.46776742700725193 0.04434704506457736 0.07618366439185813
3 0.6986901819076621 0.4063331974805286 0.03451740399835046 0.06012201674922295
3 0.5129656305748785 0.39542573842257267 0.02904865399835046 0.05986730562435252
2 0.44320706004176513 0.39085170843878336 0.0380288489046432 0.07354881596343468
9 0.63378058425666 0.3264316817647629 0.032886707838416386 0.057705492142117086
10 0.574527604710631 0.30650447953123255 0.041281881037096825 0.10490797787409356
3 0.5120443250854599 0.25621768920836097 0.026750368104973176 0.06132064371369363
9 0.4002573789255258 0.25907732361642977 0.02904865399835046 0.05986730562435252
9 0.6271859402874392 0.18044709367542167 0.02826740399835046 0.059830918320799585
6 0.5673790312745238 0.16836877874544426 0.032347150237426806 0.09278896753501131
3 0.5100666364473734 0.18824893920836097 0.028381064264907253 0.06373716832079959
0 0.45067726458147633 0.16363423697483065 0.029957936130804087 0.09111730562435247
9 0.39327394154108053 0.18038939743774737 0.029094118104973178 0.06142980562435252
3 0.7450577503957113 0.1178485862318236 0.034699260424841324 0.066372016749223
0 0.6827479670096166 0.10041068321250497 0.038597150237426804 0.09308006596343472
5 0.6251855195960413 0.11169709367542169 0.033568669437756785 0.08114299214211713
9 0.5727281093294846 0.11022879301346791 0.028381064264907253 0.06373716832079959