10 0.35140845037150353 0.12960013229388972 0.07715546712072659 0.18407178482570904
11 0.20191356451569265 0.0810475248760864 0.07010279238978612 0.13304487336031984
6 0.1968301122821623 0.14005071065173516 0.06926803846084476 0.14858798620519006
7 0.18148771029630098 0.2982693244011166 0.08378861083442021 0.20935838986866323
8 0.27574090198135215 0.774971265265148 0.09194355913900924 0.1669219063770065
9 0.27944355913900915 0.14825163500742317 0.05900047249741007 0.11220010685197641
9 0.27275056513486523 0.3240295629811558 0.05811006058675119 0.10981541327441154
9 0.27967911538253426 0.4223442322484612 0.06770338440806878 0.11499423620519007
9 0.38557385855810866 0.5436659543201572 0.06554157092583353 0.11877765547249552
1 0.7851028618678776 0.26036993894346744 0.09454417431665565 0.20602534995457145
5 0.5772581668730575 0.059199370901814395 0.06619654238978612 0.11839874180362879
0 0.517765504548114 0.20389636816039552 0.06966829879992709 0.15718173620519008
5 0.5278383254739474 0.31927570669500627 0.0683219685684687 0.12827548620519008
2 0.37164829156121665 0.4128253900958058 0.08089689722835036 0.16400494629109835
2 0.27280633891340156 0.6278915473773236 0.07915246071058571 0.16001680913596844
3 0.426937143299409 0.15383549242522648 0.05442213440806878 0.11429819538658723
3 0.5739707326270953 0.6371692135924112 0.06312504631872766 0.1170923247398008
3 0.7010938889561829 0.3062799824756038 0.05832838440806896 0.11450291327441153
3 0.6338465386657325 0.5102924530769617 0.059182409015174645 0.1161063568519765