5 0.29386781331654566 0.7147206136342665 0.046335257710637734 0.05938468262956
8 0.3643848648586732 0.7042291728870319 0.03713753571381497 0.06937729139585791
10 0.4986916810112973 0.7104809472367611 0.04664890340856651 0.07735343262956
3 0.5656609926996946 0.7241537094116258 0.032095479707460586 0.04898297077900686
2 0.30109570657884255 0.6140348210205928 0.048075035713814974 0.06956820616851012
2 0.4486019521146156 0.6252059204514 0.03631537540538936 0.06701990462638267
9 0.5056604756535661 0.6246389046230874 0.028284687093786686 0.05438353693163087
9 0.5687235373419633 0.6382434829505762 0.030628437093786688 0.05442444724005639
5 0.632922405036715 0.6315491980475401 0.043278441558013546 0.06323638555165907
9 0.25936790260108306 0.5421910486994584 0.038386390015886104 0.0514358149348082
8 0.38358665260108304 0.5443592950460105 0.03717844602224041 0.07172104139585773
9 0.6326144878284307 0.5596469245085898 0.03608355032431163 0.05373865462638268
7 0.26212648417498274 0.42892343546893363 0.0643000535707225 0.10421594155801372
3 0.3890747678602028 0.45380247889338643 0.03066934740221221 0.0567681972400564
4 0.45727534294128064 0.44170762783772616 0.04242505357072233 0.10383411201270878
3 0.5145832824706994 0.47162299877888875 0.027503437093786685 0.054369900162155815
6 0.5725185133959758 0.4656008697200512 0.032640950486467445 0.08023297077900686
1 0.6343599943212525 0.45964692450858974 0.04476880357072251 0.1038750223211343
9 0.7067162353927987 0.4781026440697806 0.03223184740221221 0.05679547077900686
3 0.33860320941821637 0.3904024521080251 0.03223184740221221 0.056795470779006776
11 0.40056742126876943 0.3774172568965636 0.03641083279171564 0.07248865462638268
6 0.5185498080382447 0.37869515908731427 0.03117390787279355 0.08567444724005639
3 0.702720256496117 0.39363218668345434 0.03613809740221221 0.056863654626382674
9 0.3970390466741589 0.31092918627971255 0.026050031249588112 0.060592626623205435
9 0.5805100657488824 0.32116507710637754 0.0283937812495882 0.06063353693163087
3 0.2999243133132504 0.23342970332584115 0.03234094155801355 0.06304547077900687
3 0.6988430543847967 0.257585592527653 0.032340941558013724 0.06304547077900677
3 0.2984533165596613 0.18338879301741562 0.03234094155801355 0.06304547077900677
0 0.3487260519491646 0.1686365462638265 0.03679266233702041 0.09436365462638267
0 0.4628567357965405 0.1667212646072013 0.028939252028594886 0.09188353693163095
9 0.6382425194817605 0.19244578773911453 0.028366507710637735 0.05907103693163096
11 0.6914220665596613 0.19024808806342614 0.03961765340856651 0.07723070170428334