5 0.5501135691511105 0.7263807950758733 0.03719218189572935 0.05558006596343468
8 0.28241888250572866 0.6349209253501129 0.04202515226045147 0.062048389784752446
2 0.6046030070307633 0.6366312444139195 0.03670187262517359 0.06804367865988184
9 0.6741524408263537 0.6390884644301302 0.03633819671336802 0.05241867865988183
6 0.7379610208984717 0.6193795860179174 0.05301720364722229 0.06490156203449331
3 0.2913230634515273 0.5547796610820892 0.037173998100138925 0.05479881596343468
4 0.3400515041809718 0.5445356739023708 0.05755988649288204 0.09242724855225788
2 0.48480095972805515 0.5418923250596627 0.03435812262517359 0.06793451674922295
3 0.5443396138883676 0.5376265101296852 0.030923998100139016 0.05450771753501123
0 0.29339601614881905 0.46571716108208927 0.046985409194305564 0.07398546360606986
9 0.5349113689223607 0.47227333787994424 0.028580248100139018 0.054398555624352515
9 0.599119339287083 0.4690070967712844 0.032504681895729345 0.05536174214211727
10 0.6743920962209371 0.46078152791236554 0.053744555470833434 0.09615156203449331
11 0.7283347138121178 0.46172975185751763 0.04451437262517359 0.06840755169541098
9 0.2880740429343052 0.3919521753501129 0.03719218189572917 0.05558006596343477
1 0.4122025271667358 0.3680138693114756 0.04086334897381967 0.11272047787409356
6 0.48529453505052056 0.3862780258454509 0.033159298536979166 0.08348674214211708
5 0.5980127405976038 0.38214279755707264 0.03675642401194459 0.07038742865988183
3 0.6543718433711455 0.38007518341288354 0.03250468189572917 0.05536174214211709
3 0.29774129008451367 0.3126285483856422 0.0341762846692709 0.06012201674922295
9 0.4222691646095484 0.30513287965055785 0.027871733282499988 0.057487168320799586
9 0.4845873266536456 0.3158563639347921 0.027871733282499988 0.057487168320799496
3 0.5355504146095484 0.3104090386657325 0.027871733282499988 0.057487168320799586
3 0.717818053952222 0.30873103039356486 0.036520034669270986 0.06023117865988183
3 0.2985056627096873 0.24618591108208926 0.03265015226045147 0.061611742142117086
8 0.3612784196435415 0.23737814536632357 0.042279725398715405 0.07298588978475226
11 0.47953811037298594 0.2303726282028158 0.032977460581076555 0.07567424214211718
9 0.5348977575994442 0.23764362675507372 0.02796265226045147 0.061393418320799496
7 0.654084168693611 0.22442449689511887 0.051201436929722274 0.12100601282028159
3 0.7132409631465275 0.2365649319651415 0.034212652260451296 0.06168451674922295
9 0.42783144642902765 0.16696079156121663 0.02645470364722229 0.06366439371369373
0 0.7151138940923263 0.15609618196514147 0.044315004084062436 0.09337116439185818