11 0.24693826623864495 0.6973931265624731 0.049487531249588115 0.0629774131118273
3 0.312726907472347 0.6841959055722554 0.036042640015886016 0.05282886838761662
0 0.45931553531336844 0.6920476609751016 0.036179007710637735 0.06064136838761662
3 0.5922644030081201 0.6764997137329944 0.032095479707460586 0.05025760523343692
6 0.7204166765470704 0.6674747822759027 0.0526125312495882 0.06315942363517095
9 0.38745990057248814 0.6056999082736785 0.03369889001588602 0.052692360495108836
3 0.4609383108809137 0.5990789109751016 0.030573890015886108 0.05251034997176518
3 0.5890496741114385 0.59239772951801 0.03217730032431163 0.05494510523343692
9 0.7148309241114384 0.5850718059534261 0.03920855032431163 0.055354628910960456
5 0.26249290260108304 0.5216650844690982 0.04412787540538945 0.06890889469597586
1 0.3339139350684871 0.49877434506302915 0.057995506492821744 0.10327618942018653
11 0.4001292702958348 0.5058441214419755 0.03628810186643907 0.06689136838761663
10 0.5234713129095085 0.5041234557698995 0.043933006492821745 0.10245714206513998
8 0.6467724452147569 0.5047465400978234 0.04405969155801355 0.06500264469597586
2 0.27731510755177724 0.4326102897448876 0.04647162540538945 0.06904540258848364
6 0.4015065840128269 0.4269378714419755 0.036547200486467445 0.08173511838761663
9 0.524630438314898 0.43771720576989936 0.02748980032431163 0.05467208944842135
3 0.6419815795486 0.4215168111445108 0.03217730032431163 0.05494510523343692
3 0.7043315750843732 0.42647035067763683 0.03613809740221221 0.05829761838761662
9 0.4657696814150391 0.36700215834426564 0.027503437093786685 0.055453339448421436
7 0.534283902194046 0.3317934294615402 0.04421937865180041 0.11886339206513999
4 0.6488685535740177 0.33994829272865934 0.05334891680124727 0.10534692363517104
2 0.6987185491097908 0.3456298743551601 0.03727390340856669 0.0786556210184525
3 0.4063322260573079 0.2846138635494678 0.026022757710637733 0.060049834186749605
5 0.71078790097623 0.28014908752345724 0.039522196022240406 0.07332337891096027
9 0.29955612053742076 0.23151822660482538 0.03223184740221221 0.05807010523343692
9 0.4112339602289953 0.22735510039528814 0.028393781249588024 0.06174884207925739
3 0.5252691866900449 0.22227421629324318 0.027585257710637735 0.06014083944842143
8 0.7042027102289954 0.21029161383181644 0.03889095048646744 0.08187162628012441
9 0.3054300194817606 0.1632764608198098 0.030710257710637734 0.06032284997176509
0 0.47757775487126397 0.1376408820359064 0.028911978489644597 0.09143634207925735
9 0.5864209208617324 0.16173926371887698 0.026050031249588202 0.06161233418674961