9 0.3109375 0.71484375 0.0359375 0.05078125
3 0.38125 0.69453125 0.03125 0.0484375
9 0.578125 0.69375 0.03125 0.05078125
3 0.71015625 0.6984375 0.0359375 0.05078125
10 0.4421875 0.59140625 0.04296875 0.09609375
9 0.51171875 0.615625 0.02734375 0.053125
3 0.57890625 0.6109375 0.02734375 0.053125
8 0.7703125 0.58359375 0.040625 0.06640625
3 0.3109375 0.5359375 0.0359375 0.053125
0 0.37890625 0.51875 0.0375 0.07109375
2 0.5765625 0.5265625 0.03828125 0.0625
5 0.696875 0.509375 0.0421875 0.06640625
3 0.50390625 0.44140625 0.0265625 0.05625
11 0.5640625 0.44765625 0.03125 0.06875
9 0.690625 0.43828125 0.03515625 0.05859375
0 0.3140625 0.3703125 0.040625 0.08203125
8 0.5015625 0.37265625 0.03125 0.071875
3 0.50625 0.30703125 0.0265625 0.05625
7 0.56015625 0.26953125 0.03828125 0.11640625
9 0.621875 0.2953125 0.02734375 0.05625
1 0.33046875 0.22265625 0.0453125 0.11875
6 0.384375 0.225 0.0328125 0.08984375
6 0.4484375 0.22421875 0.03125 0.0875
9 0.49375 0.225 0.025 0.06015625
3 0.6765625 0.22265625 0.03125 0.06015625
2 0.7296875 0.21484375 0.040625 0.0796875
4 0.3265625 0.15 0.0484375 0.11640625
3 0.4453125 0.165625 0.025 0.0625
11 0.49609375 0.16953125 0.0296875 0.07421875
5 0.55234375 0.15859375 0.02734375 0.0765625
9 0.66875 0.15390625 0.0296875 0.0625
9 0.71796875 0.16328125 0.02734375 0.0625