9 0.4232761987419048 0.67578125 0.031188001814098597 0.04296875
7 0.3487027846767543 0.6859375 0.06040427586071564 0.07421875
11 0.5558282931142748 0.59375 0.03733879809323426 0.0625
9 0.49209317532825986 0.584375 0.0288442518140986 0.04296875
9 0.4307737294119439 0.5953125 0.03146082032575279 0.05078125
9 0.34857878830495137 0.6 0.036929570325752795 0.05078125
11 0.28815964347709444 0.58515625 0.044288202539737934 0.06015625
6 0.6170237426587878 0.496875 0.040600207349061355 0.06640625
3 0.42256441452848675 0.5171875 0.029198915879248943 0.053125
5 0.6277826825846541 0.4125 0.03981895734906136 0.06640625
1 0.49251730517999237 0.415625 0.04196429990733286 0.10546875
9 0.4287995455613455 0.428125 0.028444947730414505 0.05390625
9 0.24819438630551835 0.43203125 0.037901793283910835 0.05625
10 0.6274131495523623 0.33359375 0.05661707694917482 0.1
2 0.5639136447430388 0.33984375 0.033841775860715725 0.07421875
9 0.5022395347615723 0.3609375 0.02919891587924912 0.053125
3 0.3162573947430388 0.33984375 0.03329613883740716 0.05859375
8 0.2490426128918734 0.340625 0.05310020734906136 0.06640625
3 0.6819121657944311 0.271875 0.03720238883740699 0.05859375
6 0.6121725846689051 0.25546875 0.038993067330527965 0.0875
3 0.44093250172928045 0.28203125 0.028608638837406986 0.05859375
8 0.38469242541307797 0.259375 0.03782987141421197 0.0765625
3 0.32353667060375446 0.265625 0.03335070253973793 0.06015625
2 0.6769096964644701 0.19140625 0.04340774881887377 0.0796875
4 0.5685342012737935 0.18515625 0.046225213972483206 0.115625
3 0.43861852278067276 0.2140625 0.02874504809323426 0.0625
0 0.3273362823993196 0.2015625 0.041254971777031635 0.08515625
0 0.25743301016680104 0.18984375 0.04616072658635506 0.09140625
3 0.6165922445577043 0.12890625 0.02944445253973793 0.06015625
3 0.554064962706539 0.1296875 0.02874504809323426 0.0625
5 0.5047098034507118 0.13359375 0.032470248818873594 0.0796875
9 0.274776766790223 0.140625 0.03351439364673059 0.06484375