11 0.5557242999205697 0.2441286862863031 0.060062566963403084 0.1299153709411626
7 0.6412645592560606 0.3996189813356089 0.07695578652459396 0.20284435633066594
9 0.5659157317393507 0.3314241347441756 0.05506142126547413 0.11186480032431154
9 0.6413947930207109 0.16843716518298474 0.05503414772652384 0.11030230032431154
9 0.7296954082798306 0.07629848377124089 0.05340346387914785 0.1063687767853612
9 0.7327763547124035 0.660441658690163 0.060611991882325175 0.11664775771063773
1 0.32834222484278713 0.7424782317393507 0.08565863068039521 0.20924436079489278
5 0.13940640990797898 0.7832646931828666 0.08055234496658029 0.14042617694751697
4 0.39980949066780447 0.3171412666423868 0.06722623051823948 0.18236821509696394
3 0.3174294131510946 0.24906915097623 0.044809713879147936 0.1062187723211343
3 0.48080039204777625 0.3305667926169691 0.04715346387914785 0.10625968262955983
3 0.3678116481368562 0.5395071903434928 0.055075058034949366 0.11264605032431163