3 0.29113861265409663 0.6989033259829963 0.038500108757465325 0.044934041723114146
3 0.5619596057202425 0.7248294973980082 0.03225010875746541 0.044606493102595124
4 0.2873616088543745 0.5923257773624773 0.06057578371934032 0.0882270183173656
9 0.4221178153513884 0.6165965162812007 0.03081489532659738 0.04999335594746519
11 0.4877064477602079 0.6215982767966504 0.03421265226045147 0.061875880257724704
9 0.5494070139646177 0.6256140694242756 0.030923998100139016 0.05468085594746519
3 0.6199195357161106 0.6207052414051144 0.03243194671336802 0.052418993102595124
9 0.6796575584175342 0.6418266468776098 0.03381260875746541 0.0446883802577247
5 0.30772996666190927 0.5237771732240343 0.03973595364722229 0.06450623530067894
10 0.36712315045749955 0.5261076351189649 0.05755988649288204 0.09275074400710608
3 0.49679246666190924 0.5336855189947343 0.027798998100139017 0.05451708163720568
8 0.5546958856398607 0.5328090937345351 0.03753767401194459 0.07063340456798421
1 0.6273339518442704 0.5373980964480685 0.053744555470833434 0.09645227611928178
3 0.24599433928708297 0.4540544934412793 0.03875468189572917 0.05587154172311397
9 0.30871254483416627 0.44795497964646935 0.03399444671336802 0.0525008802577247
6 0.3727750448341663 0.4513123530067892 0.03688371058107638 0.07606121099041943
3 0.43127787585621497 0.45828937132415487 0.028580248100139018 0.05455802521477064
7 0.5018995003812496 0.4486930433049937 0.040681511017916706 0.10513123530067894
9 0.549119339287083 0.46994060153645123 0.02859843189572935 0.055339275214770646
2 0.6187415082650343 0.4696783299397252 0.03759222539871523 0.07297715456798422
3 0.25711498366374974 0.37954581637205786 0.03719218189572917 0.055789654567984216
9 0.4306252188461109 0.38551029059146025 0.02865298328249999 0.057683025214770645
0 0.49799455680201365 0.38121893826203956 0.032977460581076555 0.07585649310259512
8 0.6728127188461108 0.39820279963657185 0.04227972539871523 0.07322281603337348
9 0.37602994424482616 0.3114686030067892 0.031051284669270894 0.06014960594746528
3 0.4392748266536456 0.31634753278954414 0.027871733282499988 0.057642081637205765
6 0.494380553952222 0.30124483321908546 0.03165134992375016 0.08593085594746527
2 0.5011767210303123 0.2445001882620396 0.03279562262517359 0.06804399310259512
5 0.6107335589862151 0.24241978912112225 0.03688371058107638 0.07606121099041943
11 0.6740693603729859 0.2433924689038772 0.03766496058107656 0.07610215456798422
9 0.27437913810840264 0.17551341361309586 0.034267203647222286 0.06421963025772479
0 0.44825304920256936 0.1658528878324983 0.029471254084062436 0.09283927521477064