3 0.48828125 0.7546875 0.0296875 0.04296875
2 0.5421875 0.7515625 0.0359375 0.0453125
9 0.6859375 0.7328125 0.0359375 0.0484375
11 0.340625 0.66171875 0.0421875 0.05859375
9 0.47265625 0.66328125 0.02734375 0.0484375
9 0.603125 0.64765625 0.02734375 0.05078125
8 0.74140625 0.64453125 0.0453125 0.0625
3 0.3453125 0.578125 0.0328125 0.05078125
9 0.47265625 0.58203125 0.02734375 0.0484375
2 0.66171875 0.54765625 0.03515625 0.07109375
11 0.28515625 0.48671875 0.0421875 0.06484375
0 0.35 0.47890625 0.0375 0.06875
9 0.475 0.49765625 0.02734375 0.0484375
0 0.5375 0.48046875 0.03125 0.07109375
5 0.71875 0.475 0.04296875 0.06484375
3 0.2921875 0.415625 0.0359375 0.053125
3 0.35 0.4203125 0.03125 0.05625
8 0.41484375 0.4078125 0.0359375 0.07109375
7 0.53046875 0.3921875 0.0421875 0.10546875
6 0.5953125 0.40390625 0.0359375 0.0765625
5 0.70859375 0.39375 0.0421875 0.06640625
10 0.2828125 0.321875 0.0609375 0.10546875
3 0.41015625 0.34765625 0.02734375 0.05625
1 0.53515625 0.3203125 0.0359375 0.10234375
3 0.30390625 0.27578125 0.03125 0.05625
9 0.47734375 0.26328125 0.0265625 0.06015625
3 0.5296875 0.271875 0.025 0.05859375
9 0.5859375 0.26015625 0.02734375 0.05390625
4 0.35546875 0.18984375 0.0484375 0.1109375
9 0.409375 0.20703125 0.025 0.05859375
6 0.46796875 0.1875 0.02734375 0.09140625
3 0.6359375 0.19609375 0.0265625 0.06015625