9 0.2640625 0.68046875 0.03828125 0.0484375
9 0.32421875 0.68359375 0.0375 0.0453125
5 0.4 0.67265625 0.0359375 0.05625
1 0.52265625 0.675 0.0453125 0.06640625
7 0.5921875 0.66953125 0.05078125 0.0796875
3 0.65078125 0.5984375 0.0328125 0.0484375
3 0.715625 0.60078125 0.0375 0.0484375
3 0.275 0.5109375 0.0359375 0.05078125
9 0.3953125 0.5203125 0.03125 0.05078125
3 0.46015625 0.52265625 0.0265625 0.05078125
9 0.65 0.509375 0.0296875 0.0484375
11 0.2875 0.43359375 0.0421875 0.06484375
3 0.3453125 0.4375 0.03125 0.053125
8 0.40390625 0.43359375 0.03828125 0.06484375
6 0.47265625 0.42578125 0.03125 0.071875
3 0.64296875 0.428125 0.03125 0.053125
8 0.475 0.3609375 0.0328125 0.0625
11 0.65 0.36328125 0.0359375 0.06875
5 0.35 0.28046875 0.0359375 0.07109375
2 0.41171875 0.265625 0.03515625 0.0796875
9 0.58046875 0.290625 0.0265625 0.05625
6 0.71171875 0.2765625 0.04296875 0.08203125
0 0.2953125 0.19375 0.03828125 0.08515625
9 0.35234375 0.2046875 0.0265625 0.0625
2 0.53515625 0.20703125 0.02734375 0.08203125
10 0.58359375 0.203125 0.046875 0.11328125
3 0.703125 0.21953125 0.03125 0.05859375
4 0.29765625 0.1234375 0.0515625 0.11640625
3 0.35625 0.14765625 0.0296875 0.06015625
9 0.52734375 0.1421875 0.025 0.05859375
9 0.5875 0.146875 0.0265625 0.0625
0 0.70625 0.14375 0.0375 0.08984375