11 0.64609375 0.77734375 0.07109375 0.140625
5 0.8453125 0.7796875 0.07421875 0.1359375
1 0.72578125 0.63828125 0.08203125 0.209375
4 0.5953125 0.3265625 0.06953125 0.1765625
3 0.67734375 0.2546875 0.046875 0.10546875
3 0.62109375 0.55078125 0.05546875 0.115625
3 0.5125 0.3375 0.04921875 0.10234375
5 0.2671875 0.5421875 0.0625 0.1421875
7 0.353125 0.41015625 0.07578125 0.19453125
11 0.17578125 0.253125 0.0671875 0.1265625
9 0.42890625 0.33984375 0.05078125 0.1078125
9 0.35546875 0.18359375 0.0484375 0.1078125
9 0.2671875 0.08828125 0.04921875 0.1046875
9 0.25625 0.6703125 0.06015625 0.109375