9 0.7421898270031083 0.7544031667727223 0.04053314676606821 0.04341419267186346
1 0.680140206356322 0.7450821634309046 0.07160940637700666 0.08515679734245403
5 0.5961370205806732 0.7519219620862232 0.04513543758467105 0.05674089600572714
3 0.39963383480502446 0.75745270472627 0.033788501809022355 0.04880112667090906
9 0.33450347976207034 0.762166929384134 0.037244372455808694 0.040252830004772554
9 0.5295027985089773 0.6510856207431328 0.030127913274411534 0.05344317333704538
9 0.4001052255781989 0.6589606607256336 0.03247166327441171 0.05347044533736352
5 0.3393724434660232 0.6543453387173613 0.04377765547249553 0.060628964672181596
6 0.7307178177308542 0.5705639687698589 0.05504270409301455 0.06700623400699968
6 0.5327716406616327 0.5588799394095874 0.03888211555840364 0.07150283000477256
7 0.41015633423919756 0.55667145472627 0.05569447930778519 0.09434089334022708
2 0.5986666355732501 0.4799106020846324 0.03653836555840364 0.07147555800445424
3 0.542870336952731 0.4855151647437692 0.0301688568519765 0.05422442333704538
3 0.34316026402195254 0.492572044716725 0.0340751068519765 0.05426987667090888
10 0.6679322919502566 0.39629012742676845 0.06190021370395282 0.10846702800763594
3 0.5347546217784401 0.41662880474217834 0.029510437584671045 0.05655908267027261
0 0.4826974768213942 0.4105509800684059 0.03542624491161739 0.08005112667090888
8 0.41230308966626456 0.411295320058861 0.039704309135968605 0.07229317067154532
2 0.35350129975217276 0.39966692938413406 0.039045889868663156 0.07462783000477255
3 0.7241280602676223 0.33831454276731354 0.03900826831736559 0.05901192067154524
4 0.599124738241355 0.3220071954169052 0.05240238297125828 0.1060141900063634
9 0.3555861001817141 0.34497033871736127 0.029510437584671045 0.05655908267027261
11 0.29880051164710336 0.33961922004295253 0.04435086555840373 0.0715664646721816
8 0.5480026515157667 0.2682549394095874 0.03888211555840364 0.07150283000477246
3 0.2996060950933314 0.2645828573758617 0.03596515547249544 0.06053805800445433
0 0.7137305500908571 0.1787213667647682 0.04541539857509047 0.09187896467218155
9 0.6597047913844298 0.1952907014242231 0.03452548620519007 0.06286362667090888
9 0.5950281377209566 0.20626401674885986 0.02827548620519007 0.06279090133672716
3 0.5438750734966054 0.19785153274186018 0.029715155472495525 0.06046533267027252
11 0.4860625734966054 0.19717882340067874 0.03151999491161739 0.0800056733370453
3 0.4288675491863459 0.19964020472626998 0.02827548620519007 0.06279090133672716
9 0.3789903799190405 0.19671465205281574 0.02827548620519007 0.06279090133672716