3 0.27487855906264347 0.632087724446545 0.04005457032575279 0.052787485300678935
3 0.3485615957231323 0.6352702781554468 0.03771082032575279 0.05266465456798421
9 0.4095536594254631 0.6336391791053865 0.0343130018140986 0.0446883802577247
2 0.47472479163944825 0.6396158621675017 0.04013641587924912 0.05513123530067894
2 0.5484351101511026 0.6435796658764034 0.037819947730414506 0.055789654567984216
8 0.6117982057045989 0.6426069860936485 0.04423363883740698 0.06080470318850324
1 0.4062525554344464 0.5391079291053864 0.051411221777031633 0.08769475180902227
5 0.5448611876484316 0.5412359158764033 0.03351439364673041 0.06648149310259513
9 0.6726687291182438 0.5478433627333287 0.03294147477225664 0.050075243102595125
3 0.283621098085385 0.4790069900503774 0.03935516587924912 0.05509029172311415
4 0.3450571058899333 0.4452627538451872 0.059660231395678484 0.10060418758467105
10 0.2925198937315485 0.3752268928093393 0.06591023139567849 0.10093173620519007
3 0.35963547186184963 0.39205918871632484 0.03321429328391083 0.057887743102595035
11 0.6614980722246694 0.3848487177762827 0.040682052902557685 0.07075623530067894
8 0.7218725770339928 0.38794606230378725 0.04528770734906136 0.06865814676606821
11 0.4240947867453069 0.3104130410457455 0.033759930307219396 0.07351274310259504
6 0.48444200970346485 0.31272913557325005 0.03419643992586607 0.08601274310259503
9 0.5931994508104574 0.3117254782917323 0.029226197730414506 0.055339275214770646
6 0.6522470685964723 0.29923876639680175 0.03872024881887377 0.0815709045679843
9 0.7189807008104574 0.3051335623037873 0.03725695253973793 0.061998710990419426
9 0.5978026160567343 0.24182573609364838 0.02944445253973793 0.061589275214770645
9 0.6490203756753812 0.2516644035519315 0.029308043283910835 0.057683025214770645
0 0.71706104754508 0.2277488687262224 0.04368056733052796 0.08962906603337358
3 0.3658507224100038 0.18901939789772193 0.03178820253973793 0.061712105947465276
9 0.4790228450053421 0.17995757915081495 0.027046138837407162 0.05990394448207605
3 0.5394519135169964 0.1846174236783195 0.027100702539737932 0.06146644448207601
0 0.5967460583448533 0.16674384893851868 0.03430556733052796 0.08913774310259504
9 0.7024603450053422 0.1682477159672604 0.03187004809323426 0.06405585594746528
5 0.3625868239539499 0.11796659147528683 0.03548612141421188 0.07828213025772479
3 0.47684029691210783 0.11745757915081494 0.02718254809323426 0.063810194482076
7 0.5307911869306412 0.09349777872127361 0.04272819173996467 0.12934998530067893
3 0.705292679126093 0.11487705450187118 0.03187004809323426 0.06405585594746528