3 0.7626760651575699 0.6148478423209836 0.03946319671336802 0.05234109140676253
3 0.6894022193178826 0.6248714411421201 0.03711944671336802 0.05224559091247105
9 0.628501086909063 0.6289169539937014 0.03381260875746541 0.044305756920082116
2 0.5638755424561464 0.6409341343357686 0.039517748100139014 0.05468484140676253
2 0.4906198804120492 0.6517389831569049 0.03719218189572917 0.055370590912471054
8 0.4273931817988201 0.6566612465027778 0.04355128466927098 0.06031275889724856
1 0.6263008476426394 0.5343857039937013 0.05041953371934031 0.08712992688202625
5 0.4882378031897227 0.549395233156905 0.03275925503399311 0.06611708992388791
9 0.3612031777147574 0.567865343346748 0.032377395326597294 0.04971083992388792
3 0.7450677250174657 0.4630770952867332 0.038736498100139016 0.05465300790866543
4 0.6818585569894449 0.4351550251345088 0.05852297444878474 0.09994826186299814
10 0.730167463999549 0.36046143125628827 0.06477297444878474 0.10020292984777565
3 0.6642339926848961 0.38347977859454996 0.03255923328249999 0.05752333992388774
11 0.36287151443638926 0.4043612588600675 0.0398814240119445 0.07030984140676252
8 0.3028607348011115 0.41306243821355154 0.04451437262517368 0.06815709239534584
11 0.5952281131258683 0.3080924594309088 0.03292290919430556 0.07314833992388783
6 0.5351991496950003 0.31601238878439286 0.03321384992375016 0.08564833992388783
9 0.4267145024685419 0.3251247450199031 0.02859843189572935 0.05502042243340188
6 0.3671212969214587 0.31816909087528994 0.03779224715020835 0.08115184091247105
9 0.3009332524685419 0.33024993821355164 0.03655640226045147 0.06158875741437377
9 0.41806489466100716 0.2558799965027778 0.02874390226045147 0.06127042243340188
9 0.3675745853904516 0.27044917387909556 0.02865298328249999 0.05736417243340188
0 0.2983518067051044 0.2529380217116488 0.042661585106111136 0.08915534190105419
3 0.6462431396270141 0.18167719806220228 0.03108765226045147 0.06136592292769345
9 0.5328891544446529 0.18316805528629568 0.026363784669270984 0.059612421939110226
3 0.4729147424005557 0.19343173463977975 0.02640015226045147 0.06117492193911023
0 0.41475675028434045 0.18094366349897223 0.033286585106111134 0.08877333992388783
9 0.30945165444465295 0.19227243574209366 0.03114220364722229 0.06370967292769344
5 0.6453696642282987 0.11055161456410509 0.0345945119678472 0.07789950692008221
3 0.5314344507974307 0.12066805528629568 0.02645470364722229 0.06351867193911027
7 0.4762559883164932 0.10180265015309939 0.041245208681215395 0.1289035914067626
3 0.303527656344514 0.13933843673067683 0.03114220364722229 0.06370967292769344