9 0.2200049677762827 0.6527847335668404 0.04497166327441153 0.05410692496187508
6 0.27683149988845834 0.6580184006449308 0.04879270409301446 0.06746091014423605
9 0.34003086273332855 0.6610537880877434 0.03547383254171699 0.05154496941479181
5 0.4099306049314125 0.6556408958952782 0.03909015547249552 0.06099270459715278
3 0.48168609622498515 0.674519488885174 0.030005082541716986 0.05141768284565984
9 0.22763376130841909 0.5669199687492016 0.04110635685197641 0.0547972559839236
3 0.3653418012225108 0.5810760005686808 0.034034163274411534 0.053852351823611144
10 0.41994409204111366 0.5690494324644101 0.05355544719560949 0.0987836453265972
2 0.48779333333468644 0.5878371064763546 0.03909015547249552 0.06099270459715278
9 0.6139054539814728 0.5993766313619797 0.0379813568519765 0.05472452080156245
2 0.6798989461795567 0.5938728201915631 0.054384284825709096 0.06993194671336803
3 0.25010630484055546 0.481400696047778 0.038104187584671045 0.057068270801562446
3 0.3569361589789984 0.5026600598392365 0.0325126068519765 0.05459723423243066
9 0.4334134497976013 0.4911426380114934 0.030291687584671045 0.05688643284565984
4 0.5587000548405554 0.48858329530593797 0.05211577792830404 0.10109102773541671
3 0.619599933289258 0.50564481515757 0.0340751068519765 0.05463360182361114
7 0.24914134837269178 0.39533590947864605 0.06855964947960161 0.11707970364722228
9 0.308686766735486 0.42331674553468773 0.034034163274411534 0.053852351823611144
5 0.377310613976524 0.412398735751042 0.03653836555840373 0.07185746941479162
0 0.4319162268213942 0.4152341014423615 0.03542624491161739 0.08041485182361115
11 0.2591614795349277 0.3384683136389586 0.04204805913596861 0.0727660059839236
9 0.32277027815544673 0.3336912010817711 0.034402655472495436 0.06088360182361115
11 0.3779114795349277 0.34123225056868084 0.039704309135968605 0.07271145459715278
9 0.558383551561195 0.3602946411456255 0.0301688568519765 0.05454268284565966
3 0.6786551079836303 0.36387619566652835 0.03596515547249553 0.06091996941479172
3 0.5130953850074231 0.284149062023438 0.02963326831736559 0.059211999050069505
8 0.6873960221625529 0.28664154844007 0.04607713986866315 0.07520067496187507
3 0.2864753312985215 0.2053473423243058 0.034402655472495436 0.06088360182361115
8 0.3414903799190405 0.20037020801562527 0.033986575644311935 0.08272223423243057
6 0.46237941203121624 0.20709494633211847 0.03225697930778502 0.09438643284565976
0 0.34657402758961986 0.13321907560680585 0.03784856004047974 0.09685746941479172
1 0.6853499225466657 0.14657959289298667 0.05947125452255584 0.12233024810013893