8 0.6516145638459339 0.7315100120941775 0.05465667889684287 0.053724984006999675
3 0.7211913164767698 0.7315378314369498 0.043582671004335084 0.051253964672181594
7 0.3157820216113848 0.5915726187141797 0.06115657885449064 0.09830168734086335
11 0.38597342427045556 0.6213152100572701 0.03944120257436623 0.06057442067154532
9 0.4549054347937993 0.6189901887332697 0.03282718152767892 0.054251695337363515
9 0.5793139005929323 0.6306009454169053 0.03282718152767892 0.054251695337363515
9 0.7101011690087837 0.6266503367679499 0.043446163111827474 0.048910214672181596
6 0.2759452478632743 0.5238760413749072 0.049635249929412775 0.07474600867281786
3 0.5895604268307043 0.5486333300843143 0.03438968152767874 0.05426987667090906
9 0.6549047057698995 0.5407941054264503 0.03889517100433508 0.05119942067154533
10 0.33761006093274926 0.4315618193825432 0.05269933674699843 0.10054544000636341
0 0.40080030567107744 0.4338606633911337 0.03979751834526439 0.08009658000477256
8 0.4730547372693434 0.45502768606776967 0.036953239406069115 0.07147555800445424
0 0.528060755685195 0.4501952827418602 0.03589126834526439 0.08005112667090905
1 0.5989647898860619 0.44085719275140517 0.05315436305535748 0.10835794000636341
3 0.7249889635918201 0.464995221435359 0.03921368942018653 0.05666817067154532
3 0.2977277845538029 0.3646464920432707 0.034662697312694314 0.058957376670908876
9 0.34948000035293586 0.37541181671704316 0.029975197312694313 0.05890283267027261
5 0.5427672687687873 0.3721884614099055 0.035436242036904986 0.07223862667090888
6 0.6636790082454436 0.37672251475967755 0.04319553413027997 0.08482044267186346
9 0.7169937240445765 0.3875060207669954 0.03921368942018653 0.05666817067154524
3 0.30578247923566126 0.30688853604390703 0.034662697312694314 0.058957376670908876
9 0.3714452765907079 0.29358056138604305 0.029975197312694313 0.05890283267027261
3 0.4241607529131846 0.30122997672658813 0.029975197312694313 0.05890283267027261
5 0.5393307266048254 0.31038789540895106 0.03166649992941295 0.0745369233370452
3 0.31704547390340226 0.23431410204486158 0.034890210466874017 0.06286362667090888
4 0.37902953441262854 0.21705442405313394 0.04896739199455276 0.11689714600572695
2 0.5450794686417304 0.2385310767424965 0.034601784130279964 0.08472044533736352
3 0.6028919686417303 0.23920378608367798 0.03006620257436623 0.06046533267027261
11 0.6632834370716993 0.24928785809195028 0.04182274992941295 0.07465510200509069
9 0.32798995015529175 0.16720841804581607 0.03020271046687393 0.06280908267027256
2 0.6706856843702762 0.17588672075904122 0.042421989406069116 0.07153919267186341