8 0.69375 0.7234375 0.0515625 0.053125
3 0.76328125 0.72265625 0.040625 0.05078125
7 0.35 0.5875 0.05546875 0.09765625
11 0.421875 0.61640625 0.0359375 0.06015625
9 0.490625 0.61328125 0.0296875 0.05390625
9 0.615625 0.6234375 0.0296875 0.05390625
9 0.74609375 0.61796875 0.040625 0.0484375
6 0.30625 0.5203125 0.0453125 0.07421875
3 0.62109375 0.54140625 0.03125 0.05390625
9 0.6859375 0.5328125 0.0359375 0.05078125
10 0.3625 0.42734375 0.046875 0.1
0 0.42578125 0.42890625 0.03515625 0.0796875
8 0.49921875 0.44921875 0.0328125 0.07109375
0 0.55390625 0.44375 0.03125 0.0796875
1 0.62421875 0.43359375 0.046875 0.1078125
3 0.7515625 0.45625 0.0359375 0.05625
3 0.31875 0.3609375 0.03125 0.05859375
9 0.37109375 0.37109375 0.0265625 0.05859375
5 0.5640625 0.365625 0.03125 0.071875
6 0.68515625 0.36875 0.03828125 0.084375
9 0.7390625 0.37890625 0.0359375 0.05625
3 0.3234375 0.303125 0.03125 0.05859375
9 0.38828125 0.2890625 0.0265625 0.05859375
3 0.44140625 0.29609375 0.0265625 0.05859375
5 0.55703125 0.30390625 0.02734375 0.07421875
3 0.33046875 0.23046875 0.03125 0.0625
4 0.39140625 0.2125 0.0421875 0.11640625
2 0.55859375 0.23203125 0.0296875 0.084375
3 0.61640625 0.23203125 0.0265625 0.06015625
11 0.67734375 0.24140625 0.0375 0.07421875
9 0.3375 0.16328125 0.0265625 0.0625
2 0.68046875 0.16796875 0.03828125 0.07109375