9 0.303125 0.7125 0.03828125 0.05078125
3 0.43125 0.71484375 0.0296875 0.05078125
9 0.5640625 0.7328125 0.0328125 0.0484375
5 0.63671875 0.73515625 0.03828125 0.05625
8 0.69921875 0.72265625 0.0421875 0.06640625
7 0.78203125 0.734375 0.078125 0.084375
2 0.29296875 0.63359375 0.046875 0.06015625
10 0.36953125 0.609375 0.046875 0.09375
2 0.42890625 0.63515625 0.0359375 0.06875
3 0.559375 0.64765625 0.02734375 0.05078125
5 0.63359375 0.5453125 0.0359375 0.06640625
8 0.70703125 0.55859375 0.0484375 0.06015625
3 0.49921875 0.4765625 0.02734375 0.05390625
9 0.63359375 0.46953125 0.03125 0.05859375
3 0.75703125 0.48359375 0.03828125 0.05390625
3 0.68671875 0.403125 0.0328125 0.05625
1 0.75234375 0.37265625 0.0625 0.1109375
11 0.39453125 0.31875 0.03515625 0.07109375
9 0.50390625 0.31640625 0.0265625 0.06015625
4 0.63671875 0.31484375 0.046875 0.10546875
9 0.68125 0.32265625 0.0296875 0.05859375
3 0.74375 0.3375 0.0359375 0.05859375
9 0.4 0.2484375 0.0296875 0.06015625
0 0.4546875 0.23046875 0.0296875 0.08984375
9 0.62890625 0.2515625 0.03125 0.06015625
6 0.69140625 0.24609375 0.0359375 0.0875
9 0.34296875 0.18359375 0.02734375 0.06484375
3 0.4 0.18125 0.0265625 0.06015625
3 0.4625 0.1875 0.025 0.0625
0 0.575 0.1734375 0.0296875 0.09140625
6 0.6265625 0.17265625 0.0328125 0.08984375
11 0.6890625 0.1890625 0.0375 0.07421875