3 0.3276687423650877 0.676932480625411 0.0374380018140986 0.04338692067154533
3 0.7890873920022681 0.662966146562732 0.042207347367594926 0.04578521467218159
2 0.5816171431833943 0.5856604012571853 0.03820189364673041 0.06526192067154532
8 0.7818899616950485 0.5911456905633684 0.05274554328391083 0.056840893340226906
3 0.3910615758528664 0.5003421612826386 0.03154266587924912 0.05347044533736352
9 0.4614832032575281 0.5026490012730938 0.028444947730414682 0.05421533267027243
9 0.519541239918017 0.5090075419319122 0.028444947730414505 0.054215332670272606
5 0.6990104851086936 0.5006666885741862 0.04288939364673059 0.06531646467218159
9 0.759384989918017 0.5062167072326865 0.037819947730414506 0.054324420671545325
2 0.4015873588851582 0.4212813699475024 0.03521330290255768 0.06913180800445425
3 0.45080610888515815 0.4207086579408209 0.028444947730414682 0.054215332670272606
0 0.5756151359270002 0.4137854012571854 0.03392362141421188 0.07692612667090888
9 0.6365079959084667 0.4341791699156857 0.03165179328391084 0.05659544533736351
7 0.703658290373504 0.40995078190645884 0.05993304990733286 0.10612327800763595
3 0.7614807140573013 0.43194341323205004 0.037819947730414506 0.054324420671545325
9 0.3411285193221117 0.34617282928868387 0.03477679328391083 0.05663180800445433
4 0.3849876467267734 0.3487887519494114 0.05192957694917481 0.10056362133990877
5 0.45562752894075853 0.35734559193986637 0.032170148456053836 0.07143919533736351
1 0.6332341737686155 0.34042916991568567 0.054737118418987055 0.11387214334022691
3 0.6943899285779389 0.34597009790741334 0.034694947730414503 0.05428805800445433
9 0.7440724700477511 0.3586786359007318 0.03712054328391083 0.05665908000477256
11 0.3342584712288775 0.2837273732893202 0.039982648456053926 0.07153010200509069
3 0.388918689377712 0.2823097766152296 0.028608638837407163 0.05890283267027261
9 0.5688244441870355 0.2864689232575035 0.02685516587924912 0.053415901336727065
11 0.6208953756753812 0.27804734858373104 0.03763889845605384 0.07150283000477256
9 0.6805704760382009 0.2859502079090042 0.029226197730414682 0.054224423337045205
6 0.7402083708660577 0.2704064765675046 0.045833344372369925 0.08253123667249973
3 0.5571304868379741 0.22017176125877613 0.028608638837407163 0.05890283267027261
6 0.6245263179635001 0.2029746232495493 0.035758939925866075 0.08475680800445433
0 0.6722644135169964 0.20476384257641325 0.038993067330527965 0.08791817067154524
10 0.3351066646981228 0.12896714795513844 0.05500993693064134 0.12168464334022695
8 0.5571552794889127 0.153738239258458 0.033841775860715725 0.07458237667090888