3 0.2784175665279197 0.68515625 0.039191474772256464 0.0484375
0 0.3511283802302506 0.68359375 0.04054564364673059 0.06484375
9 0.41748006652791975 0.68515625 0.033105165879249124 0.053125
5 0.29206589347709444 0.58515625 0.04523314364673059 0.06484375
0 0.4309374205189365 0.590625 0.035131457349061354 0.06640625
3 0.48518841090028964 0.603125 0.02919891587924912 0.053125
3 0.5641765064537859 0.60078125 0.03310516587924894 0.053125
8 0.6279934697932971 0.6078125 0.04528770734906136 0.06640625
3 0.6884126146211539 0.62265625 0.03779266587924894 0.053125
9 0.23617304674247186 0.5078125 0.037819947730414506 0.05390625
10 0.3025346567239384 0.48671875 0.05672620435383653 0.103125
3 0.36117304674247186 0.5078125 0.0331324477304145 0.05390625
4 0.502524733040141 0.509375 0.04411707694917481 0.1
11 0.2520733544543529 0.4328125 0.045478680307219396 0.071875
3 0.3078149229660072 0.425 0.03712054328391083 0.05625
9 0.5547891266868715 0.44453125 0.03154266587924912 0.053125
11 0.6261556951985258 0.43671875 0.039982648456053836 0.07109375
1 0.6332266399337154 0.34609375 0.05934277286549072 0.1109375
3 0.26827625172928055 0.28203125 0.03485863883740707 0.05859375
6 0.4435217883897694 0.275 0.03419643992586607 0.084375
9 0.5126983743246188 0.28515625 0.02866320253973793 0.06015625
2 0.5610540287711225 0.2875 0.03419643992586607 0.084375
6 0.28374997350631215 0.196875 0.0453249128840242 0.08984375
9 0.33767358167368017 0.21875 0.02874504809323426 0.0625
3 0.4005009638876653 0.209375 0.02952629809323426 0.0625
7 0.5142460053574776 0.19609375 0.04178325063297219 0.12265625
9 0.5664161405666877 0.2234375 0.02952629809323426 0.0625
9 0.625037172417853 0.22265625 0.031951893646730414 0.06484375
9 0.28694938457623786 0.15 0.03351439364673059 0.06484375
8 0.3450347030878921 0.1421875 0.03880209437236992 0.08203125
5 0.4050818256832304 0.1453125 0.034032748818873595 0.0796875
2 0.6893204164274033 0.14921875 0.045833344372369925 0.08203125