9 0.5108259827464409 0.6481046471873498 0.03154266587924912 0.05433467292769336
10 0.4537128871929446 0.6480847425484452 0.04594247177703163 0.08690709239534584
1 0.7147024616950486 0.5717318536896902 0.061540189925866254 0.08676251235728963
7 0.6414187291182438 0.5567236190127294 0.05419148139567849 0.09972542737631773
0 0.3854861876484315 0.5538519228905123 0.040763898456054014 0.07265359140676253
9 0.2564534520764018 0.5778862835746469 0.044069947730414505 0.055625258897248564
8 0.6429241762156861 0.48781445152224345 0.04087302586071573 0.07577859140676253
5 0.5740377669598591 0.4867095493547966 0.03373264845605384 0.07236708992388792
9 0.4475571125133553 0.4942103260465423 0.03154266587924912 0.05433467292769336
5 0.6963368636944816 0.4042724396592453 0.04467014845605384 0.07281275889724856
3 0.6347818048014743 0.41147478600892384 0.03165179328391084 0.05745967292769336
3 0.5732986677781657 0.39833279886050504 0.029389888837406987 0.05970792243340188
0 0.4581820992665113 0.3951998230807928 0.034114594372369925 0.08330458992388792
9 0.3957912266711731 0.40087150292856844 0.0331324477304145 0.05517958992388792
11 0.3231076948200077 0.4030507682516077 0.044670148456053924 0.07281275889724856
9 0.26710323148049653 0.4123740301146058 0.040245543283910834 0.05780984140676253
9 0.5686905241314351 0.3335845493547966 0.028608638837406986 0.05967608893530461
3 0.45039439191744995 0.3290164075674732 0.029389888837406987 0.05970792243340188
11 0.3363864556197808 0.3352265982896638 0.0407911803072194 0.07343484140676253
2 0.274231196001134 0.32524144463934224 0.04935764845605393 0.0730037598858317
3 0.6285169027172233 0.25447536950702093 0.02944445253973793 0.06127042243340188
3 0.5762549982707196 0.25895196387953306 0.028608638837406986 0.05967608893530461
4 0.39507692014041834 0.24599300193998533 0.04935021397248338 0.11747134288963731
9 0.3319866430985764 0.25404026528585816 0.03485863883740716 0.05993075692008221
8 0.26859626569391465 0.253493778631731 0.045478680307219396 0.07362584239534575
3 0.6899157049868088 0.1979906061611481 0.03187004809323426 0.06370967292769344
6 0.5753348498146655 0.1877945468833387 0.03594991288402429 0.09118075692008225
6 0.4608358401960187 0.17994223760552924 0.03296132213985139 0.09495967292769344
3 0.4018427861123347 0.19329908346091615 0.02952629809323426 0.06361417243340188
2 0.3353546905588384 0.19366118079917777 0.03880209437236992 0.08349559091247101
3 0.2869171905588384 0.19563485768120392 0.03343254809323426 0.06377333992388783
9 0.6250421839354164 0.13256853600892377 0.02726439364673041 0.06586242193911027