2 0.3245983060674186 0.699549762871831 0.05040179328391083 0.05907116311182729
8 0.6755432471744112 0.7246679441171611 0.04528770734906136 0.06890889469597586
3 0.7346553523465543 0.7429243914298553 0.03762897477225664 0.050530621018452494
9 0.2624951209508758 0.6179665629283007 0.042507447730414503 0.056272386803468064
10 0.33057299835553755 0.6250502918110261 0.06388393992586625 0.0879242052052021
11 0.38930315761136464 0.6323692391237205 0.04032738883740716 0.06082337891096028
3 0.5898934346532065 0.6385946652485531 0.029198915879248943 0.054717592079257214
4 0.7353869839275673 0.6299161572148709 0.06719991288402412 0.09357496572854576
9 0.5301339995366638 0.5571479731975305 0.029226197730414506 0.05549884207925722
3 0.588291239918017 0.5480606705102249 0.03156994773041451 0.05563534997176518
5 0.6548611810250096 0.5566158941312784 0.03990080290255769 0.07093412628012441
0 0.32457099109914334 0.45317529181102606 0.04486112141421188 0.07901964206513981
3 0.4002431136944816 0.45446404700211074 0.03165179328391084 0.05797909997176518
9 0.5897148414619631 0.47719443366440456 0.029308043283910835 0.05784259207925739
1 0.6490253540758347 0.45647938623877077 0.05063989546082901 0.11054265785015538
3 0.3929092741314351 0.37840978121709523 0.031733638837407166 0.06032284997176509
2 0.5204167152384278 0.3905142100433509 0.03236112141421188 0.07829159997176519
6 0.5709797104291042 0.38722188104768607 0.034196439925866254 0.08619510523343701
5 0.6338616563454202 0.40179959151456 0.037666180307219396 0.07392261838761663
3 0.7059549111547436 0.4122358335514651 0.03712054328391083 0.05829761838761662
9 0.45376243937771205 0.3125642443148052 0.029389888837406987 0.060186342079257396
3 0.5186061893777121 0.3163409626741869 0.028608638837406986 0.06014083944842143
7 0.5761458708660577 0.3118956573560453 0.04466271397248338 0.11799113680346807
3 0.6889186893777121 0.3262605361964184 0.03329613883740699 0.06041385523343701
6 0.28395588166583097 0.22782668131591727 0.041473226586355064 0.09363587891096029
9 0.3406969549868087 0.24516537073610384 0.03343254809323426 0.06432010523343701
9 0.4002356460938012 0.2533110706796341 0.03187004809323426 0.06422909997176518
9 0.6271701683263198 0.2548335862528882 0.02952629809323426 0.0640925920792574
8 0.687462827582147 0.2622435388272543 0.03559524881887377 0.08159861049510883
9 0.289667679126093 0.16812545762427653 0.03187004809323426 0.06422909997176514
11 0.3461359339354164 0.17765164704446307 0.03559524881887359 0.08159861049510883
0 0.6839806743167696 0.18485428619641844 0.03921132213985139 0.09584312101845253