3 0.271875 0.7328125 0.03828125 0.0484375
9 0.34765625 0.73828125 0.0375 0.0484375
8 0.54765625 0.7484375 0.0375 0.06015625
9 0.61171875 0.7546875 0.03125 0.0484375
6 0.69140625 0.75078125 0.0421875 0.05859375
3 0.759375 0.76171875 0.0421875 0.04296875
9 0.2859375 0.65 0.03828125 0.05078125
3 0.409375 0.65625 0.0296875 0.0484375
8 0.609375 0.65 0.040625 0.06015625
3 0.6859375 0.66015625 0.0359375 0.05078125
9 0.48046875 0.578125 0.02734375 0.05078125
5 0.7421875 0.5671875 0.046875 0.0625
11 0.35703125 0.4875 0.0359375 0.06640625
2 0.41796875 0.4734375 0.0375 0.071875
11 0.67890625 0.49609375 0.040625 0.06484375
4 0.36953125 0.3875 0.046875 0.10234375
3 0.421875 0.4125 0.0265625 0.05625
1 0.48046875 0.38359375 0.0421875 0.1078125
0 0.5515625 0.4078125 0.03125 0.07421875
3 0.73203125 0.4234375 0.0359375 0.05390625
9 0.36875 0.33203125 0.0296875 0.05390625
6 0.61328125 0.33984375 0.03515625 0.084375
7 0.37421875 0.24609375 0.046875 0.11640625
5 0.49609375 0.2640625 0.0296875 0.071875
3 0.53984375 0.27578125 0.0265625 0.05625
2 0.6140625 0.2796875 0.0359375 0.06484375
9 0.66015625 0.2796875 0.03125 0.06015625
9 0.721875 0.275 0.03515625 0.05859375
10 0.38125 0.178125 0.040625 0.11640625
0 0.490625 0.19296875 0.0296875 0.0875
9 0.65546875 0.2015625 0.02734375 0.0625
3 0.72265625 0.2171875 0.03125 0.06015625