9 0.3140625 0.68984375 0.0328125 0.0484375
9 0.72734375 0.69453125 0.040625 0.0484375
9 0.2515625 0.60703125 0.040625 0.0453125
9 0.3328125 0.6046875 0.03125 0.05078125
3 0.45234375 0.609375 0.0296875 0.05078125
5 0.6546875 0.60625 0.040625 0.05859375
9 0.26328125 0.52421875 0.0359375 0.0484375
3 0.321875 0.5203125 0.0328125 0.05078125
3 0.39453125 0.52734375 0.0296875 0.05390625
3 0.45234375 0.5203125 0.0296875 0.05078125
7 0.65234375 0.50625 0.05859375 0.08984375
0 0.26875 0.42734375 0.046875 0.07109375
1 0.3890625 0.41015625 0.053125 0.103125
9 0.5875 0.44140625 0.0296875 0.05625
8 0.71640625 0.43125 0.0484375 0.06875
3 0.27734375 0.36484375 0.0359375 0.05625
3 0.340625 0.36015625 0.0328125 0.05625
10 0.40078125 0.35 0.0515625 0.1078125
5 0.52265625 0.36484375 0.03125 0.07109375
3 0.6453125 0.35 0.03125 0.05625
9 0.7 0.35625 0.03515625 0.05859375
4 0.46015625 0.26328125 0.040625 0.1078125
11 0.525 0.2765625 0.03125 0.071875
3 0.70703125 0.29140625 0.03515625 0.05859375
0 0.340625 0.20625 0.0375 0.08515625
6 0.39609375 0.20703125 0.0328125 0.09140625
2 0.4671875 0.21484375 0.03125 0.07421875
2 0.57578125 0.2125 0.0359375 0.07421875
11 0.29296875 0.13125 0.0375 0.0796875
6 0.4046875 0.12734375 0.0296875 0.09140625
9 0.51953125 0.140625 0.025 0.06015625
8 0.63125 0.13671875 0.0359375 0.0765625