9 0.6658650969260863 0.7137972153232457 0.03422188730530316 0.049583337748947895
9 0.25244745460621826 0.7040526160567343 0.04203438730530316 0.04985615626060227
9 0.7307746945770883 0.6331672634164799 0.041943459092057725 0.04673115626060227
9 0.6495928907370224 0.6279862008952755 0.03272758346523723 0.05187252404661713
3 0.5299252484171543 0.628499577666965 0.03116508346523723 0.05181796034428636
5 0.32767242663039975 0.6183085782151191 0.04232990399835055 0.060012406260602266
9 0.7214655422280905 0.5499455356489985 0.03734688730530315 0.04969246515360979
3 0.6629854524946472 0.5439931468115914 0.03429008346523723 0.0519270877489479
3 0.5901246140148452 0.5484871846532066 0.031256011678482486 0.05494296034428636
3 0.5325167024946472 0.539437077666965 0.03116508346523723 0.05181796034428636
7 0.3329258794542513 0.5183904237686153 0.06120793613080409 0.09188988883740698
0 0.7188155668386967 0.4528795626908405 0.048943616851332014 0.07273066106992551
1 0.5990031720115463 0.4314906576113646 0.05612563103709682 0.10498016587924912
9 0.3996563898790926 0.45581106741534594 0.031324207838416475 0.05728671034428619
8 0.27104565657214 0.4411533119730503 0.05043792069139794 0.07044147477225664
3 0.712040381103604 0.3900794623280208 0.037574207838416564 0.05750496515360961
3 0.6488955234234719 0.3831821323836212 0.03444920783841639 0.057395837748947895
10 0.5890347901165194 0.3709251798438832 0.05469952335696497 0.10961310217691826
5 0.46672788110360397 0.38151296106207644 0.033318616851332014 0.07218502404661713
3 0.3445035401165194 0.36238596042910426 0.03288670783841656 0.05734127404661713
9 0.2896341836900287 0.3667262308475243 0.03686115399835055 0.05982143330244423
4 0.5321830480340782 0.2821330091553107 0.043762023356964976 0.10923115626060227
11 0.46695285312778545 0.2931498655085802 0.033341348904643374 0.07296627404661712
3 0.28448969411486996 0.30163694418703546 0.03686115399835055 0.05982143330244423
0 0.6533737379258061 0.22927588238362118 0.039977793810936114 0.08646577885594056
6 0.5978822558724948 0.22812012095087578 0.0354721502374268 0.09255208774894799
2 0.5265611853393815 0.23344997249482186 0.03340954506457727 0.07531002404661713
2 0.41803563149931533 0.22731404518282736 0.03809704506457727 0.0754737151536097
11 0.7032122650436948 0.15594007530471227 0.03981866943775678 0.08099702885594055
6 0.5916071753102515 0.14813252058805607 0.032347150237426806 0.09244296034428627
9 0.4763769804039587 0.15740333846673815 0.026750368104973176 0.0610292692372937
8 0.3647718906705154 0.14959578375008195 0.03816524122451135 0.0778174651536097