6 0.5545621757481896 0.6897189466290368 0.03627838846548563 0.05880282825883114
9 0.495155359491411 0.6955331302740622 0.029982936670087668 0.0509539668225127
5 0.3569604679026672 0.6814938770526083 0.038631228824565336 0.06037896379745078
1 0.2163127420049682 0.6862182593697739 0.07469599385167998 0.08246304205628192
3 0.687911006933887 0.5967587661072692 0.03546532220870695 0.05332953307929138
9 0.43090248283158605 0.5943478801758663 0.03000111738824689 0.054078966822512696
0 0.6282274556060271 0.5158587449318345 0.03635565651766246 0.07208407825883115
11 0.5634609736582039 0.5029547448336386 0.0355425902608836 0.06661078307929139
2 0.4907274556060271 0.5166586965308408 0.03166815651766246 0.0720568071815924
3 0.43061211222188545 0.5099774253554061 0.02765736738824671 0.05406533128389342
10 0.3673808591968233 0.5017518348981306 0.04355053298109555 0.10024998487468953
11 0.30555302488786784 0.5208609040817755 0.042564749901804075 0.06508918969514958
3 0.24930757006740772 0.5204069070086417 0.03859032220870695 0.053347713797450604
9 0.6239762928418487 0.44088601600907323 0.02999657220870695 0.0532977168225127
8 0.370088223560008 0.43923819935951125 0.038667590260883775 0.06662896379745079
3 0.31778992535540607 0.4317302263886784 0.033153388465485635 0.0587846475406721
3 0.6196978590004315 0.37060078708631217 0.03001475292686635 0.056422716822512695
3 0.5564347897185907 0.36784394662903663 0.026903388465485633 0.058748286104353474
9 0.3767336541799714 0.3712330879231927 0.026903388465485633 0.058748286104353474
9 0.3212649041799714 0.3715557956705191 0.0315636173882468 0.054088057181592396
2 0.6686489642884299 0.28203773595484394 0.038758493851679884 0.0822539637974506
3 0.6216739703385541 0.29949794672723257 0.027684638465485634 0.058752831283893234
7 0.3804313468019873 0.27277740720503346 0.04909655103327228 0.11356305113146821
9 0.33032226249303187 0.2918182986955812 0.033153388465485635 0.05878464754067192
0 0.2577296450065892 0.2813035003927834 0.04345962939029935 0.08462498487468953
5 0.6775563316766767 0.2280814889799061 0.03636929205628192 0.07442782825883124
4 0.6104460997288536 0.21519112442032967 0.04598518657189175 0.1158886204133089
3 0.5603688316766767 0.22876326591087742 0.025349978824565154 0.060301695745273956
6 0.6662421026557197 0.15861841667300322 0.03646019564707803 0.09005282825883124
8 0.6131443737329587 0.15423998888171025 0.0317136083130606 0.07986930718159235
9 0.44592505747618 0.16068140730322936 0.025363614363184794 0.06264544574527386
9 0.3341972171171003 0.16289386797742197 0.026912478824565246 0.060310786104353475