6 0.44140625 0.69296875 0.0359375 0.05859375
9 0.50078125 0.6984375 0.0296875 0.05078125
5 0.6390625 0.68359375 0.03828125 0.06015625
1 0.7796875 0.6875 0.07421875 0.08203125
3 0.30859375 0.60078125 0.03515625 0.053125
9 0.565625 0.596875 0.0296875 0.05390625
0 0.36875 0.51953125 0.0359375 0.071875
11 0.43359375 0.50625 0.03515625 0.06640625
2 0.50625 0.51953125 0.03125 0.071875
3 0.56640625 0.5125 0.02734375 0.05390625
10 0.6296875 0.50390625 0.04296875 0.1
11 0.69140625 0.52265625 0.0421875 0.06484375
3 0.74765625 0.521875 0.03828125 0.053125
9 0.3734375 0.44453125 0.0296875 0.053125
8 0.62734375 0.44140625 0.03828125 0.06640625
3 0.6796875 0.43359375 0.0328125 0.05859375
3 0.378125 0.37421875 0.0296875 0.05625
3 0.44140625 0.37109375 0.0265625 0.05859375
9 0.62109375 0.3734375 0.0265625 0.05859375
9 0.6765625 0.3734375 0.03125 0.05390625
2 0.3296875 0.2859375 0.03828125 0.08203125
3 0.3765625 0.303125 0.02734375 0.05859375
7 0.61796875 0.275 0.0484375 0.11328125
9 0.66796875 0.29375 0.0328125 0.05859375
0 0.740625 0.2828125 0.04296875 0.084375
5 0.32109375 0.23203125 0.0359375 0.07421875
4 0.38828125 0.21875 0.0453125 0.115625
3 0.43828125 0.23203125 0.025 0.06015625
6 0.3328125 0.1625 0.0359375 0.08984375
8 0.3859375 0.1578125 0.03125 0.0796875
9 0.553125 0.16328125 0.025 0.0625
9 0.66484375 0.16484375 0.0265625 0.06015625