6 0.5908692882514478 0.7059701638470491 0.038666547766469606 0.05943020459715278
9 0.5317489993763183 0.710056945382188 0.032052674730940464 0.05147223423243048
5 0.3927763906088126 0.6919946635627087 0.04108307237357547 0.0610472559839236
1 0.25233332712657724 0.6926278303564585 0.07803941687305756 0.08375871058107656
3 0.7193880864322022 0.6168739090973965 0.03763058664159917 0.05394327080156245
9 0.46217489991443744 0.6069851903481949 0.03219822394515219 0.05459723423243048
0 0.6554475568626976 0.534223756836945 0.03928513192686935 0.07271145459715278
11 0.5899852227022978 0.5194332518029519 0.038249170801998925 0.06722452080156245
2 0.5179475568626977 0.531023408813056 0.034597631926869356 0.07260235182361115
3 0.4574638211307212 0.5225920065526045 0.029854473945152192 0.05454268284565984
10 0.39378231079163906 0.512525369109792 0.047626324854774894 0.10100010875746541
11 0.3329368560769093 0.5298388492581599 0.04520764619489306 0.06582567496187508
3 0.27665046877335636 0.52774836597566 0.04075558664159917 0.054016005983923775
9 0.6472668757216165 0.45911465406340335 0.032161836641599176 0.05381598423243048
8 0.39321507650740467 0.4500799204965628 0.04137417080199892 0.0672972559839236
3 0.34050745347187544 0.4410491061920142 0.0355415477664696 0.05935746941479181
3 0.6393045184018529 0.38869305128986165 0.0323073858558109 0.05694098423243048
3 0.5758777191876412 0.38409516384704906 0.029291547766469604 0.05921199905006942
9 0.39629938109829993 0.382256640861285 0.029291547766469694 0.059211999050069505
9 0.3408306310982999 0.3809655913743753 0.03376072394515202 0.05463360182361114
2 0.683630253100372 0.30153919661645895 0.04210191687305755 0.0829222559839236
3 0.6375557737785363 0.31763566888104217 0.030072797766469605 0.05923018284565975
7 0.394839580850631 0.2838918760436462 0.05371365901517464 0.1144086453265972
9 0.34571287613590124 0.3014781131258683 0.0355415477664696 0.05935746941479163
0 0.27254720388616016 0.2888495201359724 0.04689857878371626 0.08537510875746532
5 0.6897132791552198 0.24783296836795196 0.03939429383752824 0.07505520459715279
4 0.62190719499482 0.232987911947188 0.050697820925833526 0.11667966014423614
3 0.5725257791552198 0.24510539902941017 0.02780182237357547 0.060738131458888844
6 0.6747560591390093 0.1780289614340978 0.04012203990858687 0.09068020459715279
8 0.6214127353176917 0.17210496333395886 0.034961504962398846 0.08041485182361115
9 0.45447994644256207 0.17368238107763925 0.02791098428423435 0.06308188145888893
9 0.34283397104966795 0.17264459830822945 0.029364322373575467 0.060774499050069465