9 0.290625 0.6984375 0.03828125 0.05078125
11 0.4859375 0.6765625 0.03515625 0.06015625
2 0.55625 0.67109375 0.03515625 0.06875
3 0.6265625 0.6875 0.0328125 0.0484375
8 0.6890625 0.67265625 0.046875 0.06640625
9 0.7609375 0.6703125 0.0359375 0.0484375
4 0.2859375 0.60625 0.0625 0.0875
6 0.35703125 0.6125 0.0359375 0.06640625
9 0.48984375 0.61328125 0.02734375 0.0484375
9 0.62109375 0.5984375 0.03125 0.0484375
3 0.68125 0.5875 0.03515625 0.05390625
11 0.290625 0.53515625 0.04296875 0.06484375
3 0.43203125 0.51953125 0.02734375 0.05390625
0 0.4921875 0.509375 0.0328125 0.071875
9 0.61015625 0.51171875 0.02734375 0.05625
3 0.74140625 0.5015625 0.0359375 0.05625
3 0.6 0.43671875 0.02734375 0.05625
9 0.66015625 0.43359375 0.02734375 0.05390625
6 0.72265625 0.4234375 0.040625 0.0765625
5 0.5484375 0.3671875 0.0296875 0.07109375
10 0.60546875 0.35234375 0.0421875 0.1078125
8 0.30859375 0.2921875 0.03515625 0.0796875
3 0.421875 0.303125 0.0265625 0.05859375
0 0.30703125 0.22421875 0.0375 0.0875
7 0.48515625 0.21328125 0.0375 0.11875
1 0.5421875 0.21640625 0.040625 0.115625
5 0.6484375 0.21875 0.0328125 0.0765625
2 0.71171875 0.22265625 0.03828125 0.07421875
3 0.36484375 0.1703125 0.02734375 0.0625
3 0.43125 0.1703125 0.025 0.0625
9 0.5875 0.17109375 0.0265625 0.05859375
9 0.69921875 0.16875 0.02734375 0.05859375