3 0.3726865919000955 0.7204027529285686 0.03337612133990877 0.04977450692008212
2 0.5141110232336409 0.713078389772976 0.03669202534213589 0.06630809091247088
9 0.6539820452339591 0.705036443613578 0.03652839334022691 0.05224559091247105
3 0.23859394991250404 0.6345036980993833 0.04124316534054513 0.054780341901054186
0 0.38625019991250403 0.6284871669590133 0.03822725334181776 0.06402800790866543
8 0.4528382632479585 0.6101563196207517 0.03671020667568144 0.06787059091247087
3 0.5067081505808677 0.6110848082520451 0.027961915340545217 0.054239172433401706
5 0.6536922385821402 0.5957251106097724 0.04369600334181776 0.06425084239534584
9 0.6437274399268216 0.5125770295831332 0.03031475600731781 0.055115922927693364
5 0.5798382099379574 0.4331879599252003 0.036737478675999566 0.07021434091247088
9 0.6358973059357302 0.4473021980622024 0.033430665340545215 0.054462006920082115
9 0.2679927379455934 0.3896713591640787 0.03190452800763595 0.05752333992388783
3 0.3257325126114116 0.3935656803048862 0.03193180000795417 0.059867089923887916
9 0.38519841927913884 0.3833338344494993 0.03030566534054513 0.05433467292769345
10 0.4518410266152296 0.3603154871112377 0.04335110534690863 0.10171900889724857
3 0.26565862595482026 0.32182994315646746 0.03585623134149962 0.06158875741437377
11 0.3205006672899565 0.3063203482896638 0.03911759134309047 0.07343484140676253
3 0.4525228266231839 0.3017217371112377 0.02802555000795408 0.05970792243340188
3 0.5079643046228657 0.3018053087463368 0.02802555000795408 0.05970792243340188
2 0.6377972552912292 0.2840209480622023 0.0430238413430903 0.07359400889724857
7 0.69418361529282 0.27001018619920425 0.05993916868236297 0.11801251235728963
3 0.2727449672979107 0.2497002751716899 0.033512481341499624 0.06149325692008221
6 0.3322835992998197 0.23321842931630304 0.03698292667886314 0.09130809091247105
6 0.3863807533020469 0.2146156679475965 0.0338761080124085 0.0927432569200822
9 0.5587733739656379 0.23023671486811628 0.02802555000795408 0.05970792243340188
8 0.6839642779678651 0.20873710517256497 0.04311474801081765 0.08140650889724857
0 0.2738085753103192 0.15829402517168992 0.04327838001272664 0.09546900889724856
4 0.3246807319780465 0.14841234779537218 0.052971553349772015 0.12319476087441492
9 0.3939028993077739 0.17214166646472176 0.02802555000795417 0.05970792243340184
1 0.4553222046467281 0.1282524036131405 0.03980848201781732 0.1328098414067626
9 0.6167955066438646 0.14275661950702095 0.025727253341817757 0.06351867193911027
11 0.6824295973106373 0.13930135566685653 0.03842724801081765 0.08121550790866539