6 0.6748319086403141 0.685564779159729 0.05405673620519007 0.06486517473094047
7 0.6097391751486575 0.6784650626581751 0.06564601141996071 0.09268195967712849
3 0.47277808570953556 0.7043277034763846 0.033788501809022264 0.049892992142117266
3 0.40267362562362735 0.7185036734925954 0.03362472749876275 0.046767992142117264
1 0.335155254976841 0.7130756189017001 0.05919461555840364 0.07367724855225788
9 0.6709466700602749 0.5961212894988112 0.037817582541716986 0.05241867865988183
9 0.5981675893275803 0.6018490587292336 0.033911332541716986 0.052236742142117265
2 0.3990716700602749 0.6087840711352304 0.03888211555840373 0.07273117865988184
8 0.3325835329051451 0.6134394919372295 0.04603951831736568 0.060595051695410976
9 0.6025076085494571 0.5190365587292336 0.03247166327441153 0.05450771753501123
3 0.5328535278167624 0.5246187787454442 0.0325126068519765 0.055288967535011224
4 0.48107966587640333 0.5013118653870434 0.04574294719560949 0.09954838978475244
9 0.3406660278167625 0.5335700554194647 0.037940413274411534 0.05476242865988183
9 0.6005943057450666 0.42170779446121004 0.032840155472495525 0.06153896753501122
8 0.4755533621675017 0.42831101302967856 0.03888211555840364 0.07273117865988184
3 0.4113304098835096 0.4492271346174658 0.0301688568519765 0.05517980562435252
0 0.3520782406162042 0.4496488196874884 0.03982713986866324 0.07589256596343467
11 0.6000011635015541 0.3438011182825275 0.03892305913596843 0.07351242865988183
11 0.42376953414834057 0.36058201158193653 0.035139639868663156 0.07567424214211708
5 0.35111328414834053 0.3639660308123589 0.03982713986866315 0.07589256596343467
3 0.23100882406243226 0.380470788255957 0.03900826831736577 0.060267565963434674
9 0.5404867226375227 0.2748734898703148 0.02983798620519007 0.06373716832079959
3 0.4751107061291794 0.28804988606520787 0.029715155472495525 0.061393418320799496
3 0.42523353686187393 0.2880349234925953 0.02963326831736559 0.059830918320799585
5 0.3571419561291794 0.2935443689017001 0.03982713986866315 0.07589256596343467
2 0.29793405246570626 0.3079921666681697 0.046571784825709096 0.07075130169541115
9 0.654658765265148 0.20798774276579887 0.034402655472495526 0.061611742142117176
3 0.5370175638856669 0.2072322256022911 0.02983798620519007 0.06373716832079959
0 0.47529881388566697 0.21010682258297247 0.03447789857509047 0.09278896753501131
10 0.42410480608375084 0.2054771346174658 0.0529346494796016 0.11780823821317572
6 0.3635634537543302 0.14127339350880594 0.04019231004047974 0.09773117865988179
9 0.3069073400049488 0.16651314206106388 0.034648316937884706 0.06629924214211717