11 0.6278740785725953 0.6670562825488827 0.04130680000795408 0.06024909190105419
3 0.5605865812380953 0.6783877133852416 0.030251121339908947 0.04964717292769336
9 0.4278286252387316 0.6791119080617648 0.03181362133990877 0.04971083992388792
7 0.34597009790741334 0.6676106753619704 0.05724088267822669 0.08744826186299814
0 0.2811081665738679 0.6718153557040376 0.04757498134149962 0.0620662598858317
3 0.3709797359166402 0.5986550869209573 0.033403393340226996 0.052118256920082116
6 0.7517762972629123 0.48787150684572006 0.05233520667568144 0.06850726087441501
8 0.6227609592616397 0.5024990340317574 0.035983500676317705 0.07252625741437377
3 0.4924467505967759 0.49453397821398914 0.027189756007317812 0.0549885889353046
4 0.7496603612746846 0.4012800908381089 0.06366360534690862 0.10254667984777566
8 0.6159029792727756 0.4207861190127294 0.04294202534213589 0.06656275889724857
3 0.5628416139401846 0.4174820468833387 0.027971006007317813 0.05502042243340188
9 0.4962990039385938 0.43190664422160036 0.027189756007317812 0.0549885889353046
5 0.43091945194145725 0.4134869080617648 0.03204997867599957 0.07002333992388773
10 0.37310695194145727 0.4158425869209573 0.05265338001272664 0.09585101087441501
9 0.30577400127309373 0.4310802677573161 0.03346702800763594 0.0575870069200823
6 0.7465722712842295 0.33112675832859495 0.04780224801081765 0.0815975098858317
9 0.3770228399506841 0.34774650292856846 0.03187725600731781 0.05517958992388783
9 0.32689557061586594 0.360721346806789 0.030342028007635947 0.05745967292769345
3 0.6113983872931381 0.27104078699750694 0.03036930000795408 0.05980342292769345
2 0.38342792862827446 0.2670549184418881 0.03061474801081765 0.08089717292769345
2 0.6808938219685015 0.20417693916495372 0.03836361334340861 0.07574675790866543
3 0.612906890634956 0.20850895349940973 0.02802555000795426 0.05970792243340188
5 0.5566477999681834 0.21158221536240784 0.030551113343408785 0.07542842292769344
3 0.5036046159691379 0.20671564323301714 0.025699981341499624 0.06117492193911023
0 0.4404597259707286 0.19757540657889 0.02833463267822687 0.08627042243340184
9 0.38873359396881957 0.21373891745330492 0.025699981341499624 0.06117492193911023
1 0.6717829986473646 0.11474702464021727 0.05291700934913557 0.11850726087441492
9 0.6097460753103192 0.14460562098989574 0.02731702534213589 0.06592608893530465
3 0.5574568693109556 0.14205096536240785 0.025699981341499624 0.06117492193911027
9 0.509818800644501 0.14243030874633678 0.025727253341817757 0.06351867193911023
11 0.45508584731063745 0.1485649036131405 0.02820736334340861 0.07533292243340188