3 0.2908500175732833 0.6878618347795723 0.04053726282028158 0.05022047787409356
11 0.3538230525194714 0.7009290690638066 0.04577057237357547 0.06215755169541097
2 0.4106530953235423 0.6825279795267234 0.04577057237357547 0.06215755169541115
9 0.48616251757328327 0.6969586606678044 0.031688801695410974 0.04435146753501122
3 0.5460640564484128 0.69429173304138 0.031943512820281586 0.04982021753501122
6 0.6157579722880131 0.6842853403611435 0.038666547766469606 0.060267565963434674
3 0.6810747572342011 0.6974617365560366 0.037521424730940466 0.05241867865988183
0 0.2867746395753553 0.6003618347795723 0.049967920801998925 0.06858948821317572
7 0.3494736927185084 0.5908092063673596 0.06296022642635143 0.09647904776646961
9 0.6120464673256143 0.6045978403611436 0.03376072394515219 0.05536174214211727
9 0.2876778600058507 0.5193301586008899 0.039756012820281586 0.05018409057054054
0 0.41131441314900385 0.5126157398658056 0.03924874462331651 0.07276756596343467
11 0.484407310791639 0.5253747590962279 0.03590542080199892 0.06793451674922295
10 0.5431808432566277 0.4984890814698034 0.0469542367654336 0.10430866439185812
9 0.7275023393276863 0.5226650978047417 0.03777613585581072 0.057887428659881834
3 0.29233747311658254 0.3683134681541838 0.0354323858558109 0.05777826674922295
3 0.40738027625973566 0.3611987890800173 0.0299636358558109 0.05752355562435252
9 0.2885360769216895 0.30343333085063084 0.0385573858558109 0.057923815963434676
8 0.5230180847795723 0.28317229652361536 0.034815955748186946 0.07801799214211717
6 0.5806850355653606 0.2827399569865321 0.035216216087269284 0.08661174214211717
3 0.7035596093866782 0.2931402636443419 0.03405182237357547 0.061611742142117086
4 0.27326848779889096 0.20995515860088992 0.06323420822938637 0.11909891046291676
9 0.4553190084770554 0.23558451302516933 0.02780182237357547 0.06132064371369363
9 0.5138035965663966 0.23596981079163903 0.029291547766469604 0.059830918320799495
9 0.5702162624059968 0.22534483395100283 0.029473484284234176 0.06373716832079959
5 0.6354046147633616 0.2190263674494488 0.03637845574818695 0.07809076674922304
8 0.685695713191785 0.22760515487683625 0.034961504962398846 0.08114299214211718
3 0.2896533130679506 0.16004720388616017 0.03416098428423435 0.06395549214211718
3 0.5094927781217626 0.16015217348808608 0.027910984284234174 0.06366439371369373
1 0.569229497104516 0.13720913316521452 0.0480094685684687 0.12696491439185817
2 0.6295505669968919 0.1602870682352371 0.038867754962398846 0.08132492865988179
5 0.6856186304791274 0.15900070409104797 0.041065955748187125 0.07830909057054058