5 0.2932538177551285 0.7102601270904859 0.0506021778706093 0.05425239532659738
8 0.3541130633065042 0.6877298572388539 0.047509011368706486 0.05496091014423623
8 0.4169950652836706 0.6956501535916316 0.038484179847775656 0.06333645459715279
3 0.5546860662722537 0.6971373055677427 0.029094592395345842 0.04360518284565984
9 0.6106177312912818 0.6880155722852426 0.03166117688202626 0.04912848423243048
9 0.29349921547395097 0.6203254581125345 0.03800667737631773 0.05161770459715278
9 0.359746297983465 0.6148735854873608 0.03166117688202617 0.04912848423243048
9 0.6078017960062987 0.5997161384896523 0.03300084239534584 0.043696101823611146
3 0.2878129481737454 0.5383487594993054 0.03800667737631773 0.05161770459715278
9 0.6670866126984819 0.51935518484243 0.03344651136870667 0.05463360182361114
3 0.2903065953982763 0.4460157891345832 0.03735276136870649 0.05472452080156245
7 0.47635684193823524 0.42526361198850654 0.0460075197716634 0.09473192496187507
9 0.5899564269192072 0.43043946162791613 0.029412927376317732 0.05141768284565984
0 0.7258302599230128 0.4257129811952078 0.043553681824942105 0.07282055737069441
0 0.2914924106075848 0.3599691863610414 0.045992932319233584 0.07521885875746533
3 0.3551556625847511 0.3678712989182289 0.03344651136870649 0.05463360182361114
2 0.4225514096190016 0.3522268087018746 0.034274182319233584 0.07494610182361114
3 0.5398980771094876 0.35340548936333294 0.02875901136870649 0.05452449905006951
6 0.5879217416342242 0.3421218440367356 0.034592517300205475 0.08275860182361114
4 0.7081705746380297 0.33775903951583275 0.06022918726214943 0.09896548328250007
11 0.3529445637636147 0.2944156151226386 0.04039684832684483 0.07196657218833336
3 0.5256963142579064 0.29274074629718705 0.028854511862997968 0.05686824905006951
3 0.5906355647521979 0.2935752412631939 0.028854511862997968 0.05686824905006951
9 0.649851397261712 0.2882870227983328 0.03207501235728962 0.05928473423243066
9 0.4148914654367699 0.2218126100886455 0.029540261368706487 0.05454268284565975
11 0.5266738824329643 0.22077482731923567 0.0326161818249421 0.07256598423243057
5 0.34490261760421675 0.15462641650940942 0.04052418231923358 0.07509157218833336
6 0.4037682816346616 0.14074444804454828 0.034815351786885884 0.08822735182361115
10 0.46360619665368963 0.13153179578409685 0.04533635771838505 0.11657055737069447
2 0.5167776176042167 0.15062598147954817 0.03293451680591399 0.08037848423243057
3 0.5732822855889943 0.15556674819704813 0.028950012357289622 0.059211999050069464
1 0.6860396121670093 0.12088066404086747 0.04806210969555132 0.1260001087574653