5 0.49255564228937443 0.7009001509292713 0.03733765226045147 0.06099270459715278
9 0.6152118922893743 0.703755006836945 0.03711944671336802 0.05161770459715278
3 0.6978607381290619 0.7127137391695145 0.03946319671336802 0.051672255983923596
3 0.3491706246219439 0.6147054649494794 0.03641093189572917 0.05472452080156245
0 0.4116888084175342 0.6153789185967018 0.03681097539871523 0.07191202080156245
3 0.48974107323517313 0.6203222981557296 0.028598431895729172 0.05454268284565984
9 0.614014374621944 0.6208697716545839 0.03094218189572917 0.05459723423243066
6 0.693120646373437 0.6141125850092021 0.044696210581076555 0.07521885875746541
1 0.2863998273192357 0.5241337099154864 0.06488207722232646 0.10379845364722229
7 0.3535873273192357 0.5256975163362503 0.06026731240468761 0.10681435087368066
8 0.4262435773192356 0.5273886093261462 0.03682915919430556 0.07269327080156245
0 0.6108731504574996 0.5207424850854518 0.04000871058107638 0.07510975598392378
11 0.6739543787060065 0.5308091225282645 0.04222517401194459 0.06969555737069441
2 0.7443941652751385 0.5269769141313896 0.05223595364722229 0.06368194671336802
3 0.2888176189223607 0.4538393937110767 0.037246733282499986 0.05708645459715278
9 0.3615647879003121 0.45162423670097257 0.03417628466927081 0.05935746941479181
9 0.48907219206062463 0.447556945382188 0.028598431895729172 0.05454268284565984
3 0.5442863689223607 0.45978549486909764 0.02865298328249999 0.05688643284565984
11 0.30397179986815936 0.3736797682361114 0.04000871058107638 0.0751097559839236
5 0.4331508068020137 0.3649613445085073 0.032977460581076555 0.07494610182361114
4 0.4897644827138192 0.3506455777910074 0.04086334897381967 0.1118285059839236
10 0.6833508285535066 0.3621864090973964 0.054253701747361306 0.11682513050895835
8 0.3699799659963192 0.2915770894745142 0.03310474715020835 0.08041485182361115
9 0.42664754008451367 0.3085295065526045 0.028017203647222287 0.0631182490500695
9 0.6026288118360068 0.30402711056041715 0.027962652260451294 0.06077449905006951
2 0.3027574048259026 0.22435191546256972 0.04482349715020835 0.08068760875746532
3 0.48615113307440955 0.2372188574262851 0.028017203647222287 0.0631182490500695
9 0.6692182062126735 0.2305363655944103 0.03275925503399311 0.06557110182361114
3 0.3679836677436804 0.17584298670097254 0.028853005033993108 0.06548018284565975
9 0.4377331232907638 0.1680863445085073 0.028108122625173593 0.06702449905006946
3 0.6065740422687151 0.16810779435600748 0.028798453647222288 0.06313643284565976
6 0.6561201005893402 0.155190873478195 0.037429224448784736 0.09847452080156253