5 0.48854407897939767 0.6949805240690423 0.037687868104973175 0.06057442067154532
9 0.6112003289793977 0.6964077587523597 0.03741508346523723 0.05119942067154533
3 0.6938082404995957 0.7044026194302683 0.03975883346523723 0.05122669267186346
3 0.3456411766303997 0.6104771600493158 0.03672476167848249 0.05431533000477238
0 0.4081639086837111 0.6104231633911337 0.037224866851332014 0.07150283000477256
3 0.48619798047046575 0.6144572300684059 0.028912261678482487 0.05422442333704538
9 0.6104849266303998 0.6135588960852688 0.031256011678482486 0.054251695337363515
6 0.6896412292168245 0.6058833034293138 0.04512829506457727 0.07471873667249973
1 0.28338888070789253 0.52066013470718 0.06547789898378564 0.10307100334181776
7 0.35057638070789254 0.5214419320496341 0.06088132719703099 0.1061414593411815
8 0.4232326307078925 0.5222873640594973 0.037247598904643374 0.07228408000477256
0 0.6079258794542513 0.5134952614178598 0.040440795064577276 0.07466419267186346
11 0.6709570768678266 0.5228253554264504 0.042625420691398117 0.06922271467218159
2 0.7414287012410059 0.5181747654359953 0.05259981426490725 0.06309089334022708
3 0.2862160155059132 0.45035672537395277 0.037574207838416564 0.05666817067154532
9 0.3589859257724699 0.4472959073838158 0.03451740399835055 0.05897555800445424
9 0.486534264252272 0.44174643606776964 0.028912261678482487 0.05422442333704538
3 0.5416847655059132 0.45332937340863283 0.028980457838416563 0.05656817333704538
11 0.30183866699698125 0.37004251670908894 0.040440795064577276 0.07466419267186346
5 0.43108589779665146 0.35982372672658813 0.03340954506457727 0.07458237667090888
4 0.48779053886287815 0.3448532547342241 0.04150920157021041 0.11138294267186337
10 0.6813359503830761 0.35413899009385935 0.05492684389007838 0.11622498400699968
8 0.3683334967012947 0.2871942013844522 0.033568669437756785 0.08005112667090888
9 0.4249101056350679 0.3034828200588609 0.028381064264907253 0.0628090826702726
9 0.6009414082214926 0.2969344700827235 0.028312868104973177 0.06046533267027261
2 0.30149298917944733 0.22076922270845262 0.045287419437756785 0.08018748667249972
3 0.4848366865930226 0.2314992794000424 0.028381064264907253 0.0628090826702726
9 0.6679674353393814 0.22268899542485943 0.03313676042484133 0.06520737667090888
3 0.3670103405913731 0.17151465738381586 0.02923051042484124 0.06516192333704529
9 0.43681437523110916 0.16294872672658817 0.028494724531464045 0.06671533267027256
3 0.605678035497666 0.1610060607494962 0.02916231426490725 0.06281817333704529
6 0.65530596245727 0.14751627275617768 0.03799775666391749 0.09806533000477251