6 0.6580524745783223 0.6236591096211892 0.04374145667568143 0.06815709239534584
5 0.45113940324636764 0.6219387366169461 0.03585623134149962 0.06158875741437377
9 0.3893206559118677 0.6330473329666246 0.033430665340545215 0.054462006920082115
11 0.6473064259230036 0.5405428620926471 0.039008503341817755 0.06405984140676253
6 0.527793357256549 0.5438508873015181 0.03361247867599957 0.07008700692008211
3 0.26852744525782163 0.5450446086697871 0.03656475600731781 0.055370590912470874
3 0.5803103772676849 0.45971862642710326 0.03031475600731781 0.055115922927693364
9 0.5192728799331849 0.47079538927868453 0.027217028007635945 0.05733233893530461
2 0.3990967399347757 0.4639789979856526 0.033639750676317706 0.0724307569200823
3 0.34137514660250295 0.45852217684484503 0.03346702800763594 0.05758700692008212
9 0.6553200152769116 0.3887256941078696 0.03186816534054522 0.05439833992388783
9 0.5827364906110934 0.3854362094309088 0.02802555000795408 0.05970792243340188
3 0.5250058066120479 0.3807606382901013 0.02724430000795408 0.05967608893530461
9 0.46010751261141164 0.38809031863216853 0.027244300007954258 0.05967608893530461
8 0.403912056612048 0.3856948304951666 0.03903577534213589 0.06640359140676262
3 0.28986773794559345 0.3887800212173572 0.03190452800763595 0.05752333992388783
3 0.7139234032861385 0.3184012652486771 0.03581077800763595 0.05768250741437377
9 0.6537762439529112 0.32007119460216116 0.03193180000795408 0.059867089923887826
10 0.5837819172899565 0.29559245943090884 0.04185224001431749 0.10712409190105418
11 0.47498817262095666 0.317204815666419 0.028180091343090474 0.07298917243340189
1 0.3480444119589564 0.2880186758562619 0.052944281349453795 0.12085101087441492
9 0.6547216732972744 0.23882119460216117 0.03194998134149962 0.06142958992388783
8 0.41183473929822895 0.24169016251038905 0.03217724801081765 0.08096083992388783
5 0.3588551899665925 0.23135484038099835 0.03680111334340861 0.07568309091247105
7 0.7120080093093648 0.14746668273916308 0.05929427868395365 0.12969942885919253
9 0.4827926766390922 0.18335639768164144 0.025699981341499624 0.06117492193911027
3 0.42117392397359216 0.17727749403131993 0.024946003341817756 0.06348683844101308
2 0.3618261959739103 0.17735308988670678 0.036892020011135875 0.08349559091247101
3 0.3063392646403648 0.18117576825160767 0.03194998134149962 0.06142958992388783
4 0.5314216279837736 0.09782080429771249 0.037319281349453705 0.120214340912471
0 0.4298682186505462 0.10117790905034796 0.028434630012726635 0.09486417243340188
0 0.37206480931731895 0.10275233790954044 0.03393065201304486 0.09743075692008221