2 0.24098917514865753 0.6988814109851077 0.05451043758467104 0.058050602176918174
0 0.319404102217879 0.7055009440173994 0.04357293758467105 0.05766865626060227
3 0.3860150701057034 0.6992757366683381 0.03222600180902235 0.04947421034428619
11 0.44058306139927605 0.7145262252355927 0.0379813568519765 0.055133933302444225
9 0.6557167384684977 0.7163714343139346 0.04081975180902227 0.04977431070710594
9 0.26634105721540463 0.6168948010036411 0.03872166327441153 0.054379965153609613
8 0.33262115445644264 0.6021031255057452 0.04098020409301446 0.06771577885594056
9 0.3890382507929695 0.6118303003706689 0.033624727498762844 0.04640377404661713
3 0.5849715485089774 0.6229240238769811 0.033788501809022264 0.04952877404661713
9 0.715689282000634 0.6284969228811892 0.04094258254171699 0.05211806070710594
9 0.2756994470840678 0.5424850780454831 0.04028416327441153 0.05443452885594056
3 0.3419419227738083 0.5432911206964217 0.033911332541716986 0.05187252404661713
9 0.39132444708406783 0.5384473640729998 0.0301688568519765 0.05486111479079003
0 0.5873772535065029 0.5323808694304774 0.03933581693788461 0.0660987151536098
2 0.7171499626879001 0.5411060502858509 0.05015048620519007 0.06413691106992551
6 0.3443066841937691 0.45352921624991804 0.03892305913596861 0.07310268330244422
10 0.4687268300553261 0.43046868376578046 0.047551108660998764 0.10381696996293321
9 0.5327517085040286 0.44382929011904987 0.030291687584671222 0.05720486479078986
3 0.2961391791053864 0.37566960027800167 0.034197937584671045 0.05734127404661713
11 0.35440205845860007 0.36505699329176 0.041103034825709095 0.07005952885594055
4 0.5974936391912947 0.35422858757931197 0.05223860866099876 0.10398066106992569
9 0.6525153318643484 0.3757017942954012 0.03247166327441171 0.054161710344286275
3 0.29764412539648477 0.30231394583149795 0.03432076831736577 0.05968502404661713
3 0.4295525446637901 0.30004706298454065 0.02963326831736559 0.05952133293962456
7 0.4864576419048282 0.28558276970062985 0.044340899479601605 0.11696181070710594
3 0.5373650446637901 0.2962821675237116 0.02963326831736559 0.05952133293962447
8 0.36933874095488844 0.22884667478010576 0.04200711555840373 0.07243056070710593
5 0.5366933372914153 0.23469982677953877 0.031233389868663152 0.07517361479079003
6 0.72744116802411 0.22569930509517433 0.04743159995457145 0.08665675181409851
3 0.49777800147033807 0.15885657859363728 0.027371405472495523 0.061001987386128276
1 0.6085074615562462 0.14407233757931195 0.05342597241038014 0.1266369110699257
5 0.6643922913844298 0.16395576244423568 0.039949970601357875 0.0778174651536097