2 0.278125 0.7037390600668395 0.0515625 0.057150026785361165
0 0.35703125 0.7117367463498473 0.040625 0.05695911201270878
3 0.4234375 0.7066713709444579 0.0296875 0.0489556972400564
11 0.47890625 0.7228906603117208 0.03515625 0.054519904626382676
9 0.69453125 0.7285019119365739 0.03828125 0.04910570170428326
9 0.29921875 0.6221208672910098 0.0359375 0.05375229139585791
8 0.36484375 0.6084753786550956 0.0375 0.0670608149348082
9 0.421875 0.6191986444834082 0.03125 0.045857970779006864
3 0.61875 0.6337309285756654 0.03125 0.04898297077900686
9 0.75 0.6415962013038368 0.03828125 0.05144945170428326
9 0.3046875 0.5478066599046837 0.0375 0.0537795649348082
3 0.37109375 0.5497725344992943 0.03125 0.051326720779006865
9 0.4203125 0.5457884180223586 0.02734375 0.05438353693163087
0 0.61640625 0.5431468388840909 0.0359375 0.06547104139585791
2 0.746875 0.5541507483817375 0.046875 0.06331820616851011
6 0.36875 0.45996969480771976 0.03515625 0.07248865462638268
10 0.4921875 0.4390650852306429 0.0421875 0.10308013555165925
9 0.55703125 0.4535582333642038 0.02734375 0.05672728693163087
3 0.31640625 0.38119585836255615 0.03125 0.056795470779006776
11 0.37421875 0.3715929874213936 0.0375 0.0694045649348082
4 0.6171875 0.3650082021146157 0.046875 0.10316195616851012
9 0.6734375 0.3874638547124035 0.0296875 0.053643197240056395
3 0.3140625 0.3077992686709817 0.03125 0.059139220779006775
3 0.44609375 0.30783840462967793 0.0265625 0.05905740016215581
7 0.50234375 0.2943565572274657 0.03828125 0.11629320170428334
3 0.55390625 0.30595653044210447 0.0265625 0.05905740016215581
8 0.38203125 0.23551911972664188 0.03828125 0.07176195170428334
5 0.55 0.24430596428948032 0.02734375 0.07469603693163088
6 0.740625 0.2386348425375388 0.04296875 0.0859062723211343
3 0.50703125 0.16771223661061468 0.02421875 0.060578989853730295
1 0.6171875 0.15485195211461572 0.046875 0.1258182061685102
5 0.67421875 0.17573146794292832 0.0359375 0.07718979139585783