9 0.7043600184346854 0.7689107198461034 0.0397817518140986 0.04408262061225567
9 0.631086209541678 0.7620864068348374 0.039191474772256464 0.049528638558944314
9 0.5673783736068285 0.7500661284633076 0.03684772477225664 0.049460442399010415
9 0.49247757732769293 0.7674378333987301 0.03137897477225664 0.04930131802583091
8 0.2727007906672041 0.7680813764182435 0.052636415879249124 0.05460258346523705
9 0.6891293772350257 0.6675839005666313 0.040163697730414505 0.055020120612255675
5 0.35520824502104054 0.6672523138026889 0.03968254809323426 0.06359113855894431
9 0.7534498267795388 0.5724820007249158 0.04258929328391083 0.05743206677218975
3 0.6926487360353659 0.5668026505666313 0.040163697730414505 0.055020120612255675
8 0.42146321679807225 0.5839373601209074 0.04288939364673041 0.06602581677218958
5 0.2973263123515685 0.5779792136444042 0.04523314364673059 0.06609401293212365
3 0.7475569800449161 0.49488819813849105 0.040245543283910834 0.057363870612255674
3 0.6883456711519087 0.4884730620868291 0.03477679328391083 0.05720474623907634
3 0.6149081711519087 0.4863362490755632 0.03321429328391083 0.05715928213245362
11 0.5570411074495778 0.4862165771305239 0.038338302902557686 0.06979567445232178
10 0.2922792030030741 0.47616666105797945 0.05985120435383653 0.10476170783841639
3 0.6816988562684514 0.4100752774470931 0.03485863883740699 0.05954849623907634
9 0.6203248466498046 0.42080217728880853 0.03156994773041468 0.05477006802583091
4 0.5625222703336019 0.396441023290458 0.04899554990733286 0.10678720909205772
0 0.4346601651614589 0.4075794486007095 0.034114594372369925 0.08294053213245363
6 0.3669815918404812 0.4196869920159342 0.038020844372369925 0.08305419239901024
9 0.3019468688823232 0.4232689815910929 0.03720238883740708 0.05961669239901042
2 0.5554116639803326 0.3313244886507219 0.03392362141421188 0.07747178213245362
3 0.31868299029653513 0.34711565855069704 0.03329613883740708 0.05950303213245363
11 0.7252727853945444 0.25962664805934876 0.04486112141421188 0.07779003087881246
3 0.6178868713293939 0.26666860675569515 0.03178820253973793 0.06102006802583091
6 0.5530976850317249 0.26321934633085387 0.032824912884024116 0.09070756802583091
2 0.4897618713293939 0.2629405500126353 0.03403274881887377 0.08059678213245362
3 0.4346105798595817 0.27463055628084143 0.02874504809323426 0.06327288981258565
0 0.669533706083117 0.19856947611430958 0.04155507213985139 0.09486387061225568
7 0.6126487890227417 0.17032480416927037 0.04755210099579195 0.13250026293212375
1 0.4904464068087565 0.17615360385270126 0.041728686930641246 0.12218488855894431