4 0.6187539439818559 0.64453125 0.05332723997087019 0.0875
9 0.4772484055811962 0.66796875 0.032500262932123644 0.04296875
11 0.42665737219510136 0.64765625 0.037687868104973175 0.06015625
3 0.34703806835503537 0.65 0.03741508346523705 0.05078125
0 0.27442728246165804 0.6515625 0.053381064264907255 0.0625
3 0.7434296835570147 0.5796875 0.039045779625171126 0.053125
10 0.6208954540109859 0.55703125 0.053259043810936116 0.08515625
1 0.34484141937124974 0.54765625 0.06150345282385157 0.1
8 0.2854891514245611 0.5484375 0.04496917069139794 0.06875
7 0.6061904448397858 0.48125 0.05362275666391767 0.09765625
5 0.5459432666265405 0.478125 0.034744724531463864 0.06640625
5 0.48913933715965385 0.4859375 0.03325042069139794 0.06875
3 0.35697169483978575 0.48125 0.03672476167848249 0.05390625
9 0.7410224344149444 0.41640625 0.03920490399835046 0.05859375
9 0.48939173825501053 0.4140625 0.02826740399835046 0.05859375
8 0.41416441772189716 0.40625 0.03816524122451135 0.0765625
9 0.3020592228156043 0.39296875 0.03690661810497318 0.06015625
9 0.7324083008705651 0.33515625 0.03300036810497318 0.06015625
3 0.6131498355103012 0.34453125 0.03139240399835046 0.05859375
2 0.4869366764973857 0.3296875 0.033477741224511345 0.0765625
9 0.42898778417751765 0.325 0.02826740399835046 0.05859375
3 0.31005592775102697 0.31875 0.03456286810497326 0.06015625
6 0.7327743622324785 0.2671875 0.04785848997087001 0.0875
9 0.7183421377010145 0.20078125 0.03313676042484133 0.06484375
3 0.6541659774344578 0.196875 0.03150606426490725 0.0625
3 0.5455722274344578 0.196875 0.028381064264907253 0.0625
11 0.4368875492212124 0.19375 0.03340954506457727 0.07421875
2 0.3746004978884289 0.17421875 0.032142561757624755 0.084375
6 0.7128984682632578 0.12109375 0.04112275666391767 0.09765625
0 0.6535916644231918 0.1234375 0.03554034639736088 0.09375
3 0.4958700926364372 0.1265625 0.026886760424841328 0.06484375
9 0.3261797182632578 0.12109375 0.029230510424841327 0.06484375