4 0.6150016313619797 0.6305660949866662 0.052817835106111134 0.08868194671336802
9 0.4733596452296881 0.6573130457840969 0.03225010875746541 0.043696101823611146
11 0.4228868665443408 0.6381643087018747 0.03733765226045147 0.06099270459715278
3 0.34325391793111165 0.642362805852083 0.03711944671336811 0.05161770459715278
0 0.2706340355222922 0.645616398841979 0.05301720364722229 0.06370013050895836
3 0.7400548763279866 0.5627765701010411 0.038736498100139016 0.05399782218833345
10 0.6176525462558685 0.5429569922131245 0.05276328371934032 0.08633819671336802
1 0.3416530907087852 0.5400008720564928 0.06092127583555564 0.10136378466927098
8 0.28229627450437544 0.542164090521354 0.0445689240119445 0.06975010875746541
7 0.6033887180836116 0.46746668294256893 0.053054224448784736 0.09883819671336802
5 0.5431597329012504 0.46574183520302037 0.03435812262517359 0.06716996941479163
5 0.4863103208571532 0.47488175228111074 0.03285017401194459 0.06947735182361114
3 0.3541699680836115 0.4732673137358677 0.03641093189572917 0.05472452080156245
9 0.7385982130496185 0.3994407687142702 0.038863784669270984 0.05946657218833336
9 0.48698116166284755 0.4029522008943399 0.027926284669270808 0.059211999050069505
8 0.4117993237069448 0.3968853452710066 0.037719511967847195 0.07739895459715278
9 0.29977144918191 0.3862043780404164 0.03655640226045147 0.060974520801562446
9 0.7304570983082295 0.31833623907899244 0.03265015226045147 0.06088360182361115
3 0.6111440538553128 0.33049335980430505 0.031051284669270984 0.05928473423243066
2 0.4850173117390975 0.3185772008943399 0.0330320119678472 0.07728985182361114
9 0.4270957089655559 0.31523530176802045 0.027926284669270985 0.059211999050069505
3 0.30820023860083356 0.31174923869774285 0.03421265226045147 0.06091996941479163
6 0.7312188580918753 0.2503129376922216 0.04734908510611113 0.08855466014423614
9 0.7171732354667015 0.18419762842166607 0.03275925503399311 0.06557110182361114
3 0.6530198164887502 0.1817824496600689 0.03114220364722229 0.06319098423243057
3 0.5444260664887501 0.1843099972471176 0.028017203647222287 0.06311824905006942
11 0.435759581306389 0.18371254483416627 0.032977460581076555 0.07494610182361114
2 0.37358623641663213 0.16561781468579834 0.03165134992375007 0.08506598423243057
6 0.7121934883164931 0.10458286360402717 0.04055422444878474 0.09854725598392364
0 0.652873039703264 0.10830858206888835 0.03499455547083343 0.09451371941479172
3 0.4951332748856251 0.1151067087781246 0.026509255033993283 0.06542563145888888
9 0.32547473831649315 0.113583842421215 0.028853005033993108 0.06548018284565975