1 0.22890625 0.675 0.06875 0.06640625
9 0.31640625 0.68046875 0.0359375 0.0484375
5 0.38359375 0.6875 0.040625 0.053125
9 0.63515625 0.6953125 0.03515625 0.03984375
4 0.2453125 0.57890625 0.0671875 0.08515625
10 0.30703125 0.5953125 0.05625 0.0796875
8 0.6484375 0.61875 0.046875 0.05078125
3 0.7125 0.6078125 0.0359375 0.0484375
0 0.25625 0.50546875 0.05078125 0.06875
9 0.33046875 0.5046875 0.0359375 0.053125
9 0.38359375 0.51171875 0.03125 0.053125
8 0.45390625 0.5015625 0.0328125 0.07109375
9 0.70078125 0.53515625 0.0359375 0.05078125
6 0.33203125 0.42890625 0.03828125 0.07421875
3 0.45078125 0.43125 0.0265625 0.05390625
11 0.709375 0.4546875 0.04296875 0.0625
0 0.2796875 0.3421875 0.0453125 0.0796875
3 0.33125 0.3625 0.0328125 0.05625
2 0.3890625 0.34375 0.03828125 0.071875
5 0.64921875 0.36875 0.03828125 0.06875
9 0.27734375 0.28671875 0.0359375 0.05859375
3 0.40546875 0.290625 0.02734375 0.05625
3 0.57109375 0.284375 0.0265625 0.05859375
9 0.69609375 0.30078125 0.03125 0.05390625
3 0.346875 0.2140625 0.0296875 0.0625
6 0.4671875 0.19921875 0.0296875 0.08984375
3 0.51953125 0.2203125 0.025 0.06015625
11 0.696875 0.22265625 0.03828125 0.07421875
3 0.36015625 0.14453125 0.02734375 0.0625
7 0.4703125 0.13203125 0.0359375 0.125
2 0.5203125 0.140625 0.03125 0.07421875
9 0.6984375 0.15234375 0.03125 0.05859375