3 0.3330949091618911 0.752928515518094 0.03925084239534584 0.04318691861791084
3 0.4039976581733079 0.7478274041799714 0.03322367688202625 0.048619307181592394
11 0.5260809052075583 0.7330513109922213 0.03735276136870649 0.05411078307929138
9 0.5895531561961416 0.7373706514494968 0.029317426882026255 0.048596581283893416
2 0.25189930589213044 0.6588472382925351 0.053487097338261694 0.06670168667008766
9 0.3336758879073528 0.6521199944408551 0.0349771778706093 0.0533158975406721
7 0.3796104704168669 0.6479455788480064 0.061250517794497125 0.08471134328594587
10 0.456523138895936 0.6560939012531051 0.05490501730020547 0.08233123184962743
6 0.6562366374130613 0.647899085290914 0.040827929847775654 0.06272271379745079
9 0.2687419545995361 0.5735728136245 0.04047776136870649 0.0541289637974506
3 0.3224890371090501 0.5693529462362532 0.03800667737631773 0.05099032825883114
11 0.3924513686299809 0.5603501300776704 0.04004667984777566 0.06271816861791066
4 0.4542337856261753 0.5615535608940255 0.04897335228117754 0.09010737041330899
3 0.5139907876033416 0.5705831272490001 0.03175667737631773 0.0509539668225127
8 0.712141786120467 0.5623974016458886 0.04916701186299797 0.056522710772388504
9 0.2585910217860109 0.4970512202403583 0.04047776136870649 0.0541289637974506
6 0.32813951783167816 0.47789215408177554 0.04364918231923358 0.07445509933607006
5 0.38890060429552487 0.4923859252572102 0.0386433473382616 0.06661532825883114
5 0.5759867688202613 0.48113883216765607 0.03389218034206713 0.06502555718159239
0 0.627630181862123 0.4636468051384889 0.038180432319233584 0.07442328307929139
9 0.26900725695726324 0.4266614521881816 0.03500901136870649 0.05409714754067192
9 0.5621524204934165 0.41010871468121335 0.02950842787060921 0.05328408128389341
3 0.38541882414373807 0.3494035397185907 0.031884011368706486 0.054078966822512696
0 0.6254244002274614 0.31362407924078983 0.03615501730020547 0.08222214754067192
8 0.6839372371855997 0.330475235954844 0.044988847832553344 0.06899543969514968
3 0.2691133918245045 0.2758438407518631 0.03754376235728962 0.05879828307929138
3 0.32086689281308767 0.2802313589022357 0.035200012357289624 0.05878464754067201
2 0.38933039133021297 0.27280013310273254 0.03271168231923358 0.0743914668225127
9 0.6099148053606578 0.2590138472929666 0.027387512357289624 0.058739195745273864
9 0.38177787650146533 0.20251490417997137 0.029109179847775658 0.06265453610435348
3 0.4871829595052709 0.20033880494209716 0.02745117935348418 0.060301695745273956
1 0.603574622052841 0.18012577801112584 0.047902942205065455 0.12134373487468952