6 0.38813131325770894 0.7027646573838158 0.04358765226045147 0.06064714600572714
4 0.5208347104841673 0.6996225707351786 0.04495078371934049 0.08565623667249973
10 0.31240265501333386 0.6034726347071799 0.06604453371934031 0.0859016846753633
8 0.37977199296923664 0.612066932049634 0.03982687262517359 0.06685169267186346
3 0.5893288309251394 0.6223157307447236 0.030923998100139016 0.05347044533736352
9 0.724067506836945 0.639504325429632 0.03946319671336802 0.05122669267186346
9 0.7865129554501742 0.6378878287714497 0.04415069671336802 0.05128123667249973
8 0.5237927902719448 0.5247043867361331 0.03446722539871523 0.07147555800445424
9 0.5782081865484727 0.5472066427434511 0.030996733282499987 0.05659544533736351
0 0.7851303337749311 0.5449281694382224 0.05245415919430556 0.0724658933402269
1 0.31850391859670174 0.42937206337522527 0.06117584897381949 0.11161930000795409
3 0.39572103523795177 0.4583879487189522 0.030996733282500077 0.05659544533736351
9 0.6465750204203129 0.464431052752996 0.032613784669270986 0.058957376670908876
3 0.7034789838511809 0.4596259214274047 0.03646548328249999 0.05665908000477238
3 0.526915177430417 0.39040211207031494 0.027871733282499988 0.05655908267027252
11 0.5821657218833336 0.38167254941117823 0.03292290919430556 0.07223862667090888
3 0.6377072070656947 0.3854429867520415 0.032613784669270986 0.058957376670908876
3 0.3445734964846183 0.3078334180458161 0.03265015226045147 0.06051987667090888
9 0.3951547247331252 0.299830561386043 0.028017203647222287 0.0628090826702726
2 0.5171206437110767 0.30515495540258775 0.03154224715020852 0.08003294533736342
0 0.5748422247331252 0.3019214147437692 0.03166953371934049 0.08550169533736351
3 0.6383780478713892 0.3135952587523597 0.02874390226045147 0.060474423337045294
11 0.7616337099154864 0.30721908410244986 0.04464165919430556 0.07237498667249972
2 0.3504403303564585 0.22433057471354328 0.03310474715020835 0.08005112667090888
7 0.514211889627014 0.213739614735815 0.04113610590767376 0.12310169267186337
5 0.5686272859035418 0.23624187074313285 0.03154224715020835 0.08003294533736342
9 0.34922201605190983 0.1719868247135433 0.03270470364722229 0.06286362667090888
9 0.404636214665139 0.1702885120544066 0.028798453647222288 0.06281817333704529
5 0.4578157660519098 0.1732504273949517 0.029125761967847198 0.07688067333704529
9 0.5125941850298613 0.17779302406904227 0.027962652260451294 0.06046533267027261
3 0.6859407660519099 0.17590490209258663 0.028798453647222288 0.06281817333704529
6 0.740573714665139 0.1741974987666772 0.042752504084062434 0.09187896467218155