8 0.5840749989885097 0.7622218810476861 0.03803820253973811 0.062249371018452494
11 0.31474464563046506 0.7746029707784562 0.050319947730414503 0.05672741311182712
9 0.7056920494439967 0.672627301981434 0.037819947730414506 0.055999371018452496
9 0.6414212183184705 0.6852568336220523 0.03450397477225664 0.05034861049510884
5 0.5793750861044854 0.6722871257860141 0.03720238883740699 0.06064136838761662
3 0.44909730906264345 0.6701569364364148 0.033023320325752795 0.05260135523343692
3 0.6319246780297847 0.5919240625753648 0.03156994773041451 0.05563534997176518
3 0.5658185283926044 0.5966500889543113 0.02919891587924912 0.054717592079257214
3 0.4455333102437698 0.5904239338055788 0.029226197730414506 0.05549884207925722
9 0.31000503801125123 0.594225226040128 0.037819947730414506 0.055999371018452496
8 0.30767615697839246 0.5052082286709639 0.05062004809323426 0.0653211631118273
10 0.7414385433687288 0.42365845193908164 0.06157739546082901 0.11117969468185844
6 0.6869420163268869 0.42594201778056695 0.04505209437236992 0.08448839206513999
0 0.5535665211362103 0.4244110679076239 0.03403274881887377 0.08150760523343692
6 0.4377778300292176 0.4129891785439071 0.03419643992586607 0.08619510523343692
3 0.3711086852013608 0.4239197022920175 0.03321429328391083 0.05807010523343692
4 0.30944449890369163 0.42188749445597945 0.061386422502671054 0.10571094468185845
9 0.7313616497219984 0.3583596756307224 0.03712054328391083 0.05829761838761662
9 0.6114583774894797 0.36307102048199 0.02710070253973811 0.06161233418674961
2 0.5542634363824872 0.35506182843096756 0.037748025860715725 0.07626636838761662
3 0.48664935044763774 0.3612593495482421 0.028526793283910834 0.057797089448421435
1 0.3063343678708329 0.33282499445597946 0.061877495823648765 0.11977344468185844
11 0.7248090601589519 0.28235091247654276 0.04095487141421188 0.07879212891096028
9 0.6618824742241024 0.2888214493788329 0.031733638837406986 0.06032284997176518
9 0.4889906112474109 0.29434486533325765 0.028526793283910834 0.057797089448421435
2 0.36851442014041835 0.28264996018452526 0.04329862141421188 0.07892863680346807
9 0.31183783420556893 0.2894845181335028 0.03720238883740716 0.06064136838761662
3 0.7073288942797027 0.22831585985982433 0.03343254809323426 0.06432010523343692
7 0.6059201617028979 0.20447727048199002 0.04959575063297219 0.12529540258848365
3 0.5346726442797027 0.21825977844508496 0.02718254809323426 0.06395608418674961
5 0.4901413942797027 0.21566612848743727 0.03001737141421188 0.07815509207925739
0 0.31182542132154467 0.1998227786568465 0.0414186628840242 0.09207337891096028