3 0.28815481334047044 0.7015470942857898 0.041943459092057725 0.04649456677218975
2 0.3422201877136498 0.7085843559642723 0.04842077962517113 0.05448892319868044
6 0.6997144389672909 0.7080581363808663 0.04389240399835046 0.05982128087881229
6 0.28418271568946835 0.6186891301791672 0.04869356426490725 0.06386392319868044
3 0.3552310015828456 0.6191952470304992 0.036633833465237055 0.05180419239901042
9 0.5431258066765527 0.6113924218785322 0.028889529625171308 0.053920621865896835
8 0.6171854323033734 0.6080832169431096 0.03943222453146404 0.0674973885589445
11 0.7576884118494023 0.6348085044858396 0.04869356426490725 0.06386392319868044
11 0.2836394949189281 0.5195385763391012 0.04869356426490725 0.06386392319868044
3 0.3626366731321734 0.5249595137235465 0.03281851167848249 0.054815532132453625
8 0.547633798758994 0.5248782603583343 0.03318222453146404 0.06731553213245363
3 0.611696298758994 0.5267422887298642 0.03123327962517113 0.05398881802583091
9 0.6816139936652869 0.5420466914745734 0.03116508346523723 0.05164506802583091
9 0.4205197178010394 0.44858488182851974 0.032886707838416386 0.05715928213245362
3 0.605653235747728 0.45319112846330756 0.028912261678482487 0.05470187186589683
2 0.7359401293212373 0.45073738136630137 0.04503736685133184 0.07234401293212364
10 0.4122321931904332 0.35155075745534037 0.053918273356964974 0.10929008346523714
3 0.5364198509497073 0.38092367187853216 0.028912261678482487 0.05470187186589692
9 0.2960245199917527 0.3013341456185733 0.03288670783841656 0.05715928213245362
9 0.3633029482049981 0.30641410220334864 0.03281851167848249 0.054815532132453625
7 0.4162317199126104 0.27438886388183115 0.04649221826325771 0.12234401293212374
9 0.5922091982049981 0.3130745938235714 0.028912261678482487 0.05470187186589692
9 0.6521835917785074 0.3085749619285446 0.029094118104973178 0.06095187186589692
9 0.2975666364473733 0.22019780588513002 0.03150606426490725 0.06336381802583091
1 0.3587852812745238 0.20480613809672593 0.0466058785298145 0.12625026293212374
0 0.4732114941275052 0.22062501788018168 0.03223348997087001 0.0883638180258309
4 0.7111972274344578 0.21740204414014053 0.05883309389007838 0.1172389757851052
3 0.36470266066226814 0.16672947657652798 0.02916231426490725 0.06329562186589692
5 0.416773626022532 0.15887752414838782 0.033477741224511345 0.07747178213245362
5 0.4805406093294846 0.15058530251991775 0.03191524122451135 0.07742631802583091
3 0.6458162683424 0.1702255157686106 0.02916231426490725 0.06329562186589692
0 0.7056088054894186 0.15947588387358383 0.040159650237426806 0.09249738855894432