9 0.46118083446228086 0.7622753087881239 0.03350189676606803 0.04387803213245363
8 0.3083867051090673 0.7492488083924125 0.056277655472495434 0.06170202962517113
2 0.7247785877416412 0.6420155992338478 0.04669461555840364 0.07234401293212364
6 0.5846858542499846 0.6480800796378064 0.03921298620519007 0.0635456744523216
9 0.6427639478729781 0.5655236439027137 0.034197937584671045 0.05715928213245362
3 0.5769309079588864 0.5745289193712497 0.0325126068519765 0.05477006802583091
0 0.5097843515364511 0.5733552127864744 0.03863645409301455 0.06742919239901042
3 0.38811406942427557 0.5737152624699053 0.03563760685197641 0.054860996239076344
3 0.7608311951594445 0.4964135942192828 0.040447937584671044 0.057341138558944314
9 0.7089411465389256 0.48866327870073434 0.03794041327441171 0.05414794239901042
11 0.6386695901164904 0.4873986439027137 0.039540534825709094 0.0697956744523216
3 0.5079961222286661 0.47969614099971986 0.030291687584671222 0.05704562186589683
1 0.44097571856519285 0.4660451664682558 0.05602202792830404 0.10147758346523723
11 0.31535492084918504 0.48033132383181876 0.046571784825709096 0.07000026293212365
9 0.6281614580497432 0.405966787476223 0.032840155472495525 0.06102006802583091
4 0.4983511273170487 0.39984951662654045 0.043685802238563554 0.10423887061225567
6 0.3810407965843541 0.3940959586298393 0.042703156377006654 0.08548887061225567
8 0.7403914631381261 0.3296663634196127 0.050764639868663156 0.07558267319868044
0 0.6259195273624772 0.31853498363615695 0.03974193068726599 0.08852294239901033
9 0.5032599553362098 0.3297870692129652 0.02963326831736559 0.05936663981258565
3 0.374312761758645 0.325255030416594 0.03296298620519007 0.06336381802583091
9 0.3184312539567289 0.33064957257817745 0.034197937584671045 0.05715928213245362
2 0.7398315411572872 0.25944479163285805 0.04907930913596843 0.07319345909205772
9 0.6123616383983252 0.26821673488979825 0.03041451831736559 0.05938937186589692
5 0.5544705732694627 0.25015104499807034 0.035139639868663156 0.07512803213245363
9 0.4924618962002413 0.2577074807331631 0.02963326831736559 0.05936663981258557
3 0.432387533355371 0.2575196126281899 0.02983798620519007 0.06327288981258557
7 0.7208148682719372 0.16450436467325394 0.06559510176359389 0.13529865399835056
5 0.6634494255988834 0.1862369606749034 0.040113744911617386 0.08073317445232168
3 0.5425161278828756 0.20065951035833426 0.02983798620519007 0.06327288981258557
10 0.4945765948661888 0.17898308715965383 0.044709391677685416 0.12377012061225567
3 0.37084584577069996 0.19956470862983933 0.030742066937884706 0.06563937186589693