2 0.6742156801002226 0.7460264980903595 0.04365055000795408 0.05909373667249973
5 0.6080003341024499 0.7616600414146781 0.03811816534054522 0.05356135200509069
3 0.5362707847708135 0.7733237000715876 0.03174998667249973 0.043332376670908876
3 0.4066378287714497 0.7765021493873157 0.03174998667249973 0.043332376670909056
9 0.27142703477081337 0.7702419640356347 0.042651124005408825 0.04033464600572696
3 0.7380503660884504 0.6600622734324955 0.03884487133990877 0.04888294267186346
0 0.6755049127545869 0.6554287700906777 0.038981231341499625 0.06060169267186346
6 0.4734247920909958 0.6757305373965425 0.03581077800763595 0.05665908000477256
0 0.41473104475649586 0.6664549873885883 0.03818180000795426 0.05903010200509069
3 0.3359884267584049 0.6795993300445434 0.03643748667249973 0.04338692067154515
3 0.4740418627466327 0.594498718730088 0.02790737133990877 0.048755673337045204
9 0.3428191347469508 0.5953152367122707 0.03577441534054504 0.053534080004772375
9 0.6565810954009969 0.5060100254216777 0.03031475600731781 0.054251695337363515
9 0.5306271227323152 0.4897026780712695 0.027971006007317813 0.05422442333704538
11 0.4089066640674514 0.5015657840547247 0.03592895667568143 0.06681533000477238
9 0.3395026834022696 0.5116942147119524 0.03578350600731781 0.05431533000477255
6 0.26760041140195134 0.5085141233688619 0.04923747867599957 0.06931362133990877
3 0.7109589653882702 0.41290546276254103 0.03578350600731781 0.05431533000477255
9 0.5321618033895429 0.4201987000715876 0.027971006007317813 0.054224423337045205
9 0.4049635040579064 0.4312169213876339 0.031840893340227085 0.051144876670908876
10 0.6404368327100435 0.32694014341976874 0.054415874681726525 0.11155566534054513
1 0.5803896707113161 0.33561516207826914 0.044132355346908625 0.10049998667249974
9 0.5173538687141797 0.35597256806967864 0.027217028007635945 0.05655908267027261
11 0.404808415380316 0.35075726205440655 0.03599259134309048 0.07228408000477256
8 0.3492851213796797 0.3454243247135433 0.03682838534372675 0.07698067067154524
2 0.6437158267027256 0.2730793467536324 0.04148861334340861 0.0746914646721816
3 0.4657544587046346 0.28506917472945165 0.027262481341499622 0.06046533267027261
4 0.6879101746896807 0.1775128554264503 0.05678689668204484 0.11392668734086327
5 0.6264186913589989 0.1963259427514052 0.036019863343408606 0.07462783000477247
3 0.4601760733609078 0.20845213072881533 0.027262481341499622 0.06046533267027252
7 0.3989931253580443 0.18664930872054297 0.04825678134945388 0.11929544000636332
8 0.28988175469445326 0.20803286537236182 0.041515885343726744 0.07703521467218159