1 0.2390625 0.7390625 0.07421875 0.07421875
9 0.5234375 0.740625 0.02734375 0.04296875
9 0.671875 0.7453125 0.0359375 0.0484375
0 0.25625 0.63828125 0.0515625 0.06015625
6 0.3265625 0.6375 0.03828125 0.05859375
11 0.40078125 0.6484375 0.0375 0.05625
3 0.46484375 0.64453125 0.0296875 0.0484375
3 0.6 0.665625 0.03125 0.0484375
3 0.33984375 0.55625 0.03515625 0.05078125
9 0.40078125 0.56484375 0.02734375 0.053125
11 0.73046875 0.56484375 0.046875 0.0625
9 0.334375 0.47890625 0.03515625 0.05390625
9 0.40546875 0.471875 0.02734375 0.05390625
9 0.465625 0.48046875 0.02734375 0.05625
2 0.6609375 0.4859375 0.04296875 0.0625
3 0.35 0.39609375 0.03125 0.05625
0 0.5328125 0.390625 0.03125 0.0796875
2 0.71328125 0.409375 0.046875 0.05859375
9 0.34765625 0.33203125 0.03125 0.05390625
4 0.46875 0.3015625 0.03828125 0.1078125
6 0.534375 0.3125 0.0296875 0.08203125
3 0.5953125 0.32421875 0.0265625 0.05625
8 0.6578125 0.31875 0.040625 0.07421875
5 0.290625 0.24609375 0.0421875 0.07421875
3 0.346875 0.25390625 0.0296875 0.06015625
7 0.40390625 0.23125 0.0484375 0.11640625
8 0.4703125 0.2390625 0.0328125 0.0796875
5 0.5328125 0.25625 0.02734375 0.07421875
9 0.709375 0.265625 0.0296875 0.06015625
3 0.3015625 0.178125 0.03125 0.0625
3 0.6390625 0.1875 0.02734375 0.0625
10 0.7125 0.17109375 0.05859375 0.11640625