1 0.7480371160764892 0.7302081905633684 0.07551424310014117 0.0750823633434086
9 0.46363484253753884 0.7350796932686393 0.02809377232113448 0.04328692333704538
9 0.31511552192068787 0.7414944199554566 0.036782979707460584 0.04885567067154515
0 0.7326087593387861 0.6296269352323682 0.0526125312495882 0.06075623400699968
6 0.6623098961082613 0.6296638452419133 0.03930400771063773 0.05903919267186346
11 0.587900231335609 0.6414649585853219 0.03848184740221221 0.05668635200509069
3 0.5239059151829848 0.6383041432606852 0.030532979707460585 0.04878294533736351
3 0.38838147240715515 0.6609705786123661 0.032095479707460586 0.04880112667090888
3 0.650446870133679 0.5485683865770495 0.036042640015886106 0.051190330004772376
9 0.5893593656694521 0.5578712085853219 0.028271050324311632 0.05344317333704538
11 0.2596718656694521 0.5617074699634108 0.04796594155801355 0.0630454400063634
9 0.6572656603117208 0.4711610019096405 0.03609718709378669 0.05431533000477238
9 0.5862946412369974 0.4649570025859582 0.028284687093786686 0.05422442333704538
9 0.5259883867727705 0.4742507339274578 0.02832559740221221 0.05656817333704538
2 0.3305804293864442 0.4819921506206385 0.04405969155801355 0.06299998667249973
3 0.6430861578760888 0.388530315245095 0.03223184740221221 0.05661362667090888
0 0.4603691152624149 0.385188781269912 0.032640950486467445 0.08005112667090888
2 0.2795730827950109 0.4060387252944109 0.047897757710637735 0.059139190006363404
9 0.6465481229730528 0.3244405432447768 0.03219093709378669 0.05426987667090888
4 0.5259862069825845 0.2953808465945488 0.040163124187573375 0.10825794267186346
6 0.460170292209932 0.30708196260345744 0.031119360794892793 0.08237669533736343
3 0.39902824066780446 0.31950978461172974 0.02754434740221221 0.05655908267027261
8 0.33662369805413067 0.3147682879535476 0.04192049310014116 0.0746914646721816
5 0.7050794176153214 0.23783942457036805 0.043482993100141164 0.07470964600572697
3 0.6486930499205699 0.2463064525780041 0.030737531249588203 0.06050169533736351
7 0.5920572662353496 0.2243138212524128 0.050469378651800414 0.11696987133990877
8 0.525514648540598 0.2328990279280942 0.034203450486467446 0.08006930800445433
5 0.4627146396121443 0.250813781269912 0.028639243100140988 0.07453692333704529
9 0.2859884983784422 0.2622432719605473 0.030737531249588113 0.06050169533736351
3 0.6953283165596613 0.1699979439051862 0.032340941558013724 0.06286362667090888
3 0.3576646753259592 0.18330011195100226 0.028434691558013547 0.06281817333704529
10 0.28451354748493773 0.16774838462763814 0.06062562865180032 0.11708805000795416