9 0.27948203190645887 0.6991022212288776 0.0380908933402269 0.05209077885594056
11 0.3496218092377771 0.7164013378337659 0.038935778007635945 0.05758681070710594
9 0.41362067457036805 0.7241071996293311 0.03171362400540882 0.04093502404661713
3 0.48569566923936797 0.7094296299365505 0.03018748667249973 0.04400546034428636
9 0.5528286252387316 0.7164633691367772 0.03181362133990877 0.04952877404661713
3 0.6104865839035953 0.731763476123019 0.03177725867281787 0.04640377404661713
5 0.6793638532384134 0.7232267790255765 0.04362327800763595 0.0577505018140986
9 0.42887405191759476 0.6222545229503087 0.030214758672817865 0.046349210344286365
2 0.6131308732495493 0.6388492898253497 0.039053956675681435 0.06774306070710594
6 0.301885385264185 0.5201240493591787 0.043796000676317705 0.07259425181409859
9 0.3579626625955033 0.5369320926430894 0.03181362133990877 0.04952877404661713
3 0.41972686592936687 0.5351811088851581 0.030278393340226906 0.05181796034428636
3 0.4931189125955033 0.5416518528947084 0.027961915340545217 0.054079864790790036
9 0.6196450499284124 0.5491965127835078 0.030278393340226906 0.05181796034428636
3 0.6852064152610033 0.5569569382814038 0.03652839334022691 0.05203621515360979
11 0.4270041112746846 0.4471181136944816 0.033585206675681434 0.0675520877489479
9 0.5470166192711847 0.4771007687739576 0.027934643340227085 0.05173611479079003
5 0.6111063912715029 0.47699413056952267 0.03669202534213589 0.0660987151536098
9 0.6806467319382756 0.47864096532324574 0.03655566534054522 0.05437996515360979
3 0.43721545261777506 0.37557049590846675 0.027998278007635945 0.05720486479079003
7 0.555220565284866 0.3765650554344464 0.04350564668204484 0.11475446996293312
6 0.6192012492839114 0.38583341723001147 0.03686474801081765 0.08094246515360962
8 0.7472444332829569 0.39733889082114165 0.05158122867599957 0.07052332032575288
3 0.6824194119589564 0.32629721532324574 0.03581077800763595 0.057477683302444224
0 0.7355625932925018 0.3265898812024948 0.046267020011135786 0.08361359736759484
1 0.32825062730745574 0.20216522304297602 0.056877803349772015 0.12303076143274536
10 0.436771651973274 0.2122074003549705 0.0435692813494537 0.12022321996293313
8 0.5559210939688196 0.24919402358328097 0.03217724801081765 0.08077877404661712
0 0.6147148386378195 0.23405266242068806 0.033830654678545 0.08864583774894799
4 0.3298318559834553 0.13344250489414144 0.052944281349453795 0.12055060217691826
2 0.39588356997931917 0.1662302122432028 0.03223179201145401 0.08546627404661714
3 0.6753983473106374 0.19084086496042602 0.028043731341499623 0.06111111479078999