3 0.20090308570953566 0.715596265265148 0.043163501809022266 0.05056656603337366
9 0.3432134164422303 0.7058007841483406 0.033501896766068205 0.044606493102595124
8 0.3933771907524898 0.7000553951841886 0.03909015547249543 0.062039654567984215
5 0.4750399485544058 0.7027875695398765 0.034402655472495526 0.061793993102594945
9 0.5991801334255434 0.7126428471294963 0.03831222749876275 0.04719590456798421
6 0.6780830613992761 0.6937047393730088 0.05150826831736559 0.061132251809022264
3 0.2234132507929695 0.6131330065587207 0.0401613325417169 0.05274654172311397
3 0.34043697648271004 0.6101164699239894 0.034034163274411534 0.05476274310259512
3 0.4178659356641071 0.6193033621675017 0.030005082541716986 0.05221427521477064
2 0.4727581535519315 0.6125310617379605 0.03473020409301455 0.06804399310259512
10 0.6807786934660232 0.6125366265281386 0.06301565637700648 0.08744576831736559
3 0.3571951085494571 0.5282113726829513 0.034034163274411534 0.05476274310259512
9 0.48001845488598394 0.5334610374277009 0.029882251809022264 0.049870525214770645
5 0.5349106727738084 0.5266887369981597 0.03621081693788462 0.06656338025772471
1 0.6135712613084191 0.5272409356641071 0.060381979307785015 0.09665699400710626
6 0.6793190920411136 0.5214579251486575 0.050478034825709096 0.07120661465389251
2 0.24512887777133394 0.45149946574011784 0.04200711555840373 0.07309998530067893
3 0.298707579150815 0.45492435888814137 0.0340751068519765 0.05554399310259513
11 0.4279446997976013 0.4567214750123719 0.034730204093014375 0.06804399310259512
11 0.6132237805302958 0.4446740971294963 0.03941770409301455 0.06828965456798422
8 0.3164926226829513 0.36829081806953845 0.04217088986866324 0.07622498530067894
3 0.42772337177844016 0.3866136929001963 0.030291687584671045 0.057683025214770645
3 0.4965962025111348 0.3806669080744872 0.029510437584671045 0.057642081637205855
9 0.5577384203989592 0.37356705902442694 0.03012791327441171 0.05455802521477064
9 0.6144830653560049 0.376046927862191 0.0340751068519765 0.055543993102594946
9 0.3299653024657062 0.3044773015611951 0.03251260685197641 0.05546210594746528
0 0.3403506037997587 0.22524350294067608 0.03739818068726608 0.0892196302577248
4 0.3852912895754075 0.21509721901947812 0.05112648801421242 0.11331222749876275
0 0.5556071116016748 0.22097432553277035 0.03192943068726599 0.08893302521477064
9 0.6090253606971636 0.242327025103229 0.02963326831736559 0.059985831637205764
7 0.3361001950479029 0.15768418871632484 0.05811347241038014 0.1277022761192818
9 0.5651359198331323 0.17294958333468644 0.029715155472495525 0.061548331637205765