9 0.2234375 0.74765625 0.04296875 0.04296875
3 0.48359375 0.740625 0.0296875 0.04296875
7 0.6296875 0.74375 0.053125 0.07421875
9 0.2296875 0.6515625 0.040625 0.04296875
3 0.36328125 0.65625 0.03515625 0.0484375
9 0.42578125 0.6546875 0.0296875 0.05078125
2 0.56015625 0.6515625 0.03828125 0.0484375
6 0.61875 0.659375 0.0359375 0.05859375
3 0.36875 0.56015625 0.03125 0.053125
8 0.43125 0.55859375 0.0359375 0.05859375
9 0.56171875 0.571875 0.02734375 0.053125
3 0.61953125 0.5734375 0.0328125 0.05078125
11 0.36953125 0.47265625 0.0375 0.06640625
10 0.5578125 0.48203125 0.0484375 0.09375
5 0.61875 0.4859375 0.0359375 0.0625
1 0.2484375 0.3765625 0.0640625 0.1078125
4 0.42890625 0.39140625 0.0453125 0.1
9 0.49140625 0.40390625 0.0265625 0.053125
6 0.559375 0.396875 0.0328125 0.0765625
0 0.67890625 0.4 0.040625 0.0796875
3 0.25859375 0.32421875 0.0359375 0.05625
8 0.55390625 0.32578125 0.03125 0.07421875
0 0.66953125 0.321875 0.0359375 0.08203125
11 0.2609375 0.2546875 0.040625 0.071875
3 0.31875 0.26015625 0.03125 0.05859375
9 0.38828125 0.25546875 0.0265625 0.05859375
3 0.43359375 0.25546875 0.0265625 0.05859375
9 0.55390625 0.2515625 0.0265625 0.05625
2 0.3265625 0.1828125 0.03828125 0.08203125
5 0.490625 0.18359375 0.0296875 0.07421875
9 0.55390625 0.19453125 0.0265625 0.0625
3 0.6671875 0.19140625 0.03125 0.06015625