9 0.2560549066904332 0.7337688690499105 0.04471959239534584 0.04471959239534584
3 0.453360988211364 0.7171212440313199 0.03153384288963732 0.04652217292769336
8 0.5844345746752108 0.7266487998490883 0.038229511862997965 0.05771434091247087
2 0.72148890570185 0.7101086041839817 0.05375901136870649 0.05600726087441501
1 0.25416480144350617 0.6297671185556188 0.0659698512925944 0.08770292984777565
5 0.39410405193779774 0.6264126723962209 0.040573261862998145 0.05780984140676253
3 0.45829388593018655 0.6269273255522507 0.029317426882026255 0.04955167243340188
9 0.5886180558921305 0.6372679648681163 0.029412927376317732 0.05189542243340188
2 0.7181463884016444 0.6280773541839817 0.044734179847775654 0.06421900889724856
11 0.31788245015091177 0.5418731877192601 0.04541992935348409 0.06190709239534584
3 0.45754978661475854 0.5510505750579592 0.029412927376317732 0.05189542243340188
8 0.5172749550938277 0.5572249792025723 0.03735276136870649 0.055338757414373774
5 0.5839849526223697 0.5427685483662135 0.03363751235728962 0.059867089923887916
9 0.27217601931455293 0.47643653011460574 0.040350427376317735 0.05234109140676253
10 0.3251909313678315 0.45236501874589924 0.062159101786885884 0.08988751235728962
3 0.3961401013297754 0.46512500391715167 0.0334146778706093 0.054398339923887915
0 0.4465075158545118 0.45289957654083396 0.035709348326844824 0.07243075692008212
4 0.25756307958094554 0.3674753655898693 0.07032177026595506 0.0987995973382616
3 0.572676085018153 0.38045954935479664 0.028854511862998145 0.05733233893530469
6 0.6300429160447922 0.36716637049560413 0.03436968281352524 0.07783583992388783
3 0.27749623619701663 0.31892777764314784 0.035200012357289624 0.05993075692008221
9 0.3364892342198503 0.307133431787761 0.03344651136870649 0.05517958992388783
3 0.6948429036875026 0.30583493965924535 0.03354201186299814 0.05752333992388783
9 0.278219136387297 0.24064361015266184 0.038388679353484 0.06162059091247105
9 0.338534553877783 0.2420986807991778 0.03344651136870649 0.05517958992388783
9 0.5114136383644634 0.24053222771969757 0.02745117935348418 0.06117492193911023
9 0.5714425543720746 0.23495604836621348 0.028950012357289622 0.05967608893530461
3 0.6254443048663662 0.235103286997507 0.029731262357289623 0.05970792243340188
7 0.27696570110231394 0.15226685965837028 0.060562109695551314 0.12726017836490086
11 0.44598495653952136 0.17120390756747317 0.03271168231923358 0.07542842292769344
6 0.5596654545623551 0.1571812168452826 0.03100460228117754 0.09095792243340184
0 0.6837887040680635 0.14977594064782848 0.03959835228117754 0.09130809091247101