9 0.22578125 0.7455959526973167 0.04296875 0.04346873667249973
3 0.4234375 0.7393021413908155 0.0296875 0.04565794533736352
8 0.55390625 0.7556640327418602 0.0359375 0.05666817067154532
2 0.69140625 0.7463264900938593 0.0515625 0.05450623400699968
1 0.228125 0.641716974697635 0.0625 0.08588350334181775
5 0.36796875 0.6456879540499523 0.03828125 0.05669544267186346
3 0.43203125 0.6495583887253155 0.02734375 0.04875567333704538
9 0.56171875 0.6666924394095874 0.02734375 0.0510994233370452
2 0.69140625 0.6642952400938593 0.0421875 0.06299089600572713
11 0.2953125 0.557342522040089 0.04296875 0.06065623667249973
3 0.434375 0.5738044107256336 0.02734375 0.05109942333704538
8 0.49375 0.5830890514003606 0.03515625 0.05431533000477238
5 0.5609375 0.5721520987428146 0.03125 0.058957376670909056
9 0.25234375 0.48965503536758936 0.03828125 0.05122669267186346
10 0.30625 0.46840729137490716 0.05859375 0.08818180000795409
3 0.3765625 0.48485045138445215 0.03125 0.05348862667090888
0 0.42734375 0.47528509472467917 0.0328125 0.07147555800445424
4 0.2421875 0.38016185669954394 0.06640625 0.09686645667568143
3 0.55625 0.40959755474217835 0.0265625 0.05655908267027261
6 0.6140625 0.3993327640833598 0.03125 0.07692612667090888
3 0.2640625 0.3327601453691802 0.0328125 0.05897555800445442
9 0.3234375 0.32407603604390706 0.03125 0.05426987667090888
3 0.68125 0.3415208114258139 0.03125 0.05661362667090888
9 0.26796875 0.25468059870304377 0.0359375 0.06057442067154524
9 0.328125 0.2592868300445434 0.03125 0.05426987667090888
9 0.50078125 0.2667646174013151 0.025 0.06044715133672716
9 0.5609375 0.2643395987428147 0.0265625 0.05890283267027261
3 0.61484375 0.2673106047501325 0.02734375 0.05891192333704529
7 0.2703125 0.16642662070336195 0.05546875 0.12564543734086325
11 0.43828125 0.19416236405949727 0.0296875 0.07456419533736347
6 0.55234375 0.18611460140831473 0.02734375 0.09016192333704529
0 0.6765625 0.1852162674251776 0.0359375 0.09026192067154523