7 0.47898345155992994 0.6929167881527423 0.04495078371934049 0.0859062723211343
3 0.40302036360402715 0.7020520547918337 0.03225010875746541 0.043514220779006865
0 0.3454260691511105 0.6936861757329963 0.0419887846692709 0.05930286201270896
2 0.6750785079806938 0.622333732553425 0.03982687262517359 0.06707445170428343
5 0.6110523755718745 0.6218894476503889 0.038863784669270984 0.0592483149348082
3 0.4848717352792703 0.6076923543053663 0.03086944671336802 0.051299447240056396
11 0.41773878666604114 0.606521366480231 0.03655640226045147 0.060769904626382674
6 0.211870646373437 0.593715223621676 0.05467062262517368 0.06733355032431163
1 0.6814577541809717 0.5160155487060492 0.05779627583555573 0.10096821063273716
3 0.6160139389264925 0.5429286505724882 0.03243194671336802 0.051326720779006865
10 0.34937195279420097 0.5241549257329963 0.057450783719340315 0.08612446063273715
0 0.2364725625015968 0.5097260073068959 0.04854790919430556 0.07269320616851012
9 0.5476107374634719 0.46212470982525355 0.02859843189572935 0.05438353693163087
9 0.49007099439732593 0.451415080766416 0.02852569671336802 0.05125853693163087
5 0.42359200921496487 0.4556992061718055 0.03670187262517359 0.06701990462638267
9 0.6743018304533678 0.3872865767092263 0.03248649810013902 0.053670470779006864
9 0.6173796832269094 0.38359456088091365 0.02781718189572917 0.054369900162155725
2 0.5471944697960414 0.37935312013367894 0.03292290919430556 0.07242047077900686
9 0.43394958738722184 0.3797679517075786 0.028707534669270986 0.05907103693163087
3 0.6667270262168052 0.3101064679429283 0.03255923328249999 0.05679547077900686
3 0.6096412248300345 0.3134457021146157 0.030996733282499987 0.05676819724005648
3 0.5488855627859373 0.30669687013367897 0.027871733282499988 0.056713650162155814
8 0.503882187310972 0.2942065527632388 0.0330320119678472 0.07710797077900686
11 0.32568445212861086 0.3004407362035776 0.03766496058107647 0.07484604139585782
9 0.6754311854111109 0.23810873701765178 0.03270470364722229 0.06304547077900687
6 0.5037925747537845 0.23095257630218918 0.03177863649288213 0.09036194724005649
8 0.3289198613229165 0.22853846266462724 0.040135997150208345 0.08035570170428334
3 0.26938120716260394 0.2366061071447402 0.03265015226045147 0.06070172077900686
4 0.6773404839480902 0.15607748701765176 0.0534724517473613 0.11651139001588606
3 0.49968760942305546 0.17245428368851537 0.026400152260451292 0.060592626623205435
9 0.4521586459921874 0.1678173766265007 0.02645470364722229 0.06293637662320543
9 0.28340864599218735 0.17076291883313746 0.032613784669270895 0.05913922077900682