7 0.5169333189887027 0.7133092319513199 0.04445515787279355 0.08615635875746541
3 0.5928509366834543 0.7228855601235769 0.03200002232113448 0.043696101823611146
0 0.6504997954497523 0.7148561609972575 0.04164775771063774 0.05953930737069442
2 0.321229306813838 0.6415939668493406 0.03944037540538945 0.0672972559839236
5 0.38526453327488774 0.6415225380877434 0.038522757710637734 0.05946657218833344
3 0.5115406611159091 0.6280620629733684 0.030573890015886108 0.05147223423243048
11 0.5786872508074836 0.6272821193941324 0.036206281249588024 0.060974520801562446
6 0.784650878648505 0.615676391429966 0.05428412540538954 0.06764274810013901
1 0.3154684561652149 0.5352530478713892 0.05721425649282175 0.10129104948690984
3 0.3807622195578955 0.5625435529053823 0.032136390015886106 0.051508601823611146
10 0.6475406164736405 0.5453249109972574 0.05695515787279355 0.08644729948690966
0 0.7605354943146618 0.5315553113578478 0.04812958279171564 0.07296602773541672
9 0.44964285876300264 0.4821488445085073 0.028284687093786686 0.05454268284565984
9 0.5072508072208752 0.471775695382188 0.028230140015886106 0.05141768284565984
5 0.5737116042987758 0.4764463180073616 0.03631537540538936 0.06722452080156245
9 0.32337463920181186 0.4065831872140627 0.03217730032431163 0.053852351823611144
9 0.3803240685849609 0.4032231042921531 0.027503437093786685 0.05452449905006951
2 0.4505411111986347 0.39939089589527815 0.03250458279171564 0.07260235182361115
9 0.5637950876596843 0.40046504625586854 0.028366507710637735 0.05923018284565966
3 0.33139959902377003 0.3294576427611461 0.03223184740221221 0.05697735182361115
3 0.3884717593321955 0.33312880983923643 0.03066934740221221 0.05694098423243057
3 0.4492728916374438 0.3267346458952781 0.02754434740221221 0.05686824905006951
8 0.494353566556366 0.31450805603951426 0.032586403408566514 0.07728985182361114
11 0.6725331136342667 0.3217789614340978 0.037232993100141165 0.07505520459715279
9 0.32311376623205434 0.2574189886008336 0.03234094155801355 0.06322735182361114
6 0.4948114882288772 0.25126317363069484 0.0312557284896446 0.09053473423243057
8 0.6697160308425509 0.2498675938429172 0.03967220048646745 0.0805785059839236
3 0.7292137617678275 0.2582808123077784 0.032300031249588204 0.06088360182361115
4 0.3216819054371616 0.17538773860083362 0.052799491882325175 0.11680694671336811
3 0.4992574805182395 0.1927967101998268 0.026050031249588202 0.060738131458888886
9 0.5468182731319132 0.1884371717308338 0.026090941558013725 0.06308188145888893
9 0.7155682731319132 0.19236487157833393 0.032272757710637735 0.059321101823611146