11 0.1955678609929569 0.6996167035365908 0.053526793283910835 0.05835101087441501
9 0.2633456380347989 0.7023159392021349 0.03997272477225655 0.04999734140676253
3 0.4604289691603249 0.7106683141835444 0.031188001814098597 0.04417842292769336
9 0.5307960328626558 0.7062407993547966 0.03264137440943689 0.04111708992388792
8 0.6660068465649867 0.6991711041839818 0.04913939364673059 0.0667537598858317
3 0.2076983279606651 0.6203284515594245 0.04231647477225655 0.05009284190105419
5 0.2683456512816428 0.6038147722059404 0.04749504809323426 0.06434634288963732
9 0.40958821017465025 0.6027404090503479 0.032941474772256465 0.04971083992388792
3 0.4619319601746502 0.6006075646778358 0.031378974772256464 0.04964717292769336
4 0.2085019145284867 0.5079557855518132 0.07210566769334763 0.09889509783255317
8 0.3386606404818696 0.5338577578714843 0.04423363883740716 0.06031275889724856
3 0.4795038952911931 0.5218777282139891 0.03146082032575279 0.05199092292769336
9 0.5424850449283734 0.5278929648681163 0.029226197730414506 0.05502042243340188
7 0.6731720497376967 0.5163267706858845 0.06577382213985139 0.09629667984777565
2 0.4807787078123975 0.4406913952101835 0.035131457349061354 0.06774325692008229
6 0.6059151170682247 0.43169178551463216 0.0400099303072194 0.07340300790866543
3 0.29595232922660947 0.37176893475351047 0.03477679328391083 0.0575870069200823
0 0.6076983610777749 0.3582861190127294 0.03872024881887377 0.08115184091247105
6 0.24596474211063368 0.2840898626241198 0.04513393992586625 0.08609400889724857
9 0.4803571002780017 0.2963829796968639 0.02866320253973793 0.06123858893530461
0 0.5480902373013102 0.27802029886050506 0.034114594372369925 0.08330458992388783
3 0.6088094824919869 0.2817872860089238 0.029308043283910835 0.05736417243340188
5 0.252589253543379 0.22843011163553664 0.04321677586071564 0.07587409190105418
9 0.3102653442875519 0.22998068277634415 0.03343254809323426 0.06377333992388783
3 0.48316713094804076 0.21591422969686386 0.028608638837406986 0.0596760889353047
3 0.5456671309480408 0.2133675498490882 0.028608638837406986 0.0596760889353047
9 0.5971205035433791 0.21439153897467328 0.02944445253973793 0.06127042243340188
10 0.25993301679022296 0.12983344414505066 0.06287700063297219 0.12504376235728967
1 0.31381198493905754 0.12841818277634415 0.05997025544229562 0.13116642836490092
9 0.3823883701482676 0.1529287514456937 0.028608638837407163 0.05967608893530465
2 0.6080604927436057 0.14685387049560414 0.03852927586071573 0.07568309091247101
11 0.6588417427436057 0.1447846931192864 0.03852927586071573 0.07568309091247101