11 0.19143951722584346 0.7214254918957307 0.0538545118629981 0.05925317363517095
9 0.25918543273916306 0.7308529707784561 0.040254926882026074 0.05066712891096028
3 0.45617317927912193 0.758771386379945 0.03143834239534584 0.04469784997176518
9 0.5265493462753164 0.7613041231551783 0.03287350840295709 0.04166385523343692
8 0.6617692632715106 0.7676135782897932 0.04951718034206713 0.06757390785015538
3 0.2040297005336602 0.6430652734657618 0.04259867688202608 0.05080363680346807
5 0.26475895349940975 0.632506476040128 0.04785917984777566 0.06513915258848364
9 0.40597420251082655 0.6454299522214303 0.03322367688202608 0.05025760523343692
3 0.4583179525108266 0.6484786284874373 0.031661176882026076 0.05016659997176518
4 0.20548872425965642 0.5303832629424181 0.07266552026595505 0.10009798151356133
8 0.33546538433576856 0.5692777049228533 0.044575012357289626 0.061050892065139806
3 0.4763450523205462 0.5712181784733199 0.03175667737631773 0.05251034997176518
9 0.539276133841477 0.5834976415710298 0.029540261368706487 0.05549884207925739
7 0.6699995518262545 0.5848465809206291 0.0663200197716634 0.09739021046687402
2 0.47809323612265453 0.48987717321164803 0.03551834733826169 0.06831736049510884
6 0.6032524036131404 0.49325134414539595 0.0404286818249421 0.07405912628012423
3 0.2937129189361797 0.40239404181102606 0.03510451186299814 0.05816111049510884
0 0.6054635024342769 0.41976834151456 0.03918451680591399 0.08178062101845249
6 0.2442487712173572 0.30945611291418323 0.045625517794497125 0.0868321420651399
9 0.4785136832706357 0.3450274047957965 0.02901367935348418 0.061703339448421435
0 0.5463378532325797 0.333315631047686 0.034592517300205475 0.08385135523343701
3 0.6070206852478022 0.3431148362528882 0.02963576186299797 0.05784259207925739
5 0.2511964495822581 0.25426037869919876 0.04364918231923358 0.07658488680346806
9 0.3088497820917721 0.26153382338105724 0.03379667984777566 0.06432010523343692
3 0.48179253357464696 0.26455865479579654 0.028950012357289622 0.06014083944842143
3 0.5442925335746469 0.26819886526267045 0.028950012357289622 0.06014083944842143
9 0.5957276995822581 0.2743270388978415 0.029794929353484 0.06174884207925739
10 0.2591137203425048 0.1560503918533784 0.06359160920125975 0.12606894731269436
1 0.3129881368444075 0.1599713233810572 0.06072127718603735 0.13213693678935065
9 0.3814052144110057 0.1913648075254545 0.028950012357289622 0.06014083944842143
2 0.6070591304186169 0.20764006783703665 0.03896168231923358 0.07631187101845249
11 0.6578403804186169 0.21059773884137178 0.03896168231923358 0.07631187101845249