2 0.27234356777088664 0.7369317298640276 0.05717730032431154 0.05443423328249999
3 0.34366914285196454 0.7485582544653122 0.03682389001588611 0.05161770459715278
0 0.6187373266993405 0.7460638084175342 0.03930400771063773 0.059484755983923776
9 0.6892134679330424 0.7538022668144091 0.039031272321134305 0.043859755983923776
5 0.7670248222351136 0.7340151372553813 0.051831281249588204 0.06133819671336802
6 0.48076794804754003 0.6328215388502427 0.03639719602224041 0.07191202080156245
9 0.6937452349791711 0.655219296449687 0.03844093709378669 0.054779072188333444
8 0.2865446152558244 0.5654379363610416 0.05428412540538945 0.06764274810013901
7 0.482447450483172 0.5499363036678815 0.04398755357072233 0.10410692496187508
6 0.5513338181779238 0.5561486296559371 0.03639719602224041 0.07191202080156245
11 0.6177400681779238 0.5546030070307634 0.039413101866439246 0.06573475598392378
3 0.7467963226421507 0.5601964307583674 0.03687843709378669 0.05474270459715278
3 0.29354286322722956 0.4738316646095484 0.03691934740221221 0.05708645459715278
9 0.4153496793798537 0.46708874249746496 0.030710257710637734 0.05928473423243048
3 0.48992298538620815 0.48567378191638844 0.03066934740221221 0.05694098423243048
3 0.6101945750777826 0.48052972739548566 0.03066934740221221 0.05694098423243048
3 0.6796849147693571 0.4765676195879509 0.03613809740221221 0.057068270801562446
8 0.300032596588138 0.3978685766536456 0.03967220048646727 0.0805785059839236
9 0.3540343039744642 0.40208264475791644 0.03613809740221221 0.057068270801562446
5 0.4210172524323367 0.3888000883371524 0.03639719602224041 0.07191202080156263
4 0.549937139201812 0.3865810120647565 0.04402846387914785 0.10645067496187507
0 0.6703041862797126 0.3869057075438536 0.03975402110331849 0.0852660059839236
3 0.3035064241048479 0.32822822388010386 0.033862531249588115 0.06091996941479163
9 0.4261217637964224 0.32302961797243024 0.0283937812495882 0.06079268284565975
9 0.4911291550301245 0.33089536293843713 0.0283937812495882 0.06079268284565975
1 0.6702575474816425 0.29468183995267305 0.057405171265474134 0.11222854948690983
11 0.4209609310047068 0.2512455369503816 0.03645174310014117 0.07503702080156253
9 0.664106959007884 0.255746626521805 0.03066934740221221 0.05694098423243057
2 0.37525691882984213 0.18509451329902746 0.03879549310014117 0.07509157218833336
10 0.4233807731319132 0.1659983679724302 0.04031312865180041 0.11729725598392364
3 0.6034228291382677 0.18212859498666617 0.027694351866439072 0.06546199905006947
9 0.6660046497551187 0.1853613913394439 0.032300031249588204 0.06088360182361115