3 0.27452867469528774 0.7087720537637467 0.03762897477225655 0.04864657825883114
9 0.5364830376719791 0.7259242340891225 0.02892609736759475 0.04547158128389341
7 0.3426462468351391 0.615399303665551 0.05833334437236992 0.08235395774732641
5 0.4138664824071688 0.6345674601832133 0.03733879809323426 0.06270453307929139
8 0.4869865238769811 0.6217089118804155 0.037819947730414506 0.05411532825883114
3 0.5439359283234848 0.6243844599868217 0.03146082032575279 0.0509539668225127
6 0.677284141662996 0.632192935688129 0.04501488883740716 0.058843734874689343
0 0.7500222372164922 0.6302718873853312 0.055171138837406986 0.05890282220870695
6 0.2917682823145016 0.5283669362773041 0.045478680307219396 0.07212498487468935
5 0.3506522089935239 0.5427748699223296 0.03981895734906136 0.06662441861791066
9 0.6157142138028473 0.5380656857863249 0.034694947730414684 0.05409714754067192
3 0.36666164411006663 0.4647271379745064 0.03156994773041451 0.054078966822512696
3 0.42043148485423953 0.4689470053627531 0.02919891587924912 0.05328408128389341
11 0.542906685579879 0.45246855337096337 0.03747520734906136 0.06661078307929139
9 0.6726661074495779 0.47354009835411137 0.0331324477304145 0.05408805718159222
9 0.7299428941100666 0.4668406464605175 0.0370386977304145 0.05411078307929138
11 0.30441959365457977 0.3674703428931624 0.040682052902557685 0.0689727137974507
3 0.376393797375444 0.38742429459036465 0.03156994773041451 0.054078966822512786
4 0.42680302514292545 0.3759964360809124 0.046569954353836526 0.10337498487468952
9 0.5459523292266095 0.3876293485505032 0.029308043283910835 0.056409081283893325
8 0.6728422114405946 0.3789906676359521 0.0431349303072194 0.07211134933607007
9 0.7426363562684515 0.394243483794535 0.039546138837406986 0.05881191861791084
1 0.4426314109851077 0.28075665895354934 0.03930309137714509 0.11895453307929138
9 0.4978992643431523 0.30920891188041555 0.028444947730414682 0.05406078610435348
2 0.5501338869384906 0.31263843890958276 0.038420148456053835 0.07130282825883114
3 0.6124156321291672 0.31925205327276746 0.031733638837406986 0.0587664668225127
0 0.37886157686435673 0.22724986387220536 0.0359499128840242 0.09003464754067192
2 0.5505728857573642 0.23293730337096336 0.037748025860715725 0.07442328307929139
3 0.7352380624363865 0.24807701092189802 0.03725695253973793 0.06036078307929138
3 0.39399799274360586 0.17420213192438214 0.02866320253973793 0.060310786104353475
10 0.4369493845762378 0.1525725716195318 0.04719743693064125 0.12134373487468952
9 0.6751115834877787 0.1797446465587133 0.03329613883740699 0.0587755571815924