3 0.29921875 0.70703125 0.0359375 0.0484375
9 0.56171875 0.72265625 0.02734375 0.0453125
7 0.3640625 0.61328125 0.05546875 0.08203125
5 0.4359375 0.63203125 0.03515625 0.0625
8 0.50859375 0.61875 0.0359375 0.05390625
3 0.565625 0.62109375 0.0296875 0.05078125
6 0.69921875 0.628125 0.04296875 0.05859375
0 0.771875 0.62578125 0.053125 0.05859375
6 0.31015625 0.5265625 0.04296875 0.071875
5 0.36953125 0.540625 0.0375 0.06640625
9 0.634375 0.534375 0.0328125 0.05390625
3 0.3828125 0.4625 0.0296875 0.05390625
3 0.43671875 0.46640625 0.02734375 0.053125
11 0.55859375 0.44921875 0.03515625 0.06640625
9 0.6890625 0.46953125 0.03125 0.05390625
9 0.74609375 0.4625 0.03515625 0.05390625
11 0.3171875 0.365625 0.03828125 0.06875
3 0.38984375 0.38515625 0.0296875 0.05390625
4 0.43984375 0.3734375 0.04296875 0.103125
9 0.559375 0.384375 0.02734375 0.05625
8 0.6859375 0.375 0.040625 0.071875
9 0.75625 0.38984375 0.0375 0.05859375
1 0.45234375 0.278125 0.03515625 0.11875
9 0.50859375 0.30625 0.0265625 0.05390625
2 0.5609375 0.309375 0.0359375 0.07109375
3 0.6234375 0.315625 0.0296875 0.05859375
0 0.38671875 0.225 0.0328125 0.08984375
2 0.55859375 0.2296875 0.03515625 0.07421875
3 0.74375 0.24375 0.03515625 0.06015625
3 0.4 0.171875 0.0265625 0.06015625
10 0.4421875 0.15 0.04296875 0.12109375
9 0.68125 0.17578125 0.03125 0.05859375