7 0.7444153943373755 0.7050481636105154 0.07700345574818712 0.07955484882113631
9 0.465763855462246 0.6882148547898165 0.031688801695410974 0.04417842292769336
11 0.3310078658013282 0.6741139096190016 0.0433540477664696 0.06024909190105419
3 0.26919922456883383 0.656723479771226 0.038193512820281585 0.04990184091247105
3 0.6708388072814916 0.6042085638007958 0.039865174730940464 0.05230925790866543
4 0.4711662930134679 0.5890279382879137 0.04715328990858687 0.09159459239534584
2 0.4046144937992562 0.5894470909496521 0.04059292080199892 0.06793425790866543
3 0.6647386646012551 0.5335140618236295 0.03532322394515219 0.05524325692008212
3 0.608289611458102 0.5186902164625341 0.03372433664159917 0.054398339923887915
6 0.5514402979758667 0.5124601211014388 0.03861304383752824 0.07565125741437377
0 0.4214809702256076 0.49620642691920713 0.034597631926869356 0.07314833992388792
3 0.2895224948327135 0.4892640657407811 0.0376669739451521 0.055338757414373774
8 0.5471937537240537 0.4355792861204669 0.037958072373575645 0.06158875741437377
5 0.426936911705771 0.4126763439154016 0.03601458271265763 0.0700870069200823
11 0.3729578870986651 0.4120423325466951 0.038467494623316514 0.07252625741437377
10 0.3038268974377474 0.40061540121604466 0.0576734129441161 0.0998209278706094
9 0.677103885650923 0.3688613128122126 0.035432385855810725 0.0575870069200823
3 0.5569005475615818 0.36161520410524445 0.0299636358558109 0.05736417243340188
6 0.43291939206106383 0.33464684440969317 0.0313099660872691 0.08627042243340188
5 0.38202898015040504 0.3349214170333754 0.03612374462331651 0.0724307569200823
1 0.310736177007252 0.3194927352084334 0.05215115901517464 0.1151912598858317
0 0.7390816548813455 0.29859257516950233 0.04924232878371626 0.08622134288963731
9 0.6785979191493692 0.30317264581601827 0.037958072373575645 0.06158875741437377
9 0.4991651302742396 0.29038219125366316 0.027729047766469606 0.059612421939110226
8 0.44640400330976887 0.2804050133830539 0.038503881926869356 0.07330750741437378
9 0.7307276534336034 0.24267815619614158 0.0355415477664696 0.05993075692008221
3 0.611414727254921 0.23312013098727064 0.030145572373575468 0.06127042243340188
3 0.562741786808215 0.21939587060714727 0.027801822373575646 0.06117492193911023
9 0.4438098502904502 0.21846342889637355 0.029291547766469604 0.05967608893530461
2 0.3939018955757206 0.1976442515200558 0.03964900496239867 0.081151840912471
9 0.7373822218782374 0.16702424018853035 0.03572348428423418 0.0638370069200822
9 0.5127097076102138 0.15082494273653796 0.027910984284234174 0.06351867193911027