9 0.290625 0.68359375 0.03828125 0.0453125
3 0.36328125 0.6703125 0.03515625 0.0484375
3 0.70390625 0.6765625 0.0375 0.05078125
6 0.30390625 0.58125 0.0453125 0.06640625
10 0.3609375 0.5828125 0.05859375 0.09375
9 0.49375 0.584375 0.0296875 0.05390625
3 0.55625 0.5828125 0.03125 0.05078125
1 0.634375 0.58984375 0.0484375 0.084375
5 0.7015625 0.58671875 0.04296875 0.0625
9 0.25 0.49375 0.03828125 0.05390625
9 0.3015625 0.50703125 0.0359375 0.0484375
9 0.3671875 0.49765625 0.0328125 0.053125
11 0.57109375 0.4953125 0.0359375 0.0625
3 0.25 0.41640625 0.03828125 0.05390625
2 0.36796875 0.42578125 0.04296875 0.0625
5 0.56640625 0.41796875 0.03125 0.07109375
3 0.6265625 0.428125 0.03125 0.05390625
3 0.32109375 0.340625 0.03125 0.05625
7 0.37421875 0.32265625 0.046875 0.11640625
0 0.44375 0.33515625 0.0328125 0.084375
8 0.62265625 0.346875 0.03828125 0.06875
9 0.3828125 0.25859375 0.0296875 0.06015625
8 0.45078125 0.259375 0.03125 0.071875
2 0.50390625 0.2609375 0.03125 0.0796875
9 0.68359375 0.2671875 0.03515625 0.0625
11 0.321875 0.18515625 0.03828125 0.0765625
6 0.5078125 0.1875 0.0296875 0.09140625
4 0.61953125 0.1734375 0.046875 0.115625
3 0.6765625 0.19921875 0.03125 0.0625
3 0.27734375 0.13203125 0.03515625 0.0625
0 0.44296875 0.12109375 0.0296875 0.09375
9 0.5609375 0.1390625 0.025 0.0625