9 0.7252858211414936 0.7166334216260593 0.039335910144236055 0.04709547787409356
3 0.6523204466164589 0.6999681523956369 0.03628364532659738 0.050074928659881834
3 0.31184091698118116 0.6903532880465599 0.03868194671336802 0.05252784057054072
6 0.7096224939191671 0.6136710874656595 0.046858122625173595 0.06851671360606985
10 0.6526276115103478 0.6125773143062957 0.06077580547083343 0.09647904776646961
9 0.5198514791015283 0.6079539727022978 0.03094218189572917 0.055288967535011224
3 0.4573151115103477 0.6034804884180636 0.03243194671336802 0.052236742142117265
1 0.3793537656706602 0.6068730080627707 0.050401349923750074 0.08663101282028159
5 0.31209353048829913 0.6006186999572188 0.04442345364722229 0.06450130169541098
9 0.761492158813056 0.5286818114108115 0.03953593189572935 0.05568922787409356
9 0.7102387833380908 0.5395614993763183 0.03706489532659738 0.050111315963434676
9 0.6443955777910073 0.5271299658778723 0.03404899810013902 0.05465326674922295
11 0.4404347764042365 0.5152891296505578 0.03739220364722229 0.06417381596343467
3 0.7596919630496184 0.4513380614108115 0.03953593189572917 0.05568922787409356
2 0.6419414185967017 0.4552185785743193 0.04442345364722229 0.06450130169541098
5 0.443322080640799 0.4381637034718754 0.032904725398715404 0.07254924214211726
3 0.38340221998347257 0.4455181310982999 0.03250468189572917 0.05536174214211727
3 0.6868343848773615 0.37224556678749504 0.03255923328249999 0.057705492142117176
7 0.6332911575787851 0.35180248014589593 0.04958438554295164 0.11858948821317572
0 0.5640508483082295 0.36106401012968525 0.03477634992375016 0.08590326674922304
8 0.3854173552420836 0.3644500676160646 0.0398814240119445 0.07053297787409356
9 0.6232063363403821 0.28733971980681366 0.03108765226045147 0.06153896753501131
8 0.5552557701359724 0.2849552743977089 0.03292290919430556 0.07333049214211709
2 0.502167137727153 0.28404343775610974 0.03310474715020835 0.08114299214211718
9 0.3226251080918752 0.28192435793893617 0.03661095364722229 0.06413742865988184
11 0.6824345595548961 0.21674042948394212 0.040063261967847194 0.07834547787409347
6 0.4965516109416669 0.21042400123834507 0.03181500408406244 0.09278896753501123
4 0.3845055526210418 0.19115811683027628 0.04956620174736122 0.11780823821317572
3 0.328074367875521 0.21428309367091244 0.03270470364722229 0.06395549214211708
3 0.725729311454757 0.16568950578645905 0.03661095364722229 0.06413742865988178
0 0.5598497383164932 0.14703789743323817 0.031869555470833436 0.09513271753501132
9 0.4422992156150696 0.15951216459674594 0.02645470364722229 0.06366439371369373