3 0.2543998999338869 0.7512913415868285 0.039751896766068204 0.044934041723114146
5 0.45176622286466533 0.7522341231331773 0.03588326831736559 0.0603133802577247
7 0.5195711985544059 0.7589212143813213 0.04714499491161739 0.08193939676606803
9 0.5973686499338868 0.769265572137809 0.033501896766068205 0.044606493102595124
11 0.6569041022178791 0.7543675904551747 0.045916687584671226 0.05850189676606821
1 0.2580372342846261 0.6519907044316987 0.06330226141996072 0.0929145183173656
9 0.3282302255781988 0.6729040699901023 0.03506439676606821 0.0446883802577247
6 0.39862129070706126 0.6601417983933764 0.03588326831736559 0.0603133802577247
9 0.6534725650173208 0.670364404679526 0.035351001809022266 0.050157130257724704
5 0.7280221856641071 0.682888738125754 0.050027655472495526 0.06261286465389251
2 0.27582227781676244 0.5667492452503016 0.041103034825709095 0.07071529172311415
8 0.3943299383776405 0.5925448626177277 0.03900826831736568 0.06047715456798421
9 0.5922285278167625 0.5833313941640764 0.0340751068519765 0.05554399310259513
6 0.3513003126424715 0.5017660543862702 0.03982713986866324 0.07610215456798422
0 0.4769554098835096 0.4958170267966503 0.034853034825709096 0.07038774310259513
11 0.6483800305302958 0.5134183638609231 0.04176145409301455 0.06841248530067894
3 0.36024594470921867 0.42076171585165945 0.030291687584671045 0.057683025214770645
3 0.47677834746818065 0.4394032524863908 0.029346663274411534 0.05451708163720568
3 0.7082706869073025 0.4319503578680292 0.038104187584671045 0.058092460990419426
9 0.355954592379798 0.3531647800760107 0.027947937584671047 0.05756019448207601
9 0.536382398802233 0.3634039964934971 0.02963326831736559 0.059985831637205854
9 0.7030343102676223 0.3674374785148156 0.034320768317365594 0.060231493102595034
3 0.42008236940359095 0.2805361855485061 0.02807076831736577 0.05990394448207601
2 0.4766222964728124 0.2929000667107421 0.033699970601357876 0.07811835594746527
10 0.5391975395754075 0.2648436657608024 0.041997149479601606 0.11750840456798421
3 0.5961535464728124 0.2991644340781681 0.03041451831736559 0.06002677521477064
3 0.370359008367743 0.22779296585165945 0.030496405472495436 0.061589275214770645
0 0.421014105608781 0.2179133548158115 0.03427318068726617 0.08905585594746528
4 0.4845376950479029 0.2016575910210016 0.0412158994796016 0.11746746099041942
3 0.5317059441433918 0.2284148428300239 0.02963326831736559 0.059985831637205764
8 0.5924763478068649 0.21984874830251933 0.039540534825709094 0.07063340456798431
9 0.6426843877209566 0.23344758084423628 0.030291687584671045 0.057683025214770645