8 0.6947402849372507 0.7271765007558596 0.049945768317365594 0.059139190006363404
5 0.6248781642904644 0.7349520907463145 0.04106541327441153 0.053570442671863464
9 0.5441637528250751 0.7293282520687241 0.033788501809022264 0.04880112667090888
2 0.4821993413596859 0.723922589393679 0.04081975180902227 0.04888294267186346
3 0.41981885006611314 0.7403737453850885 0.037408146766068205 0.043377830004772557
0 0.34222943860072386 0.734786269374589 0.0481376068519765 0.05443350867281786
3 0.8153626441640764 0.6302025981062679 0.04328633254171699 0.051253964672181594
3 0.7453367492070304 0.6348531880967229 0.040161332541716985 0.05121760200509069
9 0.6735026927845954 0.6347980967536324 0.03403416327441171 0.05348862667090888
8 0.6200877657153738 0.6435458407463145 0.04106541327441153 0.053570442671863464
1 0.40857705562946567 0.6301538607176795 0.06083568068726599 0.08815452800763594
9 0.7868448185197644 0.5478895374363134 0.03876260685197632 0.054324420671545325
7 0.6789946969684669 0.5310191160884504 0.06252101141996072 0.0905164593411815
9 0.46706458502810777 0.5543186140594972 0.029718477498762753 0.04563067333704538
3 0.3373361414505429 0.5520283133752253 0.03872166327441153 0.05354317067154533
9 0.7243238070998037 0.457373078095132 0.03888543758467104 0.05666817067154515
0 0.6553281456344144 0.4518855994191324 0.04204805913596861 0.07232044267186347
11 0.5944692107632769 0.46757368674408734 0.03629270409301455 0.06678805800445442
6 0.4653991864530173 0.46294872672658816 0.035139639868663156 0.07458237667090888
4 0.6564159328349727 0.36835548408654145 0.05708988297125828 0.10606873400699968
6 0.5879492158516595 0.38785891474376916 0.03670213986866315 0.07460055800445434
10 0.4627068764125376 0.3668822487269063 0.046275213703953 0.10828521467218159
9 0.5148968181810801 0.3198623454009969 0.029715155472495525 0.06046533267027261
2 0.45211021313812605 0.3136663420591791 0.03982713986866315 0.07463692067154515
5 0.3308526888278665 0.3091322887094071 0.04204805913596861 0.07232044267186347
3 0.639091234734852 0.2463532147517234 0.032840155472495525 0.06050169533736351
3 0.5729749118040735 0.23621459874281472 0.029715155472495525 0.06046533267027261
11 0.3421752911572872 0.24211751137808885 0.041512470601357876 0.07699885200509068
9 0.7378762155129752 0.1647406827657227 0.03921298620519007 0.06291817067154523
9 0.6865593769783644 0.16882819875872307 0.03608798620519007 0.06288180800445434
3 0.6271843769783645 0.16813730808399613 0.03061923620519007 0.06281817333704529
3 0.5650528691764484 0.17444130474217834 0.02983798620519007 0.06280908267027256