3 0.5440599246952877 0.7169588181779238 0.031378974772256464 0.0489556972400564
3 0.4700321476534457 0.7101945750777826 0.03137897477225664 0.0489556972400564
11 0.26526280209994946 0.7089654914752881 0.04727679328391084 0.05704093262955982
3 0.6662102324071688 0.6440452439076247 0.03919147477225664 0.04909206493480802
3 0.6088615238769811 0.6297548729664622 0.03458582032575279 0.051353994317957154
9 0.5355331512816428 0.6253480166357962 0.031378974772256464 0.0489556972400564
0 0.4111606338584476 0.605197383519769 0.03747520734906136 0.06701990462638267
4 0.6129984415703287 0.5336747597359374 0.05405507213985139 0.09463639001588611
3 0.5424676867610053 0.538697450483172 0.02919891587924912 0.05360228693163087
9 0.4754165960168324 0.5336184383083074 0.02911707032575279 0.05125853693163087
1 0.34306788748664474 0.5180189374975285 0.0593874128840242 0.09082559740221222
0 0.2930678874866447 0.5171461842511176 0.044670148456053924 0.07183013555165907
11 0.6109299992822098 0.4585929391190863 0.038338302902557686 0.06937729139585791
5 0.478062935579879 0.4578371883083074 0.035131457349061354 0.06697899431795715
9 0.730300047375444 0.39813845454036184 0.034694947730414503 0.05447899431795715
9 0.6679091747801057 0.3939225129823482 0.033105165879249124 0.053670470779006864
6 0.5554190984639031 0.36928893140844854 0.03575893992586625 0.08494774431795715
6 0.4309002481010834 0.3757144350618965 0.03392362141421188 0.07710797077900686
7 0.6845460924734533 0.2980605880634261 0.0616865228654909 0.11194662094116259
5 0.5514334921106336 0.3043360872526472 0.03227927586071573 0.07473694724005649
2 0.4937028376641299 0.3009832163114846 0.03227927586071573 0.07473694724005649
3 0.3792856735989794 0.30914849796810984 0.029308043283910835 0.05672728693163096
9 0.723928540203868 0.24480890299823427 0.03803820253973793 0.06078354139585782
9 0.6672147487340556 0.25710830559602205 0.02952629809323426 0.06297728693163096
8 0.6130456039061988 0.24130998173276014 0.03825645734906136 0.06703354139585782
3 0.5525892535433791 0.24885370048317207 0.02866320253973793 0.060619900162155814
8 0.4951859813108605 0.23612582954200945 0.03540427586071573 0.07479149431795715
10 0.7317261712367267 0.15582822361508528 0.05975200063297219 0.12362446063273706
2 0.6801810294040948 0.17681683359919925 0.04044643992586607 0.08502956493480815
3 0.6071973971901096 0.18492361403800844 0.02944445253973793 0.06063353693163096
9 0.5057167427436059 0.18080708400623635 0.027100702539737932 0.060592626623205435
9 0.44820434310642554 0.17120421306507377 0.02718254809323426 0.06293637662320543