3 0.43125 0.70703125 0.0296875 0.0484375
3 0.50546875 0.7015625 0.0296875 0.0484375
11 0.71015625 0.70390625 0.0453125 0.05625
3 0.31171875 0.63203125 0.0375 0.0484375
3 0.36953125 0.61875 0.0328125 0.05078125
9 0.44296875 0.615625 0.0296875 0.0484375
0 0.56796875 0.59765625 0.03515625 0.06640625
4 0.36875 0.52265625 0.05078125 0.09375
3 0.4390625 0.52890625 0.02734375 0.053125
9 0.50625 0.525 0.02734375 0.05078125
1 0.6390625 0.51171875 0.05625 0.08984375
0 0.6890625 0.51171875 0.0421875 0.07109375
11 0.3734375 0.44765625 0.0359375 0.06875
5 0.50625 0.44921875 0.0328125 0.06640625
9 0.25625 0.38515625 0.0328125 0.05390625
9 0.31875 0.38203125 0.03125 0.053125
6 0.43203125 0.359375 0.0328125 0.084375
6 0.55625 0.36796875 0.03125 0.0765625
7 0.30546875 0.2859375 0.0578125 0.1109375
5 0.43828125 0.29453125 0.0296875 0.07421875
2 0.49609375 0.2921875 0.0296875 0.07421875
3 0.61015625 0.30234375 0.02734375 0.05625
9 0.26796875 0.23203125 0.0359375 0.06015625
9 0.32421875 0.2453125 0.02734375 0.0625
8 0.37890625 0.23046875 0.0359375 0.06640625
3 0.4390625 0.2390625 0.0265625 0.06015625
8 0.496875 0.22734375 0.0328125 0.07421875
10 0.26328125 0.14296875 0.05546875 0.12265625
2 0.3140625 0.16484375 0.0375 0.084375
3 0.38671875 0.17421875 0.02734375 0.06015625
9 0.48828125 0.171875 0.025 0.06015625
9 0.54609375 0.16328125 0.025 0.0625