8 0.7151687634608491 0.779234793643678 0.057287314264907255 0.06540699400710608
2 0.6379243018615088 0.7986598230423201 0.05232702962517131 0.055786332541716985
3 0.566253890341311 0.7878617639063515 0.036565637305303156 0.050279960990419426
3 0.2892965852476038 0.7600455438708206 0.038977583465237144 0.052746541723114146
8 0.21225671212806563 0.7724393232694629 0.057037261678482484 0.05681324400710626
6 0.7038568419115213 0.6839665592475102 0.05271347453146404 0.069067582541717
5 0.43444761236549245 0.6925382185651929 0.03686115399835046 0.060436210990419424
10 0.30249893039132336 0.655890310379164 0.058128400237426804 0.09431324400710625
7 0.22669494833801207 0.652700033355371 0.06973348997087019 0.09102114767057934
9 0.6312437075092122 0.598004725801282 0.03272758346523723 0.052418993102595124
4 0.5655277792959668 0.5976904652858326 0.0495346502374268 0.09386286465389251
9 0.3732720831360327 0.5899620952048731 0.028889529625171127 0.05455802521477064
6 0.7010226615867049 0.5124633734718614 0.04763116943775678 0.08206222749876275
3 0.6265083948936575 0.5187299836031982 0.03288670783841656 0.057887743102595125
2 0.2453947872135256 0.4940620177515388 0.045060098904643374 0.0741268967660682
9 0.6937390104913483 0.44009705054108295 0.03757420783841638 0.058133404567984215
9 0.572045866917839 0.42745985244096224 0.03139240399835046 0.06014960594746519
9 0.38027590406485756 0.42992867593756773 0.028912261678482487 0.055339275214770646
11 0.3202333143314142 0.4228697704650723 0.04034986685133202 0.07309998530067893
9 0.2553441002247916 0.4210339535271876 0.03920490399835046 0.060559041723114146
3 0.5676826273426803 0.36228855382044334 0.02904865399835046 0.06002677521477064
5 0.3905661978757936 0.34518186171321646 0.034903848904643375 0.0735946302577248
3 0.3231513773426803 0.34947321404263715 0.03295490399835055 0.060231493102595034
9 0.2651115568095669 0.35425588930283636 0.037506011678482484 0.055789654567984306
3 0.6908222621407009 0.29832230834299905 0.03306856426490725 0.06413774310259512
9 0.5150410121407009 0.28911000339090204 0.028381064264907253 0.06389208163720586
11 0.44787624419401234 0.2848076057203227 0.03340954506457727 0.07585649310259504
0 0.3928166711536164 0.2678381117132165 0.03542668613080417 0.09156338025772479
3 0.27229958267381427 0.2685640507682256 0.03456286810497318 0.061875880257724794
0 0.623055752111571 0.20713738636216025 0.03554034639736088 0.09546963025772479
3 0.5179136110453443 0.21727594696846692 0.026818564264907252 0.0638101944820761
1 0.44986830469799577 0.1894541621427578 0.042032038796371296 0.1309124853006789