9 0.5718166354460423 0.7230270051309023 0.030614873575104264 0.04053473423243048
6 0.5143859951534381 0.7407788560045828 0.03639274810013902 0.05394327080156245
5 0.37864851690493123 0.7525365864372914 0.03946319671336802 0.051672255983923596
9 0.29901556829170206 0.7567350835874997 0.03933591014423614 0.046203505983923775
3 0.7823164179311117 0.6321435127303465 0.043242160144236055 0.04629442496187508
5 0.7117129772016672 0.6212800543334717 0.044332534669270986 0.059593858757465236
9 0.5676181382958339 0.6433940565176732 0.03081489532659738 0.04912848423243048
3 0.5091334910693754 0.649445341186944 0.02847114532659738 0.04907393284565984
0 0.7681610393220144 0.5277287696642008 0.05301720364722229 0.06370013050895836
9 0.6261553772779171 0.5388507204616314 0.03404899810013902 0.05388871941479181
11 0.5738116272779171 0.5400690347661801 0.034267203647222286 0.06326371941479181
3 0.4383105383720839 0.5619830151988886 0.03081489532659738 0.04912848423243048
0 0.3741753031897227 0.5603490864372913 0.039790505033993104 0.0657347559839236
3 0.30340886151034774 0.5760663118360067 0.03711944671336811 0.05161770459715278
9 0.7541517842880212 0.46317596039364517 0.039517748100139014 0.054016005983923775
1 0.49454039494534763 0.4590567305296176 0.04427863649288213 0.09082567496187507
3 0.3701404601998268 0.4877473878240622 0.03399444671336802 0.05154496941479181
4 0.3062773287409379 0.4642202752668748 0.060830356857604254 0.09745753466927098
11 0.6788413533422226 0.3844164871791314 0.04222517401194459 0.06969555737069441
8 0.560508927430417 0.3715372403132634 0.03292290919430556 0.07260235182361115
2 0.37028397093340315 0.3931615864372914 0.03995415919430556 0.0727660059839236
3 0.31675958064079895 0.4108225183330205 0.03639274810013893 0.05394327080156245
3 0.7300206872140628 0.29958623907899246 0.03646548328249999 0.057068270801562536
9 0.4936656131258683 0.32072092914284683 0.028707534669270986 0.05923018284565975
3 0.426459929330278 0.32150348556361075 0.02865298328249999 0.05688643284565975
9 0.3092906131258683 0.3250123049021525 0.03719218189572917 0.05474270459715278
10 0.7365778521079516 0.2118862173274994 0.06364688554295164 0.11782458605604171
2 0.6602881090418057 0.22538697929534668 0.037719511967847195 0.07739895459715278
6 0.43219947663298636 0.23225914760770797 0.03334113649288213 0.09057110182361114
7 0.36096025626826406 0.22766387300642332 0.05581620174736113 0.11686149810013893
8 0.6095964715989932 0.1632513084175342 0.03681097539871523 0.07191202080156253
9 0.36780901510197933 0.18607578505052053 0.028798453647222288 0.06313643284565976