9 0.5332739057807172 0.7617724855225794 0.03084683471887839 0.041226467535011226
6 0.47498403266117906 0.7754860750596626 0.03670202962517131 0.05476242865988183
5 0.3387964800747543 0.777748434241453 0.03975883346523705 0.05256422787409356
9 0.2590407839148202 0.7763806792790543 0.03959970909205772 0.04709547787409356
3 0.7482744316449647 0.685732332088976 0.04350595909205772 0.04727741439185813
5 0.6783256444979461 0.6699574747692123 0.04467365399835046 0.060595051695410976
9 0.5332488252184739 0.6819758236119207 0.031096887305303154 0.04982021753501122
3 0.4745186828986059 0.683934275845451 0.028753137305303156 0.04971105562435252
0 0.7396017767886842 0.5804990225356821 0.053381064264907255 0.06490156203449331
9 0.5971869562555708 0.581689033289049 0.03435827962517113 0.05465326674922295
11 0.5448432062555708 0.5792510839510028 0.03463106426490725 0.06402826674922295
3 0.4083601369760987 0.5916696931327932 0.031096887305303154 0.04982021753501122
0 0.344388565189344 0.585560934241453 0.040168010424841326 0.06662672787409356
3 0.27288563822973994 0.5963121896181366 0.03741508346523714 0.052455065963434674
9 0.7289885372135256 0.5150730756788352 0.039827029625171304 0.05490797787409356
1 0.469909053906573 0.4928362408992628 0.04480168613080408 0.09180866439185813
3 0.3441588961472987 0.5127955223307943 0.03429008346523714 0.05230951674922295
4 0.2816050718532616 0.4848481507430071 0.06138979255729495 0.0988227977664696
11 0.6578924387045937 0.43118391914485993 0.04262542069139794 0.07064213978475227
8 0.5403783297708205 0.4100644363083677 0.033341348904643374 0.07333049214211709
2 0.3492532245979709 0.418373434241453 0.04037259890464338 0.07365797787409356
3 0.2948696014784328 0.43226896029630096 0.03670202962517113 0.05476242865988183
3 0.7134497684089072 0.35006450578645903 0.036792957838416386 0.057887428659881744
9 0.4762763773426803 0.35466415280992164 0.02904865399835046 0.05986730562435252
3 0.40911160939599156 0.35075359470436973 0.028980457838416563 0.05752355562435252
9 0.2919013773426803 0.34607674917143044 0.037506011678482484 0.05558006596343468
10 0.7245895083797772 0.26296476612554126 0.06432457594338974 0.11924445967712849
2 0.6476860275801071 0.27111756037735424 0.03816524122451135 0.07823631596343468
6 0.4195155634734844 0.26205496773989906 0.03386418613080409 0.09129924214211718
7 0.34860366989997515 0.2524937231165826 0.05648934389007838 0.11809933664159918
8 0.6003085738983257 0.20554391025351976 0.03722486685133184 0.07273117865988174
9 0.3576209687254762 0.21145134615211184 0.02916231426490725 0.06377355562435252