3 0.440625 0.72109375 0.0296875 0.0484375
7 0.66015625 0.71484375 0.06640625 0.07421875
4 0.7296875 0.71171875 0.06953125 0.071875
6 0.38671875 0.6109375 0.0375 0.05859375
6 0.578125 0.63046875 0.0359375 0.05859375
3 0.6390625 0.6421875 0.0328125 0.0484375
9 0.315625 0.521875 0.03515625 0.0484375
9 0.52109375 0.546875 0.02734375 0.05078125
9 0.57890625 0.5390625 0.02734375 0.05390625
3 0.6484375 0.53515625 0.0328125 0.05078125
3 0.7125 0.53984375 0.0359375 0.05078125
9 0.33046875 0.43671875 0.0359375 0.05625
9 0.5140625 0.459375 0.02734375 0.053125
0 0.571875 0.45546875 0.0328125 0.07421875
3 0.64375 0.46171875 0.0328125 0.053125
3 0.71015625 0.45703125 0.0359375 0.05390625
2 0.46015625 0.38046875 0.0359375 0.05859375
9 0.57890625 0.3734375 0.02734375 0.05390625
11 0.26875 0.2859375 0.0421875 0.071875
8 0.7140625 0.3046875 0.04296875 0.07109375
2 0.39609375 0.21875 0.0375 0.071875
9 0.4671875 0.23046875 0.0265625 0.0625
3 0.525 0.225 0.0265625 0.06015625
11 0.57890625 0.23046875 0.0328125 0.0765625
8 0.696875 0.225 0.04296875 0.07109375
3 0.2921875 0.14765625 0.03125 0.06484375
9 0.403125 0.15625 0.02734375 0.0625
10 0.46015625 0.1421875 0.040625 0.115625
5 0.521875 0.14921875 0.0296875 0.0765625
5 0.578125 0.15859375 0.03125 0.0765625
0 0.63515625 0.15234375 0.03515625 0.09375
1 0.69921875 0.146875 0.0578125 0.12109375