3 0.44482020071524353 0.7390478429268184 0.029969301131468028 0.04964717292769336
7 0.6643150892789251 0.7417430558921303 0.06683804205628192 0.0769245973382617
4 0.7338281585607659 0.7414512372227808 0.06994940651766246 0.07470818133065045
6 0.39027308040013053 0.6266950815581118 0.03784088846548563 0.06012175790866543
6 0.5817929598886258 0.6540255385919249 0.03627838846548563 0.06005809091247087
3 0.6427986375817228 0.6682273014435062 0.03309430113146803 0.04977450692008212
9 0.3186611799325923 0.534735733231267 0.03543805113146821 0.04987000741437377
9 0.5242753756778662 0.5681079432308296 0.02763918667008767 0.05189542243340188
9 0.5820424238824682 0.5626511220900221 0.02765736738824671 0.05502042243340188
3 0.651550947984769 0.5615780534206725 0.03310793667008767 0.052118256920082116
3 0.715640719062008 0.5688759002646425 0.036232936670087666 0.05224559091247105
9 0.3330095053627532 0.4501843196951138 0.03626475292686617 0.05771434091247105
9 0.5167350655694076 0.4803214417479548 0.02765282220870695 0.054239172433401706
0 0.5745248396717086 0.47877087060714735 0.03324429205628192 0.07555575692008212
3 0.646436201108027 0.48794955243208926 0.03312157220870695 0.054462006920082115
3 0.7128151800307881 0.485967899770351 0.03625111738824671 0.055370590912470874
2 0.4623697524358869 0.39921868037924824 0.03627838846548563 0.06005809091247105
9 0.5810788458200287 0.3970261220900221 0.02765736738824671 0.05502042243340188
11 0.27041353571157006 0.29688822334543535 0.04260565651766246 0.07359400889724857
8 0.7158351200205255 0.33378331726083693 0.043382361338122524 0.07284459239534576
2 0.39736640027114645 0.23488958353527822 0.03791815651766237 0.07340300790866543
9 0.46852832796424354 0.24950518186212306 0.026926114363184796 0.0635823389353046
3 0.5263090117074649 0.24639211072131556 0.026912478824565333 0.06123858893530461
11 0.5802470779642436 0.25405737209002205 0.033257927594901204 0.07789950692008221
8 0.6981840117074649 0.2533954803026986 0.043382361338122524 0.07284459239534584
3 0.2930465389330239 0.15956197828835122 0.03162724990180408 0.06611708992388783
9 0.40403403590796183 0.17267608501815299 0.027707364363184793 0.06361417243340184
10 0.46098347267624523 0.1609374303792483 0.04129768657189174 0.11728034190105419
5 0.5227431292921034 0.17048352672892678 0.030132927594901205 0.07777217292769345
5 0.5790476714465813 0.18215053859192487 0.0316954275949012 0.07783583992388783
0 0.6360425600102627 0.17822438395302015 0.03570167154477701 0.09518250741437381
1 0.700073243753484 0.1753659807969902 0.05851700282867043 0.12344942885919244