3 0.5761586433298269 0.7504093515364512 0.03081489532659738 0.04999335594746519
7 0.3564819229651047 0.732654206240721 0.06813371058107638 0.07769895409301456
4 0.2868779377827437 0.7258852278374471 0.07120415919430556 0.07551897840327407
6 0.6275009781515978 0.6430782083884277 0.038863784669270984 0.060559041723114146
6 0.4365493230413547 0.652578281885033 0.03730128466927098 0.06047715456798421
3 0.37588457997520885 0.6611034328349726 0.033939895326597205 0.050157130257724704
9 0.696521775454306 0.5577415739468313 0.036283645326597204 0.050279960990419426
9 0.49163490691319484 0.5719734130472689 0.02852569671336802 0.05221427521477064
9 0.4336405689572921 0.5611310883074682 0.02859843189572935 0.055339275214770646
3 0.3640183999793407 0.5535808599041943 0.03399444671336811 0.0525008802577247
3 0.3000650027528824 0.5549109865438744 0.03711944671336811 0.05266465456798421
9 0.6796959917349656 0.4718073959730987 0.037246733282499986 0.058133404567984215
9 0.4966295718070837 0.48484190524535287 0.028580248100139018 0.05455802521477064
0 0.4387261528291323 0.47790583050555197 0.034539960581076376 0.0759383802577247
3 0.3669966231938545 0.48038902136958334 0.03404899810013902 0.0548446302577247
3 0.3004812704203129 0.47222131727656896 0.03719218189572917 0.055789654567984216
2 0.5486992584524655 0.40876076209732926 0.03730128466927098 0.06047715456798421
9 0.42978560429215307 0.39550608830746814 0.028598431895729172 0.055339275214770646
11 0.7379052691860419 0.3242606886007239 0.04386040919430556 0.07408595318850324
8 0.2930291802802086 0.3196728493887446 0.044623475398715404 0.07334564676606821
2 0.608997712765278 0.25039938545764906 0.039172909194305564 0.07384029172311397
9 0.5381767196991321 0.2583922698992454 0.028017203647222287 0.06389208163720576
3 0.48023693313000015 0.24989369515944454 0.027962652260451294 0.061548331637205855
11 0.4264579696991321 0.25253733830746816 0.0345945119678472 0.07828213025772479
8 0.30836193313000015 0.24088610809517186 0.04462347539871532 0.07334564676606821
3 0.7112492373665626 0.1847511312737776 0.03275925503399311 0.06648149310259503
9 0.6005117591180558 0.18753089325956523 0.028798453647222288 0.06393302521477065
10 0.5431532007974307 0.17047951209732926 0.0433162017473613 0.11775406603337357
5 0.48159810495774324 0.17427621946970406 0.0314695119678472 0.07811835594746527
5 0.4255663105048265 0.180703281885033 0.0330320119678472 0.07820024310259503
0 0.3683895901401043 0.17146440072279706 0.03733830547083343 0.09559246099041943
1 0.30419980357097237 0.1626382773624772 0.06063098831649309 0.1241235747398008