4 0.583073021329036 0.26617687346135366 0.07981484456891899 0.17939568133065045
1 0.7781293741433986 0.44996032996369395 0.0963421919098483 0.20890676779449713
5 0.7933015349067387 0.6979694070360006 0.0890232445971538 0.15015385030401127
3 0.6725233872269911 0.3763238531953986 0.05728812620953718 0.11378792737631774
3 0.6624944817959101 0.2005890241459257 0.058949336746998426 0.1021646778706093
3 0.653991008033682 0.119098943613578 0.05269933674699843 0.10191000988583174
3 0.5163082684864386 0.048845405856043154 0.05104583148532651 0.09769081171208631
3 0.4980154818664972 0.2813336412558508 0.05742463410204497 0.11613167737631773
3 0.5940883031108287 0.4785031185184378 0.0654646472562245 0.12035626235728962
2 0.41760066879702223 0.37735840707318163 0.0720254603962868 0.13932909684397005
11 0.20223806321064935 0.051895439838589776 0.06661762357870131 0.10379087967717955
11 0.21293149544419981 0.7333086126241197 0.07436921039628679 0.1394245973382615
7 0.2449290082454436 0.3578947771488562 0.08733891823232484 0.20152534931542795
8 0.4997130317112054 0.11837072623682277 0.0622332314429741 0.1451652613687065
8 0.13049696899466628 0.5963762984033945 0.08498048670464602 0.14765093281352523
6 0.4062782189946662 0.5851390735750843 0.0689914656579587 0.14076426285158128
10 0.34635427132903607 0.275822423384804 0.07287459983059072 0.18067167984777566
9 0.4183279818664972 0.2845806580617648 0.05687860253201382 0.10675667737631774
9 0.2825248026873057 0.050770326815865505 0.05935886042452161 0.10154065363173101
9 0.27475926336594114 0.20703527270023195 0.05692410516284987 0.10753792737631773
9 0.22420917163961965 0.6065869451336339 0.06523713410204497 0.11645001235728962
9 0.40387501386005126 0.720072489088404 0.06923438936371688 0.11817167984777566