6 0.5072977045699176 0.7451389514434296 0.03829593152767874 0.055133933302444225
3 0.5745762098315894 0.7490476906436564 0.03219014469597585 0.04400546034428636
2 0.703163941415738 0.748080446085952 0.051713689420186525 0.05794147477225664
3 0.7711249861399486 0.7637079352861788 0.040783894695975854 0.04430556070710594
3 0.36910048357969993 0.674821473042976 0.038440144695975856 0.04422371515360979
3 0.4386317335796999 0.677249557796699 0.03375264469597585 0.04406002404661713
5 0.49834066254713 0.6582837921876024 0.03622519731269449 0.0597395877489479
9 0.6338231362387707 0.655218334290387 0.0325086631118273 0.04947421034428636
3 0.693842878346263 0.6549752868301248 0.03797741311182747 0.049665183302444224
7 0.28740389157102975 0.5706126334799295 0.06773280254613132 0.09202629809323426
8 0.35854314420186567 0.5738765319359834 0.04426521046687393 0.06391865626060227
0 0.6148841494635375 0.5843874791182438 0.0389329683593818 0.06607143330244422
8 0.7448523705243424 0.5803497982628703 0.05387542889684287 0.05489832032575279
10 0.35077687585660133 0.4940799045313217 0.06355353676111575 0.08720238883740716
1 0.6787807785156721 0.47668659572313227 0.061293086746998425 0.10193701143274544
9 0.7377308442865702 0.498236702709374 0.038758663111827296 0.04969246515360961
11 0.29742509172632153 0.4080134297590652 0.046836473621053545 0.0679067518140986
5 0.48125406015629046 0.40507694663410626 0.03668022362105354 0.0675520877489479
9 0.6712798206796341 0.4148314364673052 0.03590667889684287 0.0542708377489479
0 0.4169115681193854 0.33110124409436825 0.037590276237772 0.08317708774894798
11 0.47370759968941645 0.34244053737827906 0.03382823940606912 0.07213046034428619
3 0.5276138496894165 0.3443229851086936 0.029838689420186526 0.05717758293962456
4 0.7179357418251435 0.31900307049538884 0.06147509727034208 0.10506201143274545
6 0.29581084186749584 0.25982146641955406 0.04774652623777209 0.0835317518140986
9 0.40798461817585513 0.27153527113621023 0.02970218152767874 0.05483383293962456
3 0.5877708287133162 0.2661186287554241 0.02997519731269449 0.05952133293962447
3 0.28582962613895 0.19554071161023062 0.03475370257436623 0.06124752404661713
2 0.35131811824644227 0.19548863710812658 0.04596421835938171 0.06631696996293313
9 0.40103739718563747 0.2058011437315485 0.033327710466874015 0.06353671034428628
9 0.46138336298477045 0.19777287812245192 0.029838689420186526 0.05717758293962456
9 0.5165713919239655 0.20827635770403186 0.02841269731269449 0.0594667692372937
9 0.6334480787839034 0.19364591723001148 0.03319120257436623 0.06119296034428627