10 0.36017875851812137 0.6827947457768578 0.0546932284896446 0.0913895296251713
9 0.4431685365212985 0.6953605934278599 0.03200002232113448 0.04387803213245363
4 0.6351787585181213 0.6907964285424498 0.05695515787279355 0.08677022578510503
9 0.43138951095375333 0.6020963267348126 0.030573890015886108 0.05164506802583091
2 0.4957383831127319 0.6203666051063425 0.03844093709378669 0.054997388558944316
5 0.5665048506453279 0.6036852219576745 0.037069351866439074 0.0658894244523216
11 0.6997264537295829 0.6309871710206023 0.043278441558013726 0.06372753087881229
3 0.3102627589251584 0.5072120725781775 0.03687843709378669 0.054951924452321776
6 0.38275536769145646 0.4999511535361322 0.03889095048646727 0.08077863855894432
9 0.6927985693957398 0.547234296647423 0.036042640015886106 0.05180419239901042
3 0.2566371525944925 0.43225152500631764 0.03848184740221221 0.057341138558944314
3 0.32370192166921596 0.4271752315910929 0.03379434740221221 0.05720474623907634
3 0.5691916996723931 0.4444693463308539 0.028284687093786686 0.05470187186589683
3 0.6872559070587194 0.4533706363808663 0.03383525771063774 0.05954849623907634
7 0.25568653287114584 0.33305550705962894 0.06447733157389965 0.11509981426490726
1 0.3120865373353728 0.3432859648980455 0.06062562865180032 0.11811115399835055
8 0.38017801826064923 0.35229490353613213 0.03414890340856669 0.07751724623907634
9 0.56344053165333 0.3833954540109858 0.02832559740221221 0.05704562186589692
9 0.6298195081143796 0.38376517854244974 0.027585257710637735 0.05936663981258557
5 0.6836439374975285 0.38064619022093227 0.03875458279171564 0.07296613855894432
0 0.3861046899331605 0.2892182420159342 0.03281822848964451 0.09075303213245363
3 0.5589518547058129 0.30517952579774044 0.027585257710637735 0.05936663981258557
6 0.27066487621616836 0.20699311223247846 0.04453697848964451 0.09109401293212374
9 0.5000075028393738 0.23865360385270123 0.026022757710637733 0.05932117570596294
3 0.6210057954530476 0.23670832211595902 0.028434691558013547 0.06329562186589684
8 0.2799347362002823 0.1565073789255259 0.041865946022240405 0.07227581677218971
9 0.340145533278183 0.1613827470304991 0.027653441558013546 0.06327288981258557
2 0.402481892044481 0.15382631129540636 0.03111936079489297 0.08289506802583091
3 0.45041087743398434 0.17083796654739813 0.02613185186643907 0.0655711757059629
11 0.5056614391223816 0.15995194233250334 0.031078450486467447 0.08055131802583096
9 0.5589500803560836 0.1708727219576745 0.027612531249588023 0.06092913981258556
0 0.6166807597392326 0.16786739390271369 0.03288641233702041 0.09465928213245363