1 0.74140625 0.5984375 0.084375 0.196875
5 0.85625 0.740625 0.06875 0.1390625
11 0.65546875 0.72109375 0.06640625 0.1390625
8 0.5296875 0.12890625 0.05078125 0.13828125
4 0.61875 0.290625 0.06953125 0.1765625
3 0.6984375 0.2265625 0.0453125 0.10234375
3 0.7171875 0.40625 0.05546875 0.10546875
3 0.64140625 0.50390625 0.0515625 0.1078125
3 0.53828125 0.29921875 0.0484375 0.1078125
2 0.459375 0.38984375 0.0625 0.1359375
9 0.4546875 0.2953125 0.04921875 0.10078125
10 0.38125 0.28515625 0.06953125 0.171875
7 0.2859375 0.35703125 0.071875 0.19453125
11 0.23203125 0.04921875 0.06015625 0.0984375
9 0.30625 0.046875 0.0453125 0.09375
9 0.30859375 0.20390625 0.05078125 0.1046875
9 0.2765625 0.6046875 0.0578125 0.11328125