1 0.2200198010036411 0.3045829696991321 0.08934278611233468 0.21128429853697925
0 0.3936259705110873 0.16944816954663228 0.06277779691210786 0.1435331008736806
5 0.42693203303229177 0.08890733757465315 0.058407755442295616 0.13016093189572922
5 0.4911185294040948 0.17640864399541706 0.06304069173996467 0.1287075346692709
3 0.3028942991895426 0.3495155696228822 0.052338804716656195 0.11284614532659729
3 0.22958570772757952 0.7919199687492016 0.06670140507947586 0.1217672036472223
3 0.37185508639818565 0.5465918977951392 0.05975200063297219 0.12394729948690983
3 0.4338962402117172 0.6731375204203129 0.06694694173996467 0.12879845364722228
3 0.5758382697854479 0.19089067771475743 0.05209326805616747 0.1058148953265973
2 0.5498089939247321 0.2645639138470491 0.07118057395394999 0.1382643726251737
2 0.7307811638955146 0.6573729289490284 0.08570686542376223 0.15187293094579868
7 0.8201338736916466 0.42723279369041733 0.08764387685650732 0.2073416809457987
6 0.8094965071715761 0.1720906988006604 0.07686757876327341 0.1446416591943056
6 0.629744486668338 0.43843913136197976 0.07242561542376222 0.15156380642076392
11 0.7981249867531561 0.11709407427562568 0.06953622840045348 0.1358842550339931
10 0.6495039482785687 0.16367552070465333 0.07742313947037935 0.18290472539871533
8 0.7365078303229178 0.8068462520872923 0.08388147059590523 0.16666212955902787
9 0.720106624957591 0.1793927461033687 0.05710815027015244 0.11529899810013892
9 0.7288119584453697 0.3555194882195839 0.0614682680561673 0.10603310087368065
9 0.7253471633473604 0.45473823821958403 0.07044396397248338 0.1171706226251736
9 0.6246700623515684 0.5837516313619797 0.06694694173996467 0.12879845364722228