7 0.15746523730131026 0.29882675664386465 0.08786213166583093 0.21265508867759042
9 0.2713690245947713 0.16786656329568356 0.062331363609663626 0.10771305000795417
9 0.24976929918954255 0.339142126631138 0.06500249582364877 0.11711532200827239
11 0.4250693995523623 0.3285120672740482 0.06576638765628076 0.13899032200827238
6 0.4285540089008567 0.4299927512730937 0.07161708357259684 0.14999145667568142
9 0.3374155990120573 0.5575643152848659 0.0689905913771451 0.11950452534213589
10 0.7623883502780016 0.30740648989500485 0.08211063947037936 0.18213179467695415
1 0.683754918789656 0.3005121472390498 0.08912453130301135 0.20407952001113588
5 0.2685838196927806 0.06872053862986534 0.06530259618646853 0.12570907200827236
3 0.33216015853803693 0.4397046532861385 0.05958830952597962 0.11861418734086335
3 0.5181621128070555 0.6593251679265034 0.0682093413771451 0.1194954346753633
3 0.5771130491895425 0.33533313725336733 0.05724455952597971 0.11858691534054513