1 0.7626032238801039 0.31556728865642425 0.08692269101378489 0.21206554853697918
0 0.5963268732907638 0.1717776550133338 0.054090700797430814 0.1433694467133681
5 0.5700748042365624 0.09065428837208381 0.06555487765916687 0.13270470364722226
5 0.5109290082650343 0.44884734165871565 0.07476687670923639 0.15946722539871522
3 0.6749025489182289 0.35573638734590335 0.06052188554295146 0.11775185087368065
3 0.7264383733876729 0.7946729071975354 0.06379235590767376 0.12407458605604163
3 0.530546604770312 0.6806792231176046 0.06697190729444458 0.12649107123840295
3 0.5969191000206593 0.5493396105604171 0.058432708681215396 0.12863479948690965
3 0.41298704321864566 0.19017889684520867 0.05323606240468752 0.1066506967133681
3 0.4896586459921874 0.18727340881305596 0.057959929995868006 0.10832229948690975
2 0.5898917692829511 0.347504353626563 0.06995209014010424 0.1538893726251737
2 0.425657123387673 0.7876721458952781 0.07493053086954866 0.16649847539871523
10 0.34425588022461795 0.1541855390376739 0.07062489057694457 0.18279562262517368
8 0.2175354988626382 0.796116506268264 0.09050097948277794 0.1645184013105208
11 0.19561966489388882 0.09210050028434044 0.0670264586812154 0.1288348212384028
6 0.3455040300165274 0.4363986269935767 0.07078789152687515 0.15625130642076393
6 0.18713371124666653 0.15443684612402792 0.06780836189159736 0.16242857123840287
7 0.15066430870187467 0.411540178096007 0.09853233824024321 0.20765080547083342
9 0.41131740007624995 0.09399422786725728 0.06039459897381949 0.11228310087368061
9 0.27114503533486095 0.172025696047778 0.058123584156180644 0.11535354948690975
9 0.25001165169177053 0.3411569025447919 0.05185540036059031 0.11442682912218753
9 0.2499369568782635 0.44511770393156275 0.061339503134132126 0.11933253466927099
9 0.34401165235736064 0.5676849945847573 0.067716789703264 0.1249467550339931