11 0.1955469297115277 0.08602449971565955 0.061466789703264 0.1248012846692709
7 0.15851513592420113 0.301613785334861 0.08984766926229182 0.2035445337193403
6 0.18173769642902765 0.14256544044510402 0.06119468597979179 0.1466581008736806
10 0.34423769642902763 0.1387832109623261 0.07378625816812515 0.1844308578075348
8 0.21682698404499937 0.7820266775273261 0.08882937670923621 0.15979453371934033
9 0.26956435153927066 0.16004192154340255 0.05416278276940982 0.1129188805089584
9 0.2507201665094095 0.33226241365961784 0.053326981382639006 0.11055694671336802
9 0.2491557068782635 0.43302547986402756 0.058886650360590306 0.11459048328249999
9 0.34392073337940926 0.5549712554152427 0.06275653276940982 0.11311890226045147
1 0.7648924224933331 0.28203440995680495 0.09150108824024325 0.2074871513105209
0 0.594709821903993 0.14622746257784672 0.05665265634451409 0.15279899810013892
5 0.5692390028497917 0.06711408508348068 0.058596362841527846 0.13422817016696137
5 0.5037178799402775 0.33183961388836763 0.06406511284152785 0.1357933360560417
2 0.23114667002479114 0.6364596043890624 0.07727428086954875 0.16655302678548622
2 0.3397807068782635 0.4309161595755553 0.06837140634451408 0.15307175503399312
3 0.4176018080362846 0.17377450038124964 0.053290613791458344 0.10899444671336811
3 0.6764104975314581 0.32625849506291604 0.04951165036059031 0.11437227773541672
3 0.5031093229508328 0.794103224545694 0.06055825313413195 0.11931435087368066
3 0.5274761561570827 0.6529872620647564 0.0589412017473613 0.1169342332825
3 0.5944662472471176 0.5257149408263537 0.05821450313413212 0.11925979948690965