1 0.725 0.63671875 0.07421875 0.196875
5 0.85 0.7796875 0.06953125 0.1359375
11 0.64453125 0.771875 0.06875 0.1359375
3 0.67578125 0.2546875 0.04921875 0.10078125
3 0.62421875 0.54296875 0.0515625 0.10078125
4 0.5953125 0.32421875 0.06484375 0.171875
2 0.4375 0.43515625 0.0625 0.1390625
3 0.51015625 0.3390625 0.04453125 0.10078125
10 0.35546875 0.33203125 0.06640625 0.16953125
7 0.259375 0.41796875 0.0671875 0.19609375
11 0.17578125 0.25 0.0625 0.125
9 0.43125 0.340625 0.0453125 0.1
9 0.35390625 0.18125 0.04921875 0.10703125
9 0.27265625 0.08984375 0.0453125 0.10234375
9 0.25390625 0.66953125 0.05625 0.11796875