1 0.3083690157153739 0.6495270808506308 0.08453653154634874 0.20033179383752825
5 0.19086169040974615 0.7866738622821623 0.07665543249628844 0.13917597001621046
11 0.3959210046340974 0.7884312231165825 0.07587418249628844 0.13913958271265764
3 0.33756635628614956 0.2697882309744654 0.05450047150586901 0.10307365012383451
3 0.4042370364075888 0.5604710430089587 0.05684422150586901 0.10318281203449331
4 0.4216790846894235 0.3430673732404171 0.07385133706427265 0.17489514619489305
2 0.5853055727036359 0.46135510855810863 0.06978795680654777 0.14197348428423434
3 0.5076132626631562 0.3618773393276863 0.04981297150586883 0.10285532630251693
10 0.6619322704650723 0.3620507754311662 0.0752910063315781 0.17262417080199893
7 0.7625298139972086 0.45246391376817635 0.07746433796878378 0.19922305810555194
11 0.8373206948207603 0.28838860524833976 0.06905097241038013 0.12791098428423436
9 0.586601399818286 0.36711495698653207 0.05055327792830404 0.10211046360606986
9 0.6555926599950512 0.211342300038272 0.05482802012638786 0.10932365012383452
9 0.7320522614199607 0.12372032960777664 0.05067610866099877 0.10445421360606985
9 0.7811823959730987 0.704281124893047 0.062432480212296325 0.12058863585581073