1 0.24019101269868975 0.30211753278470377 0.08678078130301126 0.2035886083130606
0 0.4070734339354164 0.16014872228346175 0.05841767912609299 0.15187157220870703
0 0.6587227910064761 0.5443475020431034 0.07161708357259684 0.1496050902608836
2 0.4157465734057958 0.3414123578220812 0.06302333357259685 0.14955509328594588
2 0.5835045693142625 0.7837049178323439 0.08614337504240907 0.16296815349260035
5 0.4303174717770316 0.08764246320827544 0.05835319173996467 0.1276573673882468
5 0.49415680480147417 0.43950494505790283 0.07123513765628076 0.13866759026088377
3 0.2859574467189242 0.7850982044276767 0.074060037293461 0.130092020979043
3 0.328328418959292 0.3432470477136226 0.05778027286549072 0.1112511173882468
3 0.5163219483633867 0.1795305022394952 0.05063989546082901 0.1080852107723885
3 0.5860441713215447 0.18540377321853815 0.060069459163159776 0.10970225292686626
3 0.4086682273041452 0.5413305445903646 0.060314995823648763 0.11673350292686635
3 0.4794941371929446 0.6682793848512484 0.06837303248413758 0.12381020472226431
7 0.8533854718618497 0.4150377728257547 0.08934278611233495 0.2098522438516799
8 0.7924257015282477 0.7942934807694728 0.08140131134007796 0.16137838241536145
10 0.6590352380191005 0.15067931527482004 0.06874754391688302 0.1792698643631847
11 0.8022470354793624 0.09136846866922446 0.06452134618646851 0.12534997882456528
6 0.6593725770339928 0.42874977312034235 0.06765626987026589 0.14801986436318462
6 0.8177381154237622 0.15472698672140123 0.06294148801910034 0.14721134328594587
9 0.592063503628197 0.08936456537301589 0.056780768056167476 0.10499657220870699
9 0.7324553798517324 0.17297701697202222 0.05530011360966362 0.10733123184962738
9 0.7555630415546303 0.342608260921898 0.05538195916315995 0.10967498184962743
9 0.7543676185038051 0.4425809898446592 0.06405755471665628 0.11206872882456534
9 0.7740253871929446 0.6699929175377564 0.07060765507947586 0.12069884026088377