10 0.34524834660559556 0.15739836006628455 0.06823743647369582 0.1828149892002268
7 0.16461999444085512 0.31284228429823613 0.07932038221896978 0.20819693511654275
8 0.44779909134103824 0.6626439099736173 0.06736528288289953 0.16716270734906136
5 0.2706665031232579 0.08290430235440348 0.06165109318774995 0.12478423439090339
11 0.42484494301479936 0.1758061088851582 0.05859427088084708 0.13639385698624168
6 0.4381069705349459 0.4481994640573014 0.059489150369342346 0.15595238883740697
9 0.2755807412194013 0.17840777531256147 0.04908746067419267 0.11341022477225655
9 0.25975068725926276 0.34742067014041833 0.05691359621281204 0.11602679328391083
9 0.34963988905466087 0.3427455830244425 0.05459257211051112 0.1198511977304145
9 0.3545490610904173 0.573432587833766 0.05851700282867043 0.1231126069862416
2 0.23842863652057805 0.6545511238612827 0.07203914734428025 0.16498264845605384
0 0.5072211057789777 0.25369798510869357 0.056336879292103605 0.15115576143274537
1 0.7716830606976337 0.3285715326537736 0.08637435811666876 0.21234872177703162
3 0.6831472806434045 0.3692386834720803 0.0537522347764936 0.10966766587924912
3 0.6046854164766116 0.5587252802067029 0.05227609318774995 0.12445685217691818
3 0.5383150070320829 0.6845586047088069 0.06084711729005097 0.12085070253973793