5 0.83671875 0.73203125 0.0765625 0.13671875
1 0.803125 0.48515625 0.09140625 0.20546875
4 0.596875 0.29296875 0.0640625 0.1765625
8 0.50390625 0.13515625 0.06640625 0.13125
3 0.52109375 0.0640625 0.046875 0.1
3 0.69453125 0.40390625 0.053125 0.115625
3 0.67265625 0.22734375 0.05625 0.103125
3 0.5171875 0.303125 0.0484375 0.10546875
3 0.6265625 0.50390625 0.05546875 0.11328125
2 0.4390625 0.39375 0.0609375 0.13828125
8 0.16015625 0.6 0.07578125 0.146875
10 0.36171875 0.29140625 0.06484375 0.16953125
7 0.26953125 0.36796875 0.0765625 0.196875
9 0.26171875 0.61640625 0.0578125 0.11328125
11 0.25390625 0.74453125 0.06953125 0.13828125
11 0.20390625 0.05390625 0.0609375 0.1078125
9 0.28125 0.0546875 0.053125 0.109375
9 0.43671875 0.30546875 0.05625 0.10546875
9 0.28515625 0.2203125 0.046875 0.11328125
6 0.4375 0.59765625 0.0671875 0.14765625
9 0.4453125 0.73671875 0.05859375 0.11796875