1 0.24594514726171193 0.2963281160599092 0.09827962699575687 0.20964543613080416
2 0.3830139961200294 0.7616455760098967 0.09187311809850832 0.16732154381093628
5 0.3442487015966055 0.15580475296950086 0.06579077916320361 0.14003161810497322
3 0.32137486467564824 0.5350436235817566 0.06489944121648214 0.11815661810497317
3 0.4970102401513493 0.3343890910535915 0.057836357718385044 0.11717077962517113
0 0.48680886368706505 0.5255369282797524 0.06626828163466154 0.15175036810497317
0 0.6537682816346615 0.13115512780489866 0.07605711710992509 0.1621794027447093
7 0.8387958335352783 0.37215689786315836 0.09840696098814554 0.21277043613080418
9 0.6807498646756482 0.52458687905854 0.06274669220506546 0.1227759219450391
8 0.8122665311403701 0.12419677098269655 0.0778424515966055 0.16769361685133202
6 0.49967634783255316 0.06195311605990918 0.06497769566510633 0.12390623211981835
6 0.8793876359301865 0.6197078477840161 0.07970869912514758 0.15604306301126591