5 0.18897828584176188 0.7507363622821623 0.07825887607385326 0.1400299946233165
1 0.2929996432595652 0.6090647466902311 0.09785540309764632 0.21653899069437516
4 0.39960601085413383 0.30852755334804094 0.07775758706427265 0.17507708271265782
3 0.3133133067611194 0.2382642491714305 0.05092177012638803 0.10914171360606986
3 0.38582455110690983 0.5214256596343472 0.0568408994796016 0.11799017473094046
3 0.4805251402073475 0.3208691956139926 0.056431463703953 0.11017767473094038
2 0.5634405387824379 0.4159141759692854 0.08088923111680746 0.1456079065339754
10 0.6359972122336148 0.31330290632457836 0.07602799072774591 0.1866866708019989
7 0.7311293277920186 0.388653970840271 0.08186191089956232 0.2087799946233165
9 0.561570422319523 0.3207472251834972 0.06198210085908258 0.1119948858558109
9 0.6203644889187235 0.16372028328904903 0.057171770126388036 0.10943281203449332
9 0.6971925825417169 0.08312956285855362 0.05371922150586901 0.10303726282028158
9 0.7566084418800842 0.6368924176971179 0.07061347241038014 0.12798375889134023
11 0.8010656122790433 0.23604270119556386 0.0692556902982048 0.13181723428423436
11 0.3808825028250752 0.7394115262597356 0.08150338478028055 0.1573266565339754