10 0.49375 0.45078125 0.05 0.07734375
7 0.4875 0.39921875 0.0484375 0.084375
11 0.640625 0.340625 0.04609375 0.05234375
6 0.69140625 0.44375 0.04921875 0.0625
8 0.61328125 0.4046875 0.04296875 0.05859375
9 0.421875 0.38515625 0.03203125 0.04140625
9 0.440625 0.46640625 0.03984375 0.04296875
9 0.5125 0.5078125 0.0375 0.04140625
9 0.54765625 0.46328125 0.04296875 0.04375
9 0.57109375 0.496875 0.03828125 0.03984375
9 0.77890625 0.49453125 0.0484375 0.04296875
9 0.66484375 0.38046875 0.04140625 0.03984375
1 0.55546875 0.409375 0.05078125 0.07734375
4 0.76328125 0.4296875 0.06328125 0.07578125
2 0.7140625 0.3609375 0.05078125 0.0625
0 0.5328125 0.384375 0.04609375 0.05625
5 0.59453125 0.3734375 0.0390625 0.05859375
0 0.4125 0.4125 0.04375 0.0609375
3 0.47421875 0.375 0.0375 0.040625
3 0.534375 0.3484375 0.03359375 0.03984375
3 0.6265625 0.4640625 0.03359375 0.0421875
3 0.7265625 0.409375 0.040625 0.040625
3 0.7640625 0.3359375 0.04296875 0.040625
3 0.81171875 0.44375 0.04140625 0.03984375
3 0.79375 0.4015625 0.03828125 0.0375