10 0.3215103460168324 0.519068005278301 0.04695933475372307 0.07030854586008459
7 0.357576820789089 0.4700304874213936 0.05135665807470078 0.08443922970746058
11 0.25619042478010573 0.37732656453106633 0.036847724772256465 0.049051154626382584
6 0.14914676189608156 0.46898400487126396 0.049002984390903406 0.061755706168510116
8 0.2420708718775481 0.4462811160731938 0.04431548439090331 0.06167388555165907
9 0.4364012252355927 0.4709969237044014 0.03980903366526398 0.044418201704283435
9 0.3682390130772079 0.5447986623403157 0.03819196996293304 0.042828428165332964
9 0.2806745256910796 0.5705310937520596 0.03668403366526398 0.04436365462638268
9 0.2723734415703287 0.5175833717552367 0.03821925181409851 0.04360967816533297
9 0.22928564048186964 0.5441010073068959 0.04608631551642937 0.04530854586008459
9 0.03878961525412613 0.4990181525977878 0.04382441106992567 0.04761138555165907
9 0.21126730517999234 0.4116839736216759 0.038355661069925696 0.04751592816533297
2 0.17240570182194775 0.38425444886490956 0.047358638837407076 0.05938468262955983
0 0.4197667967424719 0.5001759090939049 0.041054075135076216 0.057713088473758486
0 0.32728168557987897 0.4432322082004004 0.04021826143274545 0.056136951704283254
5 0.2788541092636764 0.4214350746773361 0.03623016587924912 0.05372501785690744
4 0.08609369038920238 0.44119596996822796 0.06506449400955021 0.07452844155801372
1 0.2874280118960815 0.46657029667415884 0.057279275860715725 0.07517332386326192
3 0.3903719626217209 0.4475963798729117 0.037328874409436885 0.04047104139585791
3 0.34949399147766147 0.41083276542457076 0.034040183302444224 0.035728994317957154
3 0.19953614229596814 0.5016777280859028 0.039672624409436794 0.040511951704283435
3 0.19301581298454065 0.4424527325501296 0.039645342558271415 0.03973070170428343
3 0.13744785926367636 0.42390332995234187 0.039563497004775086 0.03738695170428326
3 0.0423709722403678 0.4411783790588374 0.04360615626060225 0.04136138555165925
3 0.14876979438021914 0.345628325488115 0.03258681070710594 0.03882672077900686
3 0.08341512369164664 0.4061079038156038 0.038000997004775126 0.03735967816533296