7 0.5499894613297582 0.38997876899861067 0.0610167367654336 0.10365298328250008
10 0.7706337551672865 0.4591424238245132 0.06336048676543378 0.10370753466927099
6 0.4642167812221345 0.4123096703091315 0.04638915653397539 0.07443760875746541
11 0.41823865529112103 0.5166166170224997 0.05870722001621065 0.07082229948690966
9 0.48533195595307477 0.46265450921496487 0.036703787427387446 0.05080008700597229
9 0.4980459716688405 0.39979083330315934 0.03812073821317572 0.04771145459715278
8 0.5856572876322753 0.4337281157882288 0.051494033498445904 0.06675239532659738
9 0.6372540208830522 0.3996791176880897 0.04675087551672874 0.048692726348645896
9 0.6689235519002988 0.4247511996600689 0.04050087551672874 0.04854725598392377
9 0.7919629456139926 0.4469145275479855 0.03599531203449331 0.05234440321038214
6 0.3566975337033338 0.45469915169177055 0.056690955748187034 0.07779899810013902
6 0.7065027886657325 0.5263312302452772 0.05471107878371626 0.08555694671336803
4 0.5104240012383452 0.4808408115516663 0.05447563833701032 0.09725751291777769
1 0.6178897448282044 0.45409451396461764 0.05345894789030403 0.10893989532659738
2 0.400575966292157 0.4732302929343053 0.05941569540910478 0.06927798328249998
5 0.5474188870941559 0.536290724545694 0.05271193114108108 0.07614557912218753
3 0.36236964495203877 0.5093139165094094 0.04458906203449331 0.05254442496187508
3 0.44021850909622795 0.4511909855636107 0.03812073821317572 0.04771145459715278
3 0.47823223945152077 0.5285158985576385 0.042318086641599174 0.054052373575104264
3 0.5702977690210254 0.607711129655937 0.05127570967712849 0.0620648953265972
3 0.5779047537195444 0.5191571227220828 0.0380843509096227 0.04693020459715278
3 0.6089578546291673 0.5645780722852425 0.04629711124870504 0.055705792553055744