7 0.56328125 0.31171875 0.04921875 0.1078125
10 0.621875 0.39296875 0.05546875 0.09765625
8 0.48515625 0.4015625 0.04609375 0.07109375
6 0.41875 0.33125 0.04453125 0.07734375
11 0.203125 0.53828125 0.0640625 0.06953125
9 0.403125 0.44375 0.03671875 0.05078125
9 0.48125 0.45078125 0.03828125 0.05
9 0.54375 0.4984375 0.04375 0.05078125
9 0.5609375 0.40625 0.0390625 0.04921875
9 0.60859375 0.3828125 0.03203125 0.0484375
9 0.69765625 0.4125 0.04765625 0.053125
9 0.7796875 0.45078125 0.05234375 0.05078125
1 0.559375 0.6296875 0.065625 0.10390625
4 0.46015625 0.5828125 0.06640625 0.10078125
5 0.3125 0.52421875 0.05546875 0.0671875
2 0.55703125 0.4421875 0.05078125 0.0703125
0 0.70234375 0.4359375 0.0515625 0.07578125
0 0.64765625 0.6421875 0.06875 0.08125
3 0.790625 0.5 0.05546875 0.05390625
3 0.7234375 0.60703125 0.05703125 0.05546875
3 0.63203125 0.540625 0.04609375 0.05859375
3 0.54609375 0.5921875 0.05078125 0.05625
3 0.38203125 0.58515625 0.04921875 0.05625
3 0.4046875 0.49140625 0.04765625 0.05703125
3 0.3234375 0.490625 0.0484375 0.053125
3 0.1921875 0.59453125 0.06171875 0.05703125