7 0.6175078627068618 0.2925212388817102 0.0591488280155902 0.11518009328594588
10 0.25455551873804216 0.5243358829063408 0.08988120735199914 0.13801360528799833
8 0.7113776834022696 0.5037082028755526 0.07607269867918127 0.09262383723582168
8 0.6509027127227702 0.40952238652057804 0.06027497601049951 0.07768918364502557
11 0.5934442013844523 0.37313543462698406 0.04694827267663584 0.07370566559284875
11 0.2503941827259518 0.4352915636245 0.06417213534372675 0.07693065954272456
6 0.4280561060629971 0.46160355786896334 0.05189031134627218 0.09560793667008767
6 0.473067519374589 0.3011745970965749 0.04630338267822669 0.08541987041330898
9 0.3063254620464524 0.340428515518094 0.044349984006999674 0.05181703005422929
9 0.5199430667170432 0.36809393150372616 0.05147214067472685 0.059670436670087576
9 0.41467431138604305 0.38589503074160036 0.04362327800763595 0.056499984874689435
9 0.2907646440563156 0.41318021428842994 0.04522214067472694 0.05963407523376905
9 0.6048447780474069 0.345723506933887 0.04126134667409058 0.054923849336070064
9 0.6717419240531338 0.3875246666730033 0.03889941534054522 0.053347713797450604
9 0.8270834047183158 0.3756826759445813 0.05303464067472703 0.05967952702916719
9 0.7355140700588609 0.4293440071302787 0.05694089067472703 0.05970225292686617
1 0.47286971407540557 0.5527552778147341 0.07439256735358998 0.14964145169720222
4 0.3535191827259518 0.43469159992524525 0.07176700668363552 0.12540906615858277
5 0.3510856207431329 0.5612768258229442 0.06662497334499946 0.08631929508134384
5 0.8110049660645879 0.4710951698944571 0.07282952001113578 0.08244940651766228
2 0.7459334020528157 0.3847491246167214 0.060220432009863246 0.07300168364502549
2 0.36802603071290696 0.33850694633444905 0.05009145401018138 0.07528634631100797
0 0.4856953360518613 0.3792314194034777 0.04635792667886314 0.0901073704133089
0 0.6680191294159508 0.6047485281093217 0.08335848734881743 0.11453974385167989
3 0.8083623187459963 0.5797116457921561 0.06568009134309065 0.07225224990180408
3 0.7327890593968608 0.46373718784843804 0.04827441534054522 0.05340225595192827
3 0.6198805267345423 0.49642748888171023 0.06725168200986324 0.07304259026088378
3 0.5216061113939972 0.44387063632418633 0.05537839067472685 0.05969316256778647
3 0.3823163447246792 0.4251484282822723 0.04370509400859053 0.06353123487468952
3 0.2072441667329515 0.4871085936787294 0.049219297342454116 0.06746930113146803
3 0.18870270472627 0.43799438280814496 0.05615055000795417 0.05891645774732659
3 0.5008129007399512 0.5369666513513011 0.04690281934277216 0.06979941559284875