7 0.6198210358268703 0.49110904452342385 0.05813206340697743 0.22788226087441502
9 0.5852916084715548 0.3234931215957305 0.03111125917119999 0.07695908942959626
9 0.6446127841775177 0.3508806339530201 0.029616955331134065 0.07923917243340188
9 0.5524780746232415 0.6171184461965791 0.04373093111623927 0.1352172584029571
9 0.648796796647423 0.7092197159682426 0.054873019596041316 0.14269417737631773
2 0.4698832203083218 0.4334981798849567 0.039506432369880426 0.12412059091247105
3 0.3752600082467632 0.7214836581361268 0.0493588054894186 0.14090884288963731
9 0.476252892253361 0.49150168087353985 0.04063702335696497 0.10934050790866542
3 0.4129261781467384 0.48736066752766705 0.0366625771970309 0.10683759041817957
1 0.29279788308216104 0.4083350593149905 0.05362040815498563 0.18009867688202608
8 0.37643108551030113 0.3594611606075848 0.03422789898378564 0.10361708992388782
3 0.5377262866848002 0.3246762782118015 0.026491955331134066 0.07911183844101304