7 0.2984866491645162 0.4947890360689045 0.06061384783255317 0.0717798247398008
11 0.45148431517212745 0.5059389772716202 0.051973676882026254 0.0510578889641522
11 0.5928480973010806 0.3606784661903437 0.05057034437251211 0.054882251809022266
10 0.6095912924347144 0.6222677414051143 0.07566584486680376 0.058536196291098366
8 0.6649247326626134 0.5132103239468313 0.06707209486680377 0.058085816937884616
8 0.5119071620160975 0.44490630201142095 0.050202929847775656 0.06499755823145748
6 0.37300117091334606 0.39534895804974335 0.0508568458553869 0.06191350180902226
6 0.5139843151721275 0.5092144634768102 0.05310509536109542 0.059692582541716985
9 0.4483460222059404 0.31395951718571197 0.04650492688202608 0.050771283921197966
9 0.5106895133086918 0.3595043905460318 0.048162927376317735 0.053196921076327716
9 0.4485914199247629 0.40400798507353636 0.0495344263877346 0.04859130823145748
9 0.3701507435370283 0.44608926447217845 0.0479719263877346 0.04850942107632772
9 0.4375372203053237 0.5600123236081471 0.054812175399151286 0.04419041327441171
9 0.5217729574537424 0.6254945607178483 0.05006100840295709 0.04238225180902226
9 0.6802274446021611 0.6948664376962127 0.05471667490485963 0.041846663274411534
9 0.5970713877958097 0.5644585634313817 0.05315417490485981 0.041764776119281775
4 0.518037803803421 0.5634482620973292 0.06495117935348418 0.06343173620519008
1 0.666288255894318 0.40289029963657175 0.09084251730020547 0.08661693068726599
2 0.5636672746773984 0.3082594730877487 0.052992348821136306 0.07605788896415203
2 0.36816643228205254 0.3410742158516594 0.0500755958553869 0.06187255823145747
0 0.8148292321683218 0.5234152408392875 0.08878792737631755 0.0553259871097012
0 0.3599467781002584 0.6772983208946136 0.05640650889724856 0.04505355042954129
5 0.44891377760596674 0.6843096387370095 0.0604719263877346 0.04916451831736559
5 0.29275525540002645 0.38566301956056115 0.050506677376317734 0.053319751809022355
3 0.7553866120926471 0.6948907711424408 0.06552684091247105 0.039294873360319824
3 0.6705606259328116 0.6246800904551748 0.05240475840295709 0.04250508254171699
3 0.7452223863129349 0.5792690931687081 0.0615250904181794 0.036746405472495525
3 0.5898292321683218 0.5116234905006032 0.04843484140676253 0.04073786465389251
3 0.6589904090503479 0.4667071381711826 0.05234109140676253 0.04094258254171699
3 0.72362325342286 0.41763887437637265 0.051719008897248564 0.04480788896415202
3 0.6968790227002319 0.32463582485134246 0.05559342539915128 0.0442313568519765
3 0.5197488369209573 0.40617135063194 0.04921609140676253 0.04077880823145748