11 0.2460554249222174 0.487120600620503 0.05085120819710509 0.13969063730530315
7 0.21580881737373542 0.520015668646334 0.07529387499835236 0.242693616851332
6 0.47411224107484157 0.4843890910535915 0.04576428774240995 0.16140651293212366
8 0.28699979910979084 0.3781714979549359 0.041916538960225756 0.1199093347188784
9 0.3800288246773361 0.2825430977175091 0.02167617694751698 0.07871603338609487
9 0.36698335389832926 0.31415681057049055 0.025664247564368026 0.08351719365265158
9 0.367096402194046 0.3524153285171792 0.031214818181219073 0.0883638180258309
9 0.3240304204579905 0.49344114528936894 0.04257505803494936 0.11290081677218958
9 0.30848151258519696 0.579006572248973 0.04756256696340309 0.13022470909205772
9 0.28343487378712695 0.6718760338483133 0.053989844966580235 0.1405628155185484
3 0.6454575868554959 0.6886721111118512 0.04926143465815471 0.13808267319868045
3 0.7016860418061903 0.5987996173800574 0.04217563758025413 0.1347530847188784
3 0.6634883867727706 0.46091918415224703 0.03784664772652384 0.11042067445232177
3 0.6431543417234646 0.37327443164496465 0.02807618141174384 0.08749163981258565
3 0.6337344772751239 0.3313824483380121 0.026322766639091454 0.07650867570596294
3 0.6224657406678045 0.30594217913768224 0.026404587255942503 0.08119617570596294
5 0.7647411952147568 0.5204412851684614 0.05545688758025413 0.13513952962517112
2 0.6188247232179341 0.5145359291376822 0.051714278813956224 0.14440086935861451
1 0.7348297784135096 0.6236033890876698 0.07792399715733093 0.25916806301126594
0 0.539111724028713 0.38411029473537295 0.03754268465815471 0.13774169239901032
10 0.39390258969486974 0.4718867425446597 0.054244989446693204 0.19991508346523723
2 0.5856963977298191 0.35464410359000387 0.03706539772652384 0.11039794239901032
3 0.5856963977298191 0.35464410359000387 0.03706539772652384 0.11039794239901032