3 0.8770451099808186 0.43552753482780726 0.0644267386359143 0.06599315954272456
3 0.7834996615229463 0.44670086328303016 0.06058867248328994 0.06987668364502539
3 0.6892411469124496 0.4617758965587133 0.05898526217486477 0.06752384328594588
3 0.6097581984545772 0.4730310382456528 0.05583298863591431 0.06594316256778665
3 0.5131968441525061 0.49043618598271654 0.06216480925276535 0.0706670240041051
3 0.38845594277253437 0.5045527072563472 0.05277617248329012 0.06983123184962743
3 0.3121661781620377 0.5197322796614459 0.06456310633066593 0.07380565954272456
3 0.18572640908731425 0.5260272105759969 0.07079946956119083 0.073060770979043
9 0.6757166148520827 0.2687480592246958 0.043991507710637735 0.058843734874689524
9 0.6101597986994585 0.27227251414335185 0.042429007710637734 0.058834644515609824
9 0.5282785531636853 0.28038902029167195 0.04552673417168744 0.05729032523376913
9 0.46666889731948674 0.28627995110802706 0.042429007710637734 0.058834644515609824
9 0.380059241475288 0.29202543617910826 0.04478639448011288 0.05962953005422929
9 0.32236947240056457 0.29872034289316235 0.04941934740221221 0.056531801131468204
9 0.24909561363426663 0.30766809601642037 0.04946025771063774 0.05887555113146821
9 0.1431319857932452 0.3234562015990064 0.05809491801906326 0.06126929810640611