11 0.6032709441450507 0.25055128666604115 0.043012512357289624 0.05953930737069442
11 0.11716500638860958 0.36177068854524297 0.06573242935348408 0.06162913744281262
7 0.39700635669262074 0.2748648749062844 0.060978603764052244 0.09820241707809033
10 0.3354812662744413 0.3098587771667358 0.06231826927737192 0.09277003466927089
8 0.5316996916735928 0.26392476206475646 0.052801347832553344 0.06991376291777787
8 0.19167025787148434 0.3530119779641665 0.06464743182494201 0.07331151985163195
6 0.4779698552097459 0.28000501016489543 0.0498036818249421 0.07296602773541672
6 0.27303034581820584 0.3292640470183678 0.05114334733826169 0.0675336453265973
9 0.6242081852478021 0.29221145659392306 0.0425668433839288 0.04860180737069451
9 0.5532908487839554 0.30869174819704814 0.04106801038012335 0.05012793977951393
9 0.5344015859323741 0.370011107904444 0.04794009288963732 0.046385343939826386
9 0.4287391763505536 0.3389085379003121 0.0441293433839288 0.04863817496187508
9 0.3933481630046806 0.4029535073151038 0.04634575939154022 0.0455677263486459
9 0.28739925193998533 0.37888218731097195 0.04412934338392897 0.04863817496187499
9 0.2439092371112377 0.4501402446816664 0.042726010874414924 0.052508057370694416
9 0.13099274304273673 0.4246700788378471 0.05119242688202617 0.04958307912218753
1 0.6213936140698134 0.6294568834556592 0.07883726581733086 0.07676382817225705
4 0.4277072810660079 0.6324039647620483 0.07171051532303921 0.07425642401194459
0 0.5421292198110322 0.525152549583819 0.05251484634967838 0.06288251291777769
0 0.4431611847163294 0.6937044874634719 0.057792595361095246 0.05832229948690966
5 0.8603088754385201 0.5700409433918049 0.08425959486680341 0.056596798536979166
5 0.28184699992563794 0.783315114172708 0.06759867688202607 0.049964938829583264
2 0.7769233724727705 0.5860309257243743 0.07663809585538672 0.06110246058107656
2 0.3806320098114696 0.7341853235195135 0.06563692885919252 0.05928538744281262
3 0.33493219064782853 0.6681252188461109 0.055625258897248564 0.04344218189572935
3 0.25172310121823227 0.6989407673830901 0.057155925399151375 0.04269729948690983
3 0.49809803551463216 0.6096918569545134 0.04628209239534584 0.0440052263486459
3 0.3616604698110321 0.5293530063651734 0.04790825939154013 0.04560409393982638
3 0.5676438729670621 0.5885604329425689 0.05181450939154022 0.04569501291777769
3 0.6204916417501425 0.4983523538203814 0.0480037598858317 0.04794784393982639
3 0.6621644885941125 0.43338066404086745 0.04972542737631773 0.05189046153100705
3 0.7892270542977126 0.513937720177291 0.058973093383928976 0.04898366707809032