9 0.25078125 0.36875 0.053125 0.0546875
9 0.3265625 0.3390625 0.05234375 0.0578125
9 0.4046875 0.303125 0.0421875 0.05390625
9 0.4859375 0.365625 0.04609375 0.05703125
9 0.54609375 0.403125 0.04921875 0.05703125
9 0.61015625 0.37109375 0.04609375 0.0640625
9 0.67421875 0.3328125 0.0421875 0.053125
9 0.73203125 0.303125 0.0421875 0.05078125
3 0.15625 0.58984375 0.06640625 0.06953125
3 0.2875 0.54375 0.05546875 0.0609375
3 0.39921875 0.49140625 0.0546875 0.06015625
3 0.484375 0.43984375 0.04609375 0.05859375
3 0.56015625 0.48359375 0.04921875 0.059375
3 0.6671875 0.5375 0.05859375 0.0640625
3 0.7640625 0.59453125 0.05859375 0.06484375
3 0.8484375 0.52421875 0.06484375 0.06953125