7 0.40390625 0.5468939598186628 0.0515625 0.10090002678536117
10 0.6015625 0.47768781249588094 0.03984375 0.08272672524323355
11 0.61171875 0.523958840499058 0.0453125 0.06172843262955983
8 0.415625 0.4924110113607904 0.046875 0.056286956168510115
6 0.29609375 0.46688708563108944 0.04296875 0.06950002232113431
9 0.41484375 0.5322411245913152 0.025 0.04731137662320535
9 0.55859375 0.5644377901747466 0.040625 0.04836536201270878
9 0.48125 0.5279314999967047 0.03359375 0.04433638108743239
9 0.5328125 0.4936752767820659 0.03125 0.04663922077900686
9 0.6890625 0.5581213806770999 0.04375 0.04841990909060954
9 0.71328125 0.46401287053083023 0.034375 0.045131267856907444
9 0.74296875 0.5270310677708867 0.04453125 0.05312104586008459
3 0.58984375 0.4696707609537533 0.028125 0.04189717370110611
3 0.6421875 0.44011567450858974 0.03046875 0.04350058400953163
3 0.6625 0.4928139805149442 0.03359375 0.04589888108743238
3 0.6203125 0.599108844963285 0.03984375 0.04913297524323372
3 0.340625 0.5606331314911741 0.03828125 0.04519945170428326
3 0.3578125 0.49765189041962793 0.0296875 0.04270569724005639
3 0.41015625 0.47200305397446424 0.02578125 0.04185626339268058
3 0.478125 0.49662695291880404 0.03046875 0.04271933400953163
2 0.54765625 0.5220593754020941 0.046875 0.06331820616851011
0 0.6796875 0.5188952394433979 0.0484375 0.07506422970746059
0 0.46796875 0.5526996749156268 0.0421875 0.07651763555165925
5 0.36015625 0.47191155072805346 0.03828125 0.052230701704283435
4 0.534375 0.45620255032101625 0.04375 0.08123240909060954
1 0.4734375 0.428576382301953 0.0453125 0.08907218262955982