8 0.7853719569617595 0.5924207293858688 0.06186017144658109 0.1600120860560416
6 0.6673435987468949 0.44516191004732697 0.046198810010262645 0.15339841014423605
7 0.7312742885402403 0.42399673128572973 0.05274424668035031 0.20432513050895834
9 0.4652180173648057 0.47795230698944485 0.03341246369925486 0.1038887194147918
11 0.6450231711519937 0.3680902637707992 0.0365738251355733 0.11021145459715279
9 0.5783078489432866 0.3134196411456255 0.029347132415361445 0.07645405043684032
9 0.6370470446885605 0.33978342581489634 0.027798267953980903 0.07876143284565976
9 0.5995202944921687 0.4685799198309727 0.03811359923787414 0.10634157218833344
9 0.6810884570599554 0.5251585345723617 0.04365961729005097 0.11975010875746542
9 0.5394145623479538 0.610130333774931 0.04920563534222779 0.1331586453265972
9 0.6328832820973327 0.6982317054501742 0.05159938231716552 0.14180694671336802
1 0.24275266490547764 0.5055824252462155 0.06529424365528821 0.21320982123840296
2 0.4724578247427898 0.3796966449453476 0.045267569085449114 0.1275989763486458
2 0.4254010175611974 0.3473556172099309 0.03424371067419259 0.11250065321038197
3 0.2790452097904299 0.701713196047778 0.046076090162687856 0.13230466014423606
3 0.37461626414335186 0.6141060529053822 0.04132495764913058 0.12125805737069442
3 0.32110946906200794 0.5472445548052434 0.0381272347764936 0.10868532218833345
3 0.4019594932625047 0.48038566954663225 0.03420734923787414 0.10625065321038196
5 0.3500742855151783 0.4237167890376739 0.04131586729005097 0.11969555737069441
3 0.37235783079291396 0.36018161910979196 0.024700539031219736 0.0833761976632986
3 0.4752192103796051 0.3172693801277087 0.024673267953980903 0.0786886976632987