11 0.7125 0.65078125 0.0640625 0.07578125
11 0.1828125 0.56796875 0.05625 0.06640625
8 0.24453125 0.57734375 0.06640625 0.0765625
8 0.58125 0.54453125 0.053125 0.06953125
6 0.734375 0.5625 0.05390625 0.0828125
6 0.31875 0.57890625 0.05078125 0.07890625
7 0.38984375 0.5703125 0.05390625 0.1109375
10 0.46953125 0.6015625 0.06015625 0.1078125
9 0.7203125 0.61328125 0.0453125 0.0515625
9 0.65078125 0.5671875 0.03828125 0.053125
9 0.56328125 0.590625 0.04296875 0.053125
9 0.4921875 0.58046875 0.040625 0.05546875
9 0.4109375 0.565625 0.04375 0.05078125
9 0.35078125 0.5578125 0.04296875 0.04921875
9 0.3203125 0.51875 0.03984375 0.046875
9 0.23046875 0.53203125 0.0421875 0.0484375
5 0.76484375 0.4453125 0.04296875 0.05078125
5 0.38359375 0.3953125 0.0390625 0.0515625
2 0.4359375 0.4015625 0.0359375 0.05546875
2 0.61953125 0.46796875 0.05078125 0.05859375
0 0.346875 0.43359375 0.03984375 0.06796875
0 0.6453125 0.421875 0.03984375 0.06953125
1 0.5328125 0.39921875 0.04296875 0.084375
4 0.59375 0.4078125 0.04765625 0.08203125
3 0.3546875 0.42265625 0.03046875 0.04375
3 0.39296875 0.44921875 0.0328125 0.03984375
3 0.4640625 0.43046875 0.028125 0.03984375
3 0.54609375 0.48984375 0.0359375 0.0484375
3 0.52265625 0.43671875 0.03359375 0.0421875
3 0.696875 0.46015625 0.0359375 0.0421875
3 0.76015625 0.46953125 0.0375 0.04765625