7 0.4404380217116488 0.2684811685899368 0.0464704347906915 0.08818939676606821
10 0.6889989026245573 0.4246238687262224 0.0608512697716634 0.09673888116223602
8 0.3725117395826956 0.424059461217562 0.05033026384016441 0.06812255823145748
8 0.4173414199247628 0.35700475802905873 0.048449428859192525 0.06022817107632772
6 0.5791583290122919 0.38438505031799963 0.04889509783255317 0.07116567107632762
6 0.5494310197344824 0.2721240677308542 0.04007851334587294 0.06524654172311406
11 0.7023875819780414 0.3638944086403141 0.04357092787060921 0.05529500961093845
11 0.4597345083657759 0.33061599841812034 0.04122717787060921 0.05517217887824373
9 0.2808600918638732 0.3392108276804769 0.032251425893442945 0.04534679952503016
9 0.3968206728905124 0.3440477346233104 0.03531275889724857 0.04394807383528967
9 0.35036216695901334 0.3745474621220732 0.03381392589344294 0.04542868668015991
9 0.5145493423581647 0.324624947988579 0.03544009288963732 0.04707307383528967
9 0.4497520133086918 0.30775170850402855 0.031311008402956905 0.04139960594746528
9 0.5929144228905123 0.3337708966545265 0.029875842395345843 0.04444271879233552
9 0.6810855849437909 0.35097832881213065 0.034627009391540044 0.046250880257724794
9 0.6723445963124974 0.29764528889803893 0.03928267589344294 0.04571529172311406
4 0.6306399159704302 0.3645362177762827 0.04969093528498299 0.09069692107632772
1 0.539238983156905 0.4457253420411137 0.05664127224312132 0.10821196969684657
5 0.30318607802370867 0.40352563319840085 0.04685509536109524 0.05936503392119796
5 0.6218286486702246 0.44685407281923684 0.04404843034206714 0.06701375961093844
0 0.4099679772254059 0.4805650887617533 0.05005834980971961 0.08058161465389269
0 0.5384179238790956 0.3319494470840678 0.03714451433445607 0.06977026741285446
2 0.34229234038099837 0.3430075350528517 0.0427896778706093 0.05525406603337348
2 0.6317514298105946 0.29899310493141246 0.04122717787060921 0.05517217887824373
3 0.35709232802370866 0.40070052634642445 0.035471926387734595 0.04785432383528967
3 0.3097278966930583 0.4725655602676223 0.04891234387822045 0.05245661465389269
3 0.43523457406937605 0.41531522501237195 0.0370344263877346 0.04793621099041943
3 0.5021965809894582 0.37906346449692235 0.03453150889724856 0.04390713025772488
3 0.5192129846397797 0.4397586250578005 0.032474260380123354 0.05081554952503016
3 0.7344851575674732 0.39885258480502445 0.04803559338392897 0.05007192107632772
3 0.7498528309894582 0.36608435040885673 0.043348093383928976 0.04982625961093845
3 0.612798499962819 0.36235292006027486 0.03231509288963732 0.04690929952503016