7 0.3130519398764231 0.5747685803593789 0.08399444671336802 0.05222674756436803
10 0.2416718216196525 0.3534487337679456 0.08361324021635426 0.06940061079489279
11 0.3554232374634718 0.46547935511614524 0.060411476348645896 0.04556764448011279
11 0.6089677711828122 0.3759320653451405 0.048038762917777866 0.050818206168510204
8 0.452371625856215 0.4270832824706994 0.05107284393982638 0.04696650324641087
8 0.4017014382609025 0.3225418327950109 0.05832229948690983 0.056464234171687444
6 0.368196647607708 0.41996230357401776 0.056541593939826384 0.047061960632737154
6 0.4919770268823953 0.5372843969190402 0.04943760875746541 0.043814229707460586
9 0.19501568037711778 0.311311826705931 0.05483362357510417 0.04078468709378669
9 0.2317142869503816 0.41219248823217247 0.050872822188333354 0.03837275324641087
9 0.32492007950343715 0.3668333494341024 0.05096374116628475 0.04227900324641087
9 0.2880720833031593 0.4736833672910099 0.049219403210381964 0.034439229707460585
9 0.424825894473576 0.5368946590939048 0.04302395459715278 0.03667388555165925
9 0.5088748925737148 0.4823241615295368 0.04146145459715278 0.03664661201270878
9 0.5895625013311803 0.4379644610430694 0.03993532218833344 0.038181838473758486
9 0.65153451804868 0.49310988271558076 0.043060322188333444 0.03823638555165907
0 0.11852199629718707 0.5110039094976466 0.08857284393982642 0.04762106818121907
0 0.4260494344611804 0.21591000324970616 0.057831990216354254 0.06895059740221221
5 0.1385994133752774 0.45364537703024255 0.0721302263486459 0.045772196022240405
5 0.48572572046163137 0.6045537175358913 0.054034189779513755 0.03998980032431163
2 0.5697201671749996 0.5523269699715232 0.05714100598392378 0.03926309740221221
2 0.6810421397239234 0.39966384578394976 0.05657796153100705 0.048624460632737065
1 0.5431804234432637 0.31694857752000516 0.060430313354618195 0.07992900771063774
4 0.2856205369503816 0.41125155113838574 0.08659276985163196 0.06320515787279354
3 0.21314873774781223 0.27038681777747725 0.0502552263486459 0.04539036647693564
3 0.2729042910344442 0.320104399758414 0.04934668977951393 0.039907979707460586
3 0.3490498701566317 0.26957651988879766 0.046312608757465325 0.04375968262955983
3 0.4711235854873609 0.3260156603117208 0.04242454255305574 0.04447274878218401
3 0.3911990429343052 0.371142974028713 0.04629442496187508 0.042978432629559825
3 0.524192074469444 0.4281724496789837 0.042333623575104264 0.04056649878218401
3 0.5651288118360067 0.2798616347441756 0.0346302263486459 0.045117631087432296
3 0.7005753493550693 0.298582586855496 0.046312608757465415 0.04375968262955983