4 0.44199390425722174 0.59656739891939 0.08437761284152785 0.13721231252120453
1 0.6351633292190968 0.5476685635326948 0.07656511284152785 0.13693949400955016
5 0.636597236229201 0.6202156861280331 0.07231271751493047 0.08839286660488846
5 0.20396853381624958 0.5268179272271765 0.06351894576343753 0.07949901624206887
2 0.46857654768395796 0.49415916153326184 0.058740526785486226 0.07542907513507621
2 0.685964722645833 0.4444145887604384 0.06246493882958344 0.06775298439090349
0 0.5465749143252079 0.4633332582678845 0.05125533510611113 0.08921875662342202
0 0.2592905070307634 0.5982638520921002 0.06419174620027786 0.10840526624206888
3 0.17725991024114535 0.5675619783156356 0.05623312262517368 0.0683159795815799
3 0.3060765476839579 0.49983378657567085 0.04044446846486114 0.060739092558271326
3 0.3701565782691662 0.5303818929289403 0.054488784669270894 0.060448915879249124
3 0.5486991523573607 0.5397593490120574 0.05372571846486114 0.06120288402808356
3 0.7381240218484022 0.5846650773276929 0.05305357123840295 0.06586310217691818
3 0.7905047926499649 0.5477082251507748 0.05067345364722229 0.06421875662342202
3 0.6220100189986107 0.5090971368536725 0.03964503466927098 0.05993056070710594
7 0.4906898966577774 0.38253961525412616 0.0507468420399654 0.10091022477225656
10 0.7770072967340275 0.4568476121740833 0.07674629758704868 0.11118552586071573
11 0.7336216258562149 0.40918392769051265 0.044332534669270986 0.060094251814098595
11 0.29975577213274274 0.4024776369384905 0.04193423328250008 0.05766865626060227
6 0.4200500883371524 0.39905748185901463 0.03768314437666671 0.0762549651536096
6 0.6026989341768398 0.3997047786863045 0.046912674011944586 0.07033234736759475
8 0.395866399507569 0.4654736555428121 0.04703996058107647 0.07580109736759474
8 0.6736108462209371 0.4050346302302506 0.04742116707809032 0.058640879218760135
9 0.28363980965180524 0.4241170239617992 0.03622909393982639 0.047321433302444406
9 0.3270982157119787 0.4686557084453698 0.037173998100138925 0.05437996515360979
9 0.4779710379003122 0.4259175930216076 0.03862739532659738 0.04974702885594055
9 0.5352016564414231 0.4488987360353659 0.03163251291777769 0.05106399219545175
9 0.6134169222089927 0.47583076906765764 0.04335126291777769 0.05147321996293304
9 0.6722477147620483 0.430061912081416 0.03937227773541672 0.04821181070710594
9 0.7450305981207982 0.4556224180718658 0.046585365691319505 0.05626984736759475
9 0.40873007541937467 0.44941214592416523 0.03699216014423605 0.04656746515360979