9 0.8178952431034364 0.4214316785657795 0.06657957386326174 0.05583298863591431
9 0.6153350791415629 0.29598384496328495 0.049378437093786684 0.05475172970746058
9 0.6202526298729116 0.41720032588856154 0.0579449135548364 0.05333923417168727
9 0.5238764618538483 0.4764741400125908 0.05634150324641087 0.050968210632737154
9 0.43929868466145 0.3523042086008469 0.05490173417168727 0.05797218709378669
9 0.3607157629889388 0.28763200811437956 0.050968210632737064 0.05634150324641087
9 0.27266456372028747 0.40722571347211084 0.0627005974022122 0.057327304788538494
3 0.7041697082004004 0.35536457345292954 0.057190937093786684 0.05488809740221221
3 0.6987810044675221 0.4849975263750288 0.05632786647693564 0.05018696063273716
3 0.5297639975676633 0.4078059606294418 0.0509136635548364 0.053216503246410876
3 0.45360487216227385 0.47290308075982546 0.05164036647693564 0.050105140015886104
3 0.3585884269508123 0.40950700811437957 0.05635514001588611 0.05174946063273715
3 0.25904634862332354 0.4710700251605081 0.061029003246410876 0.0510500312495882
3 0.26512084496987554 0.346919459007884 0.05880798417168744 0.058040370941162586
3 0.17421342695081227 0.4062887305182395 0.06814207386326188 0.055860262174864596