10 0.50546875 0.38671875 0.0578125 0.0984375
7 0.57890625 0.378125 0.04609375 0.10546875
8 0.69453125 0.40078125 0.04921875 0.06875
6 0.4359375 0.39609375 0.0453125 0.0828125
11 0.27734375 0.45234375 0.04921875 0.07109375
9 0.4359375 0.45234375 0.040625 0.05390625
9 0.4953125 0.43125 0.04140625 0.05546875
9 0.56875 0.4296875 0.03984375 0.0515625
9 0.59453125 0.47734375 0.040625 0.053125
9 0.6296875 0.4328125 0.04453125 0.05546875
9 0.7203125 0.45234375 0.04609375 0.05546875
9 0.8046875 0.47890625 0.05 0.0625
1 0.61328125 0.60546875 0.075 0.15546875
4 0.5078125 0.61328125 0.08359375 0.13984375
5 0.17890625 0.6375 0.078125 0.0953125
2 0.41796875 0.5375 0.05546875 0.08359375
0 0.58203125 0.5296875 0.0578125 0.09375
0 0.71015625 0.6203125 0.08203125 0.11875
3 0.83125 0.51328125 0.053125 0.06328125
3 0.78515625 0.5984375 0.0625 0.0703125
3 0.678125 0.54765625 0.05078125 0.0671875
3 0.34453125 0.51640625 0.053125 0.06015625
3 0.20234375 0.60078125 0.059375 0.06640625
3 0.41171875 0.5890625 0.053125 0.0703125
3 0.434375 0.51484375 0.0453125 0.059375
3 0.58984375 0.590625 0.046875 0.0703125