9 0.6600446002780017 0.3320261304120492 0.04808532513507622 0.058104093939826386
9 0.6627206777753306 0.4345153507767714 0.055252984390903315 0.062173998100139016
9 0.5497221699707823 0.40139176662059073 0.043397825135076215 0.057994991166284746
9 0.4232985684268362 0.3272976903481948 0.045796138837406984 0.059612042553055564
9 0.35956096144059463 0.3836736704965628 0.04808532513507622 0.058104093939826386
9 0.4108655118960815 0.48182153618788226 0.051882447730414505 0.05507001291777769
9 0.17942702813815034 0.41466583130638907 0.056679075135076216 0.058304115691319505
3 0.7340277373013102 0.31811040719753536 0.04878472958157989 0.055778527735416715
3 0.6300768472827768 0.294580028588438 0.047358638837406986 0.05964841014423614
3 0.7048015395708956 0.3713802243518756 0.0496751069862416 0.05892171153100696
3 0.5884870588081894 0.34365265501333386 0.04964782513507622 0.05814046153100705
3 0.479848668789656 0.32001317363069487 0.047222229581579886 0.05574216014423614
3 0.44741562550574515 0.37555400560267405 0.043315979581580066 0.05565124116628475
3 0.2699999536360463 0.3510956002080905 0.051292170688572544 0.060520579122187536
3 0.30336303594269864 0.44804398860083355 0.047222229581579886 0.05574216014423605