0 0.23359375 0.403125 0.0734375 0.0796875
4 0.515625 0.35 0.07421875 0.096875
1 0.7953125 0.56875 0.10546875 0.08984375
3 0.40390625 0.42890625 0.059375 0.05703125
3 0.6 0.49296875 0.0484375 0.05
3 0.396875 0.540625 0.05546875 0.0546875
6 0.33125 0.35546875 0.06328125 0.08984375
10 0.3140625 0.46953125 0.075 0.0828125
7 0.7078125 0.421875 0.0984375 0.10625
9 0.44453125 0.303125 0.04453125 0.05703125
9 0.5296875 0.31015625 0.046875 0.05703125
9 0.78515625 0.38125 0.0609375 0.06015625
9 0.50546875 0.47890625 0.06171875 0.0515625
9 0.590625 0.571875 0.05625 0.05625