0 0.30234375 0.2953125 0.0546875 0.08359375
6 0.40234375 0.28359375 0.05703125 0.078125
10 0.33203125 0.3546875 0.06484375 0.09296875
4 0.546875 0.31015625 0.06171875 0.09921875
7 0.67734375 0.39921875 0.08828125 0.11640625
1 0.68515625 0.52578125 0.08359375 0.103125
9 0.51953125 0.2765625 0.046875 0.05859375
9 0.5875 0.296875 0.03984375 0.04921875
9 0.77265625 0.39921875 0.06171875 0.0515625
9 0.49140625 0.4109375 0.05234375 0.06484375
9 0.51953125 0.49296875 0.059375 0.05234375
3 0.56796875 0.44140625 0.0421875 0.05078125
3 0.36953125 0.43125 0.04921875 0.05390625
3 0.42734375 0.35390625 0.05234375 0.0546875