9 0.134162134737585 0.3958138601898429 0.05640968709378673 0.056166428364900864
9 0.24311439488385472 0.37605179992345034 0.051654003246410875 0.052069177376317735
9 0.35443767856907477 0.3579477401513493 0.041497753246410876 0.05165534190105418
9 0.43849903287114583 0.34341700794584645 0.03835911647693564 0.05074675790866543
9 0.46289110673440775 0.3990595128887623 0.04157957386326174 0.05634284190105419
9 0.4913627544609316 0.5095168518240669 0.057150026785361165 0.053854511862997965
9 0.5963269439903502 0.4849081240671884 0.04460911647693564 0.05100142589344294
9 0.6935195438281945 0.46232481132933784 0.05316195616851012 0.04900784437251211
3 0.7944393413131323 0.2954649165762649 0.04855627678536116 0.053504343383928975
3 0.7000035486994586 0.2970818133065042 0.04389605032431163 0.05487584239534575
3 0.6072802605500115 0.3073561270329379 0.04307389001588611 0.05250025889724856
3 0.5170643636342666 0.3271009412536632 0.038386390015886104 0.05230925790866543
3 0.41698076866768635 0.18405925399151374 0.03827729586008459 0.04605925790866543
3 0.3188978246740408 0.20036073323126707 0.04227900324641087 0.051687175399151374
3 0.4442523806803952 0.2257665929268184 0.04148411647693564 0.050874091901054186
3 0.48421490746575646 0.2789207678316782 0.041525026785361165 0.053217841901054184