8 0.41484375 0.54921875 0.053125 0.06484375
8 0.66015625 0.56171875 0.0703125 0.065625
11 0.5640625 0.53046875 0.053125 0.06015625
11 0.5234375 0.58125 0.05 0.05625
10 0.6390625 0.6078125 0.06875 0.08125
7 0.54375 0.61171875 0.07421875 0.0953125
6 0.45390625 0.603125 0.04921875 0.0671875
9 0.60078125 0.48671875 0.03671875 0.04375
9 0.4984375 0.5546875 0.0421875 0.046875
9 0.5890625 0.5765625 0.0328125 0.04765625
5 0.35 0.4 0.0359375 0.0515625
5 0.41015625 0.39921875 0.03984375 0.0546875
0 0.503125 0.35234375 0.034375 0.06796875
0 0.3640625 0.4265625 0.03984375 0.06953125
2 0.5609375 0.340625 0.0421875 0.0578125
2 0.53046875 0.37734375 0.0359375 0.06328125
1 0.39453125 0.3515625 0.0484375 0.08671875
4 0.45546875 0.34375 0.0453125 0.08359375
3 0.3265625 0.37265625 0.03828125 0.0453125
3 0.4734375 0.3953125 0.034375 0.04296875
3 0.5796875 0.37734375 0.03828125 0.04140625
3 0.4171875 0.4296875 0.03125 0.0421875