4 0.7782282238801039 0.33422549007069335 0.07487597948277784 0.1658112446233165
1 0.7820058808902081 0.4071364511955638 0.08092661094166687 0.19106595574818713
5 0.8243862173274994 0.7704391259265042 0.07503898043270851 0.13928513192686937
5 0.7406600611704166 0.10019293837528225 0.05416278276940982 0.11412031203449331
0 0.7489602575994443 0.24761374792857618 0.04992987765916688 0.1334332382131757
0 0.6958456028704509 0.6479198089296122 0.06302928970326391 0.12623932237357546
3 0.6883643304533678 0.43171261207276534 0.04676785685760425 0.09816782630251701
3 0.6976100842530899 0.5385084216260593 0.05081957722232637 0.10459976282028158
3 0.626511761780416 0.7706081381276132 0.053908209631146065 0.10318281203449331
3 0.6044757204616313 0.6420999944139195 0.05327242999586801 0.10939642473094047
3 0.6720158978920484 0.2604540421803892 0.04433318787965277 0.09415241439185813
3 0.6606621302246178 0.1770229580199894 0.04193488649288213 0.09169950248119933
3 0.6587379139439583 0.09168477150222475 0.04291615824437507 0.10032963978475229
2 0.5859712547496526 0.16024852687890823 0.05149237765916688 0.13350601282028157
2 0.617668664325208 0.5121042793601076 0.06415603181947933 0.1411194596771285
3 0.5101867386977428 0.3248696449520388 0.045350827222326376 0.10434505169541115
10 0.18260725256545116 0.28614947745980873 0.06401121466513904 0.16842682237357548
7 0.16425533643729134 0.36897909408519725 0.07091583130638908 0.19684292080199892
6 0.151135127756076 0.49584980913900917 0.058596362841527895 0.1369584985522579
6 0.18904039694211788 0.21136780128112634 0.05383612765916679 0.13361517473094028
8 0.360988132124479 0.2162480080627706 0.06206685495774318 0.1519477977664697
8 0.154058146373437 0.6054795202638796 0.070715156344514 0.15469180810555194
9 0.43445154834954797 0.7561881114535927 0.05399912860909737 0.10708906203449331
9 0.2473717352792703 0.6285959966902311 0.058650261017916705 0.1057448858558109
9 0.2520066435236454 0.5302676586008899 0.06032186379145843 0.11050516046291677
9 0.2654535073151038 0.4229645808506309 0.056197408244375066 0.1009482239451522
9 0.27172365074184 0.32158401736839554 0.06008547444878474 0.10034891046291676
9 0.2745233020523609 0.23490165467194846 0.05292693787965286 0.09455267473094038
9 0.28191953438493045 0.15234386579681897 0.05365363649288195 0.09224531203449331
9 0.2845737153307291 0.07191150310037189 0.04046330547083343 0.0955329778740935
11 0.20657600189986108 0.06280402274507904 0.05323606240468761 0.10783392473094038
11 0.2367043793715966 0.7508883736547018 0.06401056145475703 0.1348694596771285