7 0.46171875 0.29453125 0.0578125 0.11328125
10 0.79375 0.38671875 0.0765625 0.1171875
8 0.359375 0.4046875 0.06328125 0.0828125
8 0.6703125 0.3203125 0.05234375 0.0671875
11 0.246875 0.3203125 0.05 0.06328125
11 0.74296875 0.32265625 0.046875 0.06484375
6 0.3828125 0.3140625 0.05390625 0.08359375
6 0.5921875 0.3125 0.05546875 0.0828125
9 0.23046875 0.35 0.046875 0.059375
9 0.2828125 0.40859375 0.04765625 0.06015625
9 0.365625 0.3828125 0.04609375 0.0546875
9 0.45234375 0.3484375 0.0375 0.05390625
9 0.51953125 0.375 0.0390625 0.0515625
9 0.60703125 0.4109375 0.04765625 0.0578125
9 0.675 0.3484375 0.03984375 0.05078125
9 0.75234375 0.38125 0.04296875 0.05859375
4 0.42578125 0.58359375 0.0796875 0.134375
1 0.63203125 0.5171875 0.07734375 0.1453125
2 0.446875 0.44375 0.059375 0.08125
2 0.6859375 0.371875 0.05859375 0.07421875
3 0.8078125 0.503125 0.05625 0.0609375
3 0.7515625 0.55 0.059375 0.06875
3 0.5390625 0.49765625 0.05390625 0.065625
3 0.61875 0.45546875 0.04375 0.0578125
3 0.3390625 0.49140625 0.0515625 0.065625
3 0.25703125 0.45390625 0.0453125 0.0640625
3 0.11953125 0.54375 0.06015625 0.0625
5 0.14453125 0.49140625 0.06875 0.07734375
5 0.63671875 0.6 0.06875 0.08828125
0 0.21640625 0.5890625 0.078125 0.10703125
0 0.53359375 0.3953125 0.053125 0.0953125