9 0.2484375 0.40546875 0.04375 0.05078125
9 0.309375 0.4046875 0.04140625 0.0453125
9 0.378125 0.40625 0.03515625 0.05
9 0.4421875 0.4046875 0.0375 0.0484375
9 0.515625 0.40859375 0.0328125 0.05
9 0.57421875 0.4078125 0.04140625 0.0484375
9 0.6296875 0.40859375 0.03359375 0.046875
9 0.70078125 0.4125 0.04921875 0.05078125
6 0.38671875 0.37578125 0.0421875 0.07109375
6 0.57421875 0.378125 0.040625 0.0765625
10 0.440625 0.36796875 0.04609375 0.09296875
4 0.41484375 0.565625 0.07578125 0.128125
2 0.2234375 0.5859375 0.078125 0.09453125
2 0.7171875 0.58515625 0.06875 0.09375
0 0.60859375 0.5828125 0.06484375 0.10703125
5 0.83671875 0.60859375 0.0796875 0.0921875
3 0.1453125 0.54609375 0.0578125 0.06640625
3 0.2375 0.5484375 0.05625 0.0625
3 0.33359375 0.54765625 0.05546875 0.06640625
3 0.43203125 0.54609375 0.03984375 0.06875
3 0.52109375 0.55859375 0.05625 0.06796875
3 0.61875 0.55390625 0.05078125 0.065625
3 0.70078125 0.5546875 0.04921875 0.06328125
3 0.79453125 0.54921875 0.05546875 0.06328125