11 0.29765625 0.26171875 0.04375 0.06328125
11 0.77734375 0.334375 0.0578125 0.06484375
8 0.36953125 0.27265625 0.06484375 0.06875
8 0.71171875 0.32265625 0.05546875 0.06875
6 0.434375 0.275 0.0578125 0.08515625
6 0.64140625 0.30390625 0.05234375 0.08046875
10 0.49765625 0.27109375 0.06171875 0.10234375
7 0.57578125 0.28203125 0.06171875 0.1140625
9 0.28359375 0.29453125 0.04140625 0.05234375
9 0.33984375 0.30546875 0.03828125 0.059375
9 0.41796875 0.3140625 0.04140625 0.05
9 0.4921875 0.32578125 0.04140625 0.0578125
9 0.5625 0.3359375 0.0453125 0.05390625
9 0.61484375 0.3484375 0.04375 0.05390625
9 0.7015625 0.35859375 0.04453125 0.05234375
9 0.78203125 0.3671875 0.04765625 0.0515625
5 0.03828125 0.53984375 0.07421875 0.07734375
5 0.76015625 0.6390625 0.08125 0.08203125
2 0.63515625 0.62734375 0.0625 0.09140625
2 0.14375 0.553125 0.08828125 0.08671875
0 0.24140625 0.559375 0.0703125 0.0921875
0 0.54296875 0.60078125 0.0640625 0.09609375
4 0.328125 0.55625 0.078125 0.1125
1 0.44921875 0.57578125 0.078125 0.13203125
3 0.09453125 0.48046875 0.06796875 0.0609375
3 0.1828125 0.49609375 0.05546875 0.065625
3 0.28828125 0.5078125 0.059375 0.0625
3 0.3734375 0.53046875 0.046875 0.071875
3 0.4671875 0.534375 0.0546875 0.06640625
3 0.5421875 0.5625 0.05546875 0.065625
3 0.64921875 0.575 0.06015625 0.06875
3 0.7609375 0.58984375 0.06484375 0.0625