11 0.19043956942231408 0.6544051779876847 0.06455449069063528 0.17692611436318478
8 0.21985380207667832 0.5636029159856322 0.06278290535486261 0.1589482740041051
6 0.24393564473263335 0.4845512202403583 0.059730630689044426 0.16518009328594588
7 0.26094987472149744 0.40241543111094275 0.06334652669477148 0.2073857740041051
10 0.28395102271640676 0.36477907572474844 0.05270847135581711 0.16592043667008757
6 0.4707981367361332 0.5090143681738137 0.0416164300206809 0.1525755541565303
8 0.5288180800445434 0.32507063934924846 0.04104371801399935 0.10335680415653022
11 0.32750048070495275 0.28014500049097935 0.030042583346590313 0.09782442164297293
9 0.37844536270686174 0.29391206382089174 0.029815316677272285 0.07829317164297293
9 0.3686254673774525 0.32287740115490926 0.028252816677272287 0.07828408128389323
9 0.36520102271640675 0.3643063770526083 0.030723836012090368 0.08923521682251279
9 0.4798453253898611 0.4136427808397962 0.03232269867918127 0.09236930718159239
9 0.3482867900620426 0.45503591618202394 0.03872724001431749 0.10568691861791084
9 0.327802114735815 0.5075023860295987 0.04435053134945379 0.11899998487468935
9 0.30761743141308723 0.5857501058771736 0.049973822684590094 0.1323130511314682
9 0.28766910542645024 0.6843103257247485 0.052417570019090046 0.14092043667008766
5 0.8252327400938594 0.68665199220136 0.07382040268936266 0.1676056565176623
2 0.6146481340706331 0.5167718051384889 0.060302795353271856 0.14721588846548564
0 0.7560634747374058 0.5167303776417835 0.05027381468808993 0.15809430113146802
1 0.7426362267265881 0.43711560051442044 0.0585317573599534 0.19642100292686634
4 0.7218691933879521 0.39817127518245543 0.05269938068904452 0.16513918667008767
0 0.7012203387173613 0.3693831998504905 0.03507552868395365 0.12753919272021186
2 0.5754203600413618 0.3013604285768599 0.034702811346272 0.09550794272021186
5 0.6794629700429525 0.3124746696980653 0.029942586012090367 0.08923067164297294
3 0.7330906934277229 0.6910945733870573 0.046839732017817326 0.131513620413309
3 0.636015151416269 0.6072786304704538 0.042024962682999246 0.12054884933607006
3 0.6883129007399512 0.5358758082617469 0.038754512014635624 0.10803066861791084
3 0.6712430320655425 0.4789400070320829 0.03403974001431749 0.1056596475406721
3 0.5314532787237246 0.4172490489901688 0.030015311346272 0.09548067164297294
3 0.6467055613860431 0.38454511241827716 0.029942586012090367 0.08923067164297294
3 0.6329970500477251 0.34790363047045386 0.023619860677908555 0.08294431020665449
3 0.6240396733768161 0.31670362744539177 0.025127816677272107 0.07826590056573401