11 0.2748381042955249 0.49156769263209255 0.05407202916320362 0.13884487133990878
7 0.24645577771750996 0.523944387969456 0.08089846741393636 0.2414522506763177
6 0.323812820683697 0.3315472552912292 0.038591609201259744 0.12304714867122701
8 0.4395797421285156 0.35286717727563904 0.041956689733607534 0.10981135200509069
11 0.34577139231879606 0.2757966946212748 0.032726269771663485 0.09408635467059075
9 0.3971256452845456 0.28926830128104786 0.023495849809719617 0.0783613573360908
9 0.38589898520843346 0.32066375194941144 0.02759310079830275 0.08309431066995439
9 0.388240076615196 0.3589359112826387 0.03325285178688588 0.08784544533736342
9 0.35331327277459407 0.49925237595482025 0.04517719022789901 0.11219146467218159
9 0.3427206240671884 0.5845722579567292 0.05056502718603735 0.12943350867281786
9 0.32303947684265755 0.677032477959911 0.057228862661300894 0.13966248400699968
3 0.6866536492760593 0.7001581585773677 0.052445862167009236 0.13726419000636342
3 0.7377439639910762 0.6112405619032771 0.045287278174620485 0.13405737400540882
3 0.6938918518240669 0.47496725457514055 0.04039418973360753 0.10979317067154533
3 0.6659804160447923 0.38462406524509496 0.030096018288788783 0.08702783267027252
3 0.6541051571475437 0.34255474391314034 0.02808784931542796 0.07607215133672715
3 0.6413359017103362 0.31690985391473114 0.028278850304011272 0.08075965133672706
5 0.8722409807969903 0.6894008298854597 0.07444553756616087 0.17890679734245402
2 0.6498354457022876 0.5255036039147312 0.05504428015178675 0.14354146200668155
1 0.7723882194282836 0.63663091323205 0.08391072087397759 0.2578857726766358
0 0.6271526793906651 0.44838712058404917 0.041331948630855916 0.15197158000477237
10 0.4220486853221642 0.478912056612048 0.05886695851668762 0.1990283933402269
2 0.6073402450942652 0.3649842745862764 0.039612939733607355 0.10978408000477255
5 0.7376935899610689 0.4181809052355499 0.045622859201259656 0.1231289646721816