10 0.609375 0.27109375 0.05546875 0.10859375
7 0.67734375 0.28515625 0.0625 0.121875
11 0.43984375 0.25234375 0.05 0.06171875
11 0.89765625 0.35546875 0.06171875 0.07734375
8 0.82578125 0.3359375 0.06953125 0.0796875
8 0.46171875 0.3265625 0.05234375 0.0828125
6 0.34609375 0.2875 0.0515625 0.090625
6 0.74765625 0.315625 0.05546875 0.090625
9 0.853125 0.396875 0.05703125 0.065625
9 0.73671875 0.4015625 0.05703125 0.06484375
9 0.70703125 0.35390625 0.046875 0.06015625
9 0.6390625 0.340625 0.04921875 0.06171875
9 0.56796875 0.3203125 0.04375 0.05859375
9 0.5109375 0.30703125 0.0390625 0.05390625
9 0.4125 0.31484375 0.0421875 0.0578125
9 0.4015625 0.27890625 0.04375 0.0578125
4 0.22890625 0.48984375 0.09375 0.13125
1 0.325 0.5125 0.09453125 0.14453125
0 0.1671875 0.47578125 0.0796875 0.1078125
0 0.7 0.52578125 0.07578125 0.1046875
5 0.5890625 0.68515625 0.07421875 0.0953125
5 0.0484375 0.43046875 0.0765625 0.08203125
2 0.3109375 0.409375 0.07265625 0.0828125
2 0.478125 0.61015625 0.07265625 0.1046875
3 0.6703125 0.59921875 0.0640625 0.07578125
3 0.609375 0.5171875 0.059375 0.06953125
3 0.4734375 0.5390625 0.05625 0.07421875
3 0.38125 0.51328125 0.06015625 0.0734375
3 0.434375 0.40703125 0.05390625 0.06328125
3 0.24609375 0.45078125 0.05625 0.0671875
3 0.1765625 0.4265625 0.0578125 0.0640625
3 0.125 0.40234375 0.05625 0.0640625