11 0.7964807292953466 0.6263416566391203 0.0681538540078126 0.17801836179556502
8 0.5813674884134024 0.47773057496544025 0.052600935979791784 0.14703125662342204
6 0.7373635684855204 0.44964523658352007 0.05067541327836835 0.16491816106992568
7 0.7165984332269094 0.36918641026731747 0.053128919262291775 0.20325397477225646
10 0.6985212336637497 0.34093492469528774 0.045987913278368174 0.16475446996293303
6 0.6820429016917705 0.3110663754209272 0.03644860590767376 0.12382936960011345
8 0.6739946655594788 0.2879289757837468 0.040045731382639005 0.11068452885594056
11 0.6591152011786804 0.2564433628070554 0.03108830547083343 0.0947594284931208
9 0.6080066428580553 0.27227918313280824 0.02213087955902786 0.07883432813030114
9 0.6182167910344442 0.3031472372164922 0.024583732332569497 0.08360367368379737
9 0.6181070350505206 0.3414012053653268 0.03172408510611113 0.08853671034428627
9 0.6289529628621872 0.3784919775978454 0.03346842306201392 0.09640377404661712
9 0.5149800754193746 0.445701814165667 0.032033209631146066 0.10181796034428618
9 0.6554771356398608 0.4798262991047245 0.043225282769409824 0.11313740626060227
9 0.6675576019205204 0.5644914757837469 0.04831282627239588 0.13048859736759474
9 0.6888494140408674 0.6558605202487839 0.05479921561506949 0.14086310217691816
3 0.2436271798084369 0.7010713935619125 0.050057164228298666 0.1383556610699257
3 0.2730802500969092 0.6094915287711226 0.04295317904593761 0.13498512440943672
3 0.297682166225069 0.5251066050873251 0.03604856240468761 0.10664186960011346
3 0.3145436643252079 0.47143596806401655 0.038483231382639004 0.11062996515360961
3 0.4472483679724302 0.4043526170682247 0.03099738649288213 0.0908531784931208
3 0.3408717346136802 0.3799652306778883 0.02858090131052098 0.08764633293962457
3 0.3520099095755553 0.3374230666127377 0.026763828172257042 0.07665426923729371
3 0.3643287248300345 0.31123258884525634 0.02687293094579868 0.0813417692372937
5 0.13997550294670083 0.6937623797669143 0.07133340539458351 0.18047123920022692
2 0.18429050703076338 0.6008829098039813 0.06817138459302093 0.1452331436467306
0 0.2198299231589232 0.5161160402038678 0.054363457731284814 0.1556795703257528
1 0.24512217030913158 0.4356100846689051 0.0607232137152085 0.19415179328391083
4 0.26952341147541636 0.3933853791339422 0.052110626709236205 0.15950397477225647
0 0.28206043227697886 0.3578199013664608 0.03639405452090285 0.12148561960011346
2 0.3013377623490969 0.33450888693849057 0.04217127583555565 0.1013913744094368
5 0.31451056278593725 0.3051661273198437 0.031760452697291795 0.09009921034428628