10 0.5589608600662845 0.3206226375129499 0.06071429990733286 0.10812502315936375
7 0.5661384761230189 0.5933880494236087 0.07297868693064125 0.1242958327126578
11 0.7226786196849314 0.3255176910703878 0.05657987141421188 0.07907322394515211
11 0.4631672435462141 0.5801860361890423 0.05730655771188111 0.07754711124870503
8 0.24054816596406708 0.3675362946660977 0.06862600362819701 0.08899403349844599
8 0.6212550181409854 0.4014509524429274 0.07532987141421188 0.07994651923042237
6 0.4592560151457604 0.44577464888548946 0.06800844473518967 0.09364514619489306
6 0.7967212988110244 0.4738781083577301 0.07808284918169335 0.09177443114108108
9 0.6303894598809501 0.5285763786216098 0.051964293283910834 0.058578787427387445
9 0.42163201877395756 0.5336042886702417 0.05980407513507622 0.059723910462916766
9 0.1979489821134687 0.5369798074863793 0.06460070253973793 0.06306723428423418
9 0.29001743102500954 0.5068684683635809 0.06543651624206878 0.06466612158778737
9 0.3483085914619631 0.4282490086864524 0.05260913402808374 0.054708924730940287
9 0.699943013331662 0.39152583478408154 0.052854670688572546 0.06174017473094029
9 0.661364152169069 0.4520117245688338 0.04989336179556503 0.06628212551672874
9 0.8053944051642941 0.40852493610798907 0.06395586179556503 0.06693709698068133
1 0.6297718678708328 0.28680625558608047 0.06433037322831048 0.12233307237357546
4 0.2633978781224519 0.43924647477372164 0.0820263047166562 0.11535748035529281
2 0.7773586852013608 0.36757460442878864 0.0721503077118811 0.07823847001621065
2 0.7393973829317753 0.423336606909988 0.07463046696770821 0.08225388192686936
5 0.7791642657787327 0.5537304282501062 0.07918155771188111 0.07856595574818695
5 0.3037004743089204 0.5625726588102868 0.07066965326537744 0.08050944540910479
0 0.28477440343501337 0.7152631652204277 0.09298116288402421 0.09402828990858687
0 0.3435342675080132 0.2915302586864524 0.060786221777031635 0.08784891046291676
3 0.6699330764010206 0.27163286580132817 0.0457688569862416 0.059850188998963993
3 0.47634925670824 0.35264107899311326 0.05274554328391083 0.05861517473094038
3 0.4958185085223385 0.3947729210113959 0.04178076143274545 0.05732450248119943
3 0.48132444418703546 0.271027205957584 0.04552332032575279 0.05281893899896399
3 0.2987599700477511 0.3538697468996281 0.044960325135076216 0.059032551695411065
3 0.13994053075485707 0.39961039412797844 0.061421138837407074 0.06135918507002262
3 0.33746037149902997 0.3864981563290875 0.05425347958157998 0.05712544933804624