7 0.8466411123200814 0.6020762240027385 0.0793289516972024 0.07495218738444542
10 0.5791632417103806 0.5099041297169487 0.05197156615858276 0.0718128155185486
11 0.5881791725267357 0.5718956643566848 0.04324600595192827 0.04890651293212365
8 0.7870666453011769 0.5003258558977653 0.06358577702916719 0.05418504631821861
6 0.9092870789462022 0.4444970562143345 0.06519827400410491 0.06282426042484132
9 0.6730490762157277 0.623592208167621 0.04084316861791084 0.03868206677218975
9 0.8109535971947708 0.5580617995504169 0.047106804156530305 0.04120767319868044
9 0.7304848471947707 0.5557203980593488 0.04396362343837108 0.037991744985435005
9 0.6526143772490001 0.5096971927282148 0.0408477137974506 0.039463316772189574
9 0.5292399888817102 0.6295657603583342 0.037718168617910844 0.03859113855894432
9 0.4482354285768599 0.5850141268139548 0.04242384933607006 0.041852530878812286
9 0.4292814163784156 0.48522707548117133 0.03852668969514959 0.043301370612255675
0 0.5201649707313376 0.5777304757185981 0.04797895774732641 0.0568554052519918
0 0.7669172508837627 0.6060075545649818 0.05499202702916719 0.05393499373179385
2 0.6601405309379921 0.5591432632613281 0.04718407220870695 0.05448892319868044
4 0.642721747662309 0.4640891760351673 0.055105656517662284 0.07346624373179385
1 0.691468319871016 0.4123735633404704 0.055941448672140126 0.08286397578510521
5 0.8349728801758662 0.458743761149757 0.060456231849627076 0.053312868104973175
3 0.6258195522116227 0.6831657849689405 0.03849941861791084 0.03861387061225567
3 0.9006019044745589 0.5942697356812211 0.05181703005422946 0.04525031551854859
3 0.8503751663784156 0.49747965221598384 0.0486693041565303 0.04125313730530315
3 0.48897912412574207 0.43148596153283325 0.03619203005422929 0.04479567445232178
3 0.5652961844305924 0.4759012027573446 0.0330261234383709 0.03767349623907634
3 0.5095319977605048 0.5250684769722394 0.03851759933607006 0.041738870612255674
3 0.7127842627876195 0.509103810833188 0.040870439695149585 0.04336956677218975
3 0.7748029946372469 0.45933714304478385 0.04242839451560983 0.04263378087881246