11 0.3423570330537503 0.31912705087056514 0.055887630508958355 0.053153743731793844
7 0.4670687051658337 0.4445482511871342 0.049274607807534745 0.07091790525199179
10 0.43398475465274344 0.4990167908414353 0.05843140226045147 0.06181568989172774
8 0.3381981695466323 0.4087889444440743 0.05040069671336811 0.052213369358614516
6 0.24602950655260453 0.4404588301000249 0.059721145326597294 0.05014240399835046
9 0.5511163968452086 0.43294081294475906 0.03913588839274311 0.037832620612255674
9 0.48845470231604204 0.5248040525199178 0.03837282218833345 0.03859113855894449
9 0.38471145326597267 0.4952409214828208 0.03840918977951393 0.04015363855894431
9 0.4040258041396532 0.5535762587089816 0.042206337005972296 0.03557979882550093
9 0.3472121064763546 0.5277208008705652 0.03904496941479172 0.033926370612255674
9 0.14684777735416707 0.47270537727617323 0.05712282218833335 0.039136707838416565
9 0.30126056078916696 0.36477451999175275 0.04235180737069451 0.041829798825501106
0 0.42716975056868095 0.40747414852156716 0.04344218189572935 0.05513378087881229
0 0.5372000204203129 0.4723526539318435 0.04649444671336802 0.052099709092057724
1 0.3911419848011115 0.4360932420159342 0.056905269851631954 0.06333272578510521
4 0.1789504561157642 0.40962035556856086 0.08201437262517368 0.06874765149106814
2 0.2552570765567364 0.3337685608996949 0.0552700346692709 0.06016226167848249
3 0.5020242802039586 0.4034064256394559 0.03840918977951393 0.04015363855894431
3 0.4494434876509031 0.3581561101209074 0.042333623575104264 0.04104854882550102
3 0.3100381083762157 0.47355012641824346 0.0407347559839236 0.03944058471887839
3 0.2881254343642712 0.4042090930321486 0.0493285059839236 0.03969063730530316
3 0.22827765567892394 0.38216895698048675 0.04705749116628475 0.04274744114536908
3 0.1677213621759378 0.3632310888755135 0.043169424961875036 0.04341503087881238
3 0.13356522093340312 0.4051768964765031 0.05258079255305557 0.04525031551854841
3 0.2197728650257294 0.28511210055399594 0.042369991166284746 0.04261104882550111
5 0.3741713839274309 0.37782610094970737 0.06293706430454868 0.05413958221159589