5 0.40546875 0.3171875 0.0421875 0.05703125
5 0.82109375 0.3203125 0.0453125 0.0578125
2 0.45703125 0.31328125 0.03984375 0.065625
2 0.759375 0.315625 0.04296875 0.06484375
0 0.5234375 0.3078125 0.04140625 0.07734375
0 0.70234375 0.3109375 0.04296875 0.07109375
1 0.58515625 0.29765625 0.053125 0.09921875
4 0.65 0.30546875 0.04375 0.08984375
3 0.39296875 0.34921875 0.03125 0.05078125
3 0.4625 0.34765625 0.040625 0.05
3 0.5265625 0.3453125 0.040625 0.04765625
3 0.59375 0.3484375 0.0328125 0.04765625
3 0.65234375 0.3453125 0.0359375 0.0484375
3 0.7125 0.35 0.03359375 0.04765625
3 0.778125 0.34921875 0.0421875 0.046875
3 0.840625 0.35 0.03984375 0.04609375
11 0.4 0.54921875 0.0609375 0.07109375
11 0.978125 0.54921875 0.04375 0.06953125
8 0.47734375 0.54453125 0.05859375 0.071875
8 0.9046875 0.553125 0.078125 0.08515625
6 0.565625 0.5421875 0.04921875 0.0859375
6 0.81953125 0.54453125 0.06328125 0.08359375
7 0.64453125 0.534375 0.06640625 0.11484375
10 0.74453125 0.53359375 0.078125 0.10390625
9 0.39375 0.5109375 0.046875 0.05078125
9 0.4765625 0.51015625 0.04140625 0.04921875
9 0.56796875 0.50703125 0.03828125 0.05
9 0.6296875 0.51171875 0.04140625 0.05625
9 0.709375 0.50859375 0.04765625 0.05390625
9 0.78984375 0.51328125 0.0484375 0.05390625
9 0.88046875 0.5078125 0.05234375 0.05078125
9 0.9453125 0.509375 0.05859375 0.053125