2 0.26517850046333613 0.5422062686560499 0.04215278366526398 0.04587906603337366
2 0.32690717414713355 0.5227436177061102 0.03749256551642936 0.046414654567984215
5 0.43291163748664474 0.5353431942549334 0.029516374409436885 0.04131771879233561
5 0.47320925527265956 0.546847260288307 0.031914688111767654 0.04300304952503016
0 0.3246353460168324 0.5429742305509805 0.03623016587924912 0.054926517412854634
0 0.4835936837657805 0.5184323332190856 0.03450397477225664 0.050157130257724704
4 0.36027274565401274 0.5534513851189649 0.04671379809323426 0.06483378392119796
1 0.42131937305867445 0.5535199841690251 0.040518361795565026 0.06606873530067894
3 0.280840705998299 0.5195466966297826 0.029352683302444227 0.03663021879233561
3 0.37903266933781016 0.531736837402957 0.02695436960011337 0.03494488805964089
3 0.4688020082678845 0.5834022359780475 0.030806055897782514 0.03358710594746519
3 0.4397072745099533 0.5200457428754524 0.02296627404661713 0.032396420171816584
8 0.3815897288637898 0.41368620024782726 0.028816969962933127 0.043620525214770646
8 0.5092955774125109 0.4548168905460317 0.03434028366526398 0.0454696302577247
6 0.5095510377567972 0.4250884469684669 0.028980661069925518 0.04830802521477064
11 0.4182439914776615 0.4398702419709412 0.03264137440943689 0.04148149310259512
11 0.46332087850097003 0.4265790258921392 0.031051592558271324 0.04061835594746519
10 0.42543149810108344 0.3909380970138954 0.0332688569862416 0.059450243102595036
7 0.4721155251429254 0.39886346166778797 0.03337798439090349 0.06257524310259495
9 0.3550892270496912 0.4553447557657512 0.026845242195451747 0.03181988805964089
9 0.42830103775679723 0.42083031490171974 0.023774805897782515 0.03321861374938138
9 0.45956839592416526 0.4443840015818797 0.028489587748947897 0.034245525214770645