11 0.6696759314150391 0.3984673754814745 0.047938668019063255 0.06121021077238851
11 0.5118577029253946 0.48740208957351266 0.05507901217486459 0.06750111738824671
8 0.5789867017075786 0.44638217983439643 0.05665514894433983 0.06829145774732641
8 0.467318544645564 0.398071423980664 0.045622191558013545 0.06275907523376914
6 0.6866122410748415 0.5024827097904299 0.058517657872793546 0.08548804810640612
6 0.4929264707823021 0.4529134600850175 0.048225040178041925 0.07761646077238851
10 0.3410054606360323 0.42780840007475474 0.0657943697233466 0.09959145472226431
7 0.5514326716758065 0.5477946889095827 0.06847903896022593 0.11913634026088378
9 0.7874304472433516 0.45618949277152543 0.048501729707460584 0.04871475595192827
9 0.701052616480231 0.43615372784260664 0.04227900324641087 0.05024089451560983
9 0.6566344147759476 0.47418044778837737 0.039948890015886106 0.05100850897699054
9 0.6198105247600616 0.5247526195295461 0.04782957386326192 0.05496021077238851
9 0.44975712338008983 0.5089180203898678 0.04469093709378669 0.054160780054229286
9 0.35255088677277047 0.48256862294739167 0.04545855032431154 0.05338407523376922
9 0.2605230738665572 0.42812149658215437 0.043087526785361166 0.05180793969514959
5 0.734985511367381 0.5512065561014378 0.06057503571381488 0.06909543364502539
5 0.27610143506848717 0.5204089905320302 0.048788101866439074 0.06512100595192827
0 0.2964860730557783 0.5611567103796051 0.0577500446422687 0.08626475292686617
0 0.4331850523562018 0.3392731409013726 0.03876821956119088 0.07287441861791084
2 0.7478009314150391 0.39892189343545537 0.05115912540538936 0.06669714149054773
2 0.7694929249222173 0.4990582488216496 0.06528980925276535 0.07068520472226432
4 0.4210105604738765 0.4548390535673551 0.057927322645445936 0.09642100292686635
1 0.5913696992719466 0.3636333123479538 0.05410289326229698 0.10108577702916718
3 0.25475036079818814 0.40074138514583596 0.03829093262955983 0.045530668617910844
3 0.3847787800350674 0.3819646349494442 0.03756422970746058 0.04865112343837099
3 0.4792458003276069 0.43095664685330093 0.032876729707460584 0.04862385236113216
3 0.5235958181845144 0.3968361769075302 0.03522047970746058 0.04863748789975162
3 0.570316859580372 0.36116684250037895 0.03434377232113448 0.04316419272021177
3 0.6930958405056487 0.35484918568812895 0.03985343262955983 0.04553975897699045
3 0.63222079586338 0.4404412520431034 0.039935253246410875 0.05022725897699054