10 0.385893040992116 0.2597277233443297 0.05736426095704861 0.11020772578510521
7 0.317678829141563 0.27576791198241635 0.06462733603812651 0.12369356426490725
11 0.5557515734595201 0.2360448677757688 0.051077304788538315 0.06317360141192578
11 0.09613901988879765 0.3524908510162144 0.06306879017804183 0.0791395822115959
8 0.1683549391256769 0.33086825211157106 0.07092220048646736 0.0817106527447093
8 0.5325810803593789 0.3109001152684864 0.05378924756436802 0.08433554757185986
6 0.6488879188331375 0.26847327137840793 0.053144365259119655 0.09212531551854841
6 0.24683449513203132 0.308282546780437 0.05705061525911974 0.0922389757851052
9 0.13994752110661363 0.39260137397746797 0.058176738635914306 0.06728443989172783
9 0.25627195048976265 0.3939017980340782 0.05816310186643907 0.06650318989172783
9 0.286791293427748 0.3453817300082473 0.047925031249588024 0.06152017319868044
9 0.3549918685088259 0.33012279137016065 0.0502960547885384 0.06315086935861451
9 0.4264401745151803 0.30774167451882867 0.04477275771063773 0.059866744985435004
9 0.4837032495962582 0.2928009846271008 0.04000343709378669 0.055042852665567035
9 0.5820043819015066 0.2977492459098719 0.04319662094116268 0.05904003087881238
9 0.5935691732973642 0.2614934971635131 0.044759120941162675 0.0590854949854351
4 0.7625434955390684 0.4674072133817068 0.09604097727182861 0.13397784639736088
1 0.6660542792242884 0.4928595059390018 0.09705405235290634 0.14728182845067223
0 0.8245077073896215 0.45154888117011094 0.08156937418757337 0.11013116943775678
0 0.2908224541432106 0.5170521415284453 0.0776085771096728 0.1068925091712
5 0.3989780531702759 0.6731991899582349 0.0758824358759708 0.09747204506457727
5 0.9440486400191812 0.4027811090667872 0.07799436079489297 0.08425899122451135
2 0.6819168327950109 0.3893253289793976 0.07410174756436802 0.08492658095795473
2 0.5112246830398922 0.5949712383880245 0.0744835771096728 0.10680158095795456
3 0.31922809781254463 0.5896258235026143 0.06538526663909146 0.07764527837152997
3 0.38159745860743743 0.5058214733443297 0.06058867248329012 0.07125888605166182
3 0.5171531290621327 0.5237410960681566 0.05754549310014116 0.07585545783841638
3 0.6097906424548134 0.49527746377741827 0.06143810633066593 0.07518786810497317
3 0.5585202431034364 0.3905732434025895 0.055010828327488784 0.06484976167848248
3 0.7460378340128269 0.42884481855455636 0.0574227621748646 0.06882420783841656
3 0.8159918238665572 0.4026029158098471 0.058930715096963834 0.06574467194503911
3 0.8679770637202875 0.37688385029129856 0.05736821509696384 0.06569920783841657