7 0.45234375 0.2921875 0.04296875 0.0859375
10 0.7078125 0.46171875 0.05703125 0.09375
8 0.390625 0.44453125 0.04765625 0.065625
8 0.4328125 0.3796875 0.04609375 0.0578125
6 0.59609375 0.415625 0.04609375 0.06875
6 0.56171875 0.3015625 0.0375 0.06328125
11 0.71875 0.4015625 0.04140625 0.053125
11 0.47421875 0.35546875 0.0390625 0.053125
9 0.2953125 0.3546875 0.03046875 0.04375
9 0.41171875 0.365625 0.03359375 0.0421875
9 0.36640625 0.39375 0.03203125 0.04375
9 0.52890625 0.35234375 0.03359375 0.0453125
9 0.46328125 0.33203125 0.0296875 0.03984375
9 0.6078125 0.365625 0.028125 0.04296875
9 0.696875 0.3875 0.0328125 0.04453125
9 0.6859375 0.33359375 0.0375 0.04375
4 0.646875 0.3984375 0.04609375 0.08828125
1 0.55859375 0.475 0.05234375 0.10546875
5 0.3203125 0.4203125 0.04453125 0.05703125
5 0.64140625 0.48046875 0.04140625 0.06484375
0 0.43046875 0.503125 0.046875 0.078125
0 0.553125 0.3609375 0.034375 0.06796875
2 0.35703125 0.36171875 0.040625 0.053125
2 0.6453125 0.3328125 0.0390625 0.053125
3 0.37421875 0.4203125 0.03359375 0.04609375
3 0.3296875 0.48984375 0.046875 0.05
3 0.453125 0.4390625 0.03515625 0.04609375
3 0.51875 0.40625 0.0328125 0.0421875
3 0.53828125 0.46796875 0.03046875 0.04921875
3 0.75234375 0.43828125 0.04609375 0.04765625
3 0.76640625 0.40625 0.04140625 0.04765625
3 0.62890625 0.3953125 0.03046875 0.0453125