8 0.4818253295486 0.4394153966930583 0.04390968709378669 0.055657092395345845
6 0.6121713486233235 0.44113045251082655 0.04004434740221221 0.05784167490485981
7 0.5528060312528834 0.3982691318643107 0.0451545872559425 0.08225142589344295
10 0.29699636201600416 0.4282099357420937 0.04658071956119088 0.07450259288963731
11 0.5108116258157218 0.5678295567691705 0.04306025324641087 0.051719008897248564
9 0.5355173453769126 0.49421830182625454 0.03897672524323355 0.04140359140676253
9 0.497623653411862 0.3841230602292115 0.0295608149348082 0.03867783942959626
9 0.437853187097082 0.40919865608459843 0.03897672524323355 0.04140359140676253
9 0.32462648417498274 0.4106895133086918 0.03193183847375849 0.04033583992388774
9 0.6228048855549545 0.41337286703556303 0.03350797524323355 0.041180756920082294
0 0.6505696010589554 0.5223194441078697 0.04710287094116268 0.0596906763877346
0 0.2752929115295368 0.5087251066926207 0.04876082832748878 0.0652230933839288
5 0.37988890828312594 0.5544275844494994 0.04854264001588611 0.0527230933839288
4 0.4594497232179341 0.5137124011416825 0.051268219561190875 0.07469359387822046
1 0.40649804708119597 0.46122141251038906 0.049814813716992215 0.08087992688202608
2 0.5864934642894803 0.5257110409518397 0.04548582386326192 0.05650200939154004
3 0.5816871875041191 0.5774327084423255 0.04214263555165907 0.04387467539915128
3 0.5957008689158629 0.4902046224727705 0.03352161201270878 0.04196200692008212
3 0.453875833202048 0.5646846521302658 0.03349433847375849 0.040399506920082116
3 0.3881786952147569 0.5267654994685274 0.03579717816533297 0.03815125741437377
3 0.3133872008967997 0.562602181787761 0.039785248782184014 0.042997924904859805
3 0.29142069765038886 0.6134616862363853 0.03829093262955983 0.04684050790866543