10 0.4453125 0.53046875 0.06015625 0.10625
7 0.7390625 0.375 0.0796875 0.1078125
8 0.284375 0.3875 0.05546875 0.0734375
8 0.5890625 0.515625 0.0609375 0.07265625
11 0.5625 0.65234375 0.0625 0.0703125
11 0.65390625 0.3796875 0.05859375 0.06640625
6 0.796875 0.5328125 0.07265625 0.08203125
6 0.53671875 0.4203125 0.0484375 0.0796875
9 0.4265625 0.40625 0.03984375 0.053125
9 0.47109375 0.32890625 0.0328125 0.046875
9 0.48671875 0.35859375 0.04140625 0.05
9 0.5875 0.38671875 0.04296875 0.05
9 0.6609375 0.5109375 0.05078125 0.05234375
9 0.71015625 0.45625 0.05546875 0.05078125
9 0.73671875 0.6125 0.05859375 0.0546875
9 0.62734375 0.575 0.05390625 0.0546875
4 0.41953125 0.35 0.0515625 0.09375
1 0.45625 0.59609375 0.0703125 0.1125
2 0.67265625 0.61875 0.06640625 0.07578125
2 0.7 0.546875 0.06640625 0.07578125
5 0.82734375 0.48046875 0.06484375 0.07265625
5 0.55234375 0.34140625 0.04375 0.0625
0 0.21953125 0.46640625 0.06796875 0.08515625
0 0.65859375 0.29609375 0.05 0.08125
3 0.40625 0.6953125 0.05390625 0.05859375
3 0.24453125 0.5796875 0.05546875 0.05703125
3 0.4015625 0.50234375 0.04375 0.05546875
3 0.478125 0.4828125 0.0421875 0.05
3 0.28515625 0.42734375 0.05390625 0.0546875
3 0.3625 0.42421875 0.04453125 0.05234375
3 0.35546875 0.38125 0.04453125 0.05078125
3 0.26484375 0.35234375 0.03828125 0.04921875