9 0.16640625 0.48671875 0.05859375 0.0453125
9 0.2703125 0.45390625 0.05078125 0.04140625
9 0.72109375 0.509375 0.04921875 0.03984375
9 0.62578125 0.546875 0.053125 0.03984375
9 0.52578125 0.584375 0.046875 0.0359375
9 0.490625 0.4546875 0.04140625 0.040625
9 0.4609375 0.39140625 0.04375 0.04375
9 0.37734375 0.41640625 0.04765625 0.04296875
3 0.8328125 0.284375 0.05 0.046875
3 0.734375 0.2984375 0.04375 0.0453125
3 0.6359375 0.325 0.04296875 0.04140625
3 0.54140625 0.3625 0.04609375 0.04375
3 0.503125 0.3 0.0390625 0.04453125
3 0.46015625 0.23125 0.03671875 0.046875
3 0.428125 0.18046875 0.04765625 0.046875
3 0.325 0.2140625 0.0484375 0.04921875