9 0.1318555440469252 0.47522836135422625 0.059687523159363785 0.05769486867440889
9 0.2345075091007371 0.48658457936822563 0.04633349855225788 0.055977827339272326
9 0.31077891067231367 0.49372546471195244 0.042136150123834516 0.04968237400540883
9 0.37362351302967856 0.5038368087205429 0.04477099855225797 0.05595964600572696
9 0.463758361458102 0.49863223539940604 0.04458906203449331 0.052053396005727136
9 0.5332168368509962 0.5010038047421783 0.04700558664159917 0.05364316800604527
9 0.6213525376367844 0.505156050087496 0.04618794933804615 0.052852827339272504
9 0.6963525376367844 0.5060287540976773 0.050802674730940287 0.05134487133990877
3 0.6613526071148759 0.3344350174251776 0.04299017473094047 0.051253964672181594
3 0.5950191317219817 0.3320998107494962 0.040355326302517015 0.04497669267186346
3 0.5263419063290875 0.3297373320734966 0.03893837551672874 0.04808351133831792
3 0.4757425928468521 0.3252401887332697 0.04437073821317572 0.04736589600572696
3 0.40791939206106387 0.32132430072404283 0.04853169933804615 0.05288009933959063
3 0.3267785539717226 0.3180351213796797 0.04195421360606986 0.04577612400540883
3 0.2785229904894873 0.31356525003977087 0.04071919933804624 0.05278919267186337
3 0.2049763285788285 0.315054477363135 0.039047537427387445 0.050427261338317916