7 0.5158510058724948 0.18272453122664362 0.057543378529814504 0.12751072394515212
10 0.8407276707579049 0.35952020182375477 0.10533602084968266 0.13441784946188076
8 0.36286709521022664 0.3458881189017001 0.0695516335443794 0.08437930810555194
8 0.758214350620503 0.21902794251812985 0.0780317232778227 0.0808733184446341
11 0.27651572123275864 0.20323404611383983 0.06153454506457736 0.07698418507002254
11 0.8422483698208328 0.2268168637344136 0.07316236685133219 0.07440499462331651
6 0.42394465069964526 0.20416934574233628 0.055094328450672234 0.09696919933804624
6 0.6663905634734844 0.21082164433737546 0.06989261434404952 0.09609805810555186
9 0.2588364762473236 0.2477481794884513 0.05409411810497318 0.06259419933804615
9 0.2833841836900287 0.34256837386409883 0.05418504631821861 0.06571919933804624
9 0.38029628760923695 0.30996773552708856 0.0569690655185485 0.05414599855225797
9 0.49271137107447405 0.2540194884225727 0.04791231426490725 0.06464685090962279
9 0.5503587350228123 0.3106290533525501 0.04612249373179385 0.05676157630251692
9 0.6274918848645277 0.3678914356937043 0.05482990399835046 0.06106808664159917
9 0.7437055697416906 0.2618340266785297 0.04520485141192587 0.052037688998963993
9 0.816014827263538 0.32400223284100144 0.05561115399835046 0.06110447394515202
4 0.3431693944979461 0.620652678454994 0.09656877461060623 0.10124147642635144
1 0.577641334389674 0.5527780119962212 0.08199780925034225 0.10992511765884583
0 0.14878890868371106 0.5977182543432262 0.0928527412245114 0.08078342721213971
0 0.5467874541439999 0.35292571526320893 0.05886418613080409 0.0924636358558109
5 0.11935512443968639 0.45631415839600215 0.08798338479802066 0.0743151033908223
5 0.5570129341522472 0.6450211699779386 0.07251750917119999 0.07905610731976367
2 0.43593487067876274 0.4088011877606189 0.08111125917119999 0.07945636765884583
2 0.7422507183297647 0.31183402667852966 0.07338968738444543 0.08221749462331651
3 0.2465230296916782 0.4027995525239806 0.06344638605166182 0.06224959698068133
3 0.08856211401484512 0.5225042386274605 0.07663670783841652 0.059743181141081084
3 0.30628682310690286 0.4671124555432993 0.06020772578510521 0.058197797766469606
3 0.3740533331360328 0.5513375982235356 0.06016226167848249 0.056635297766469604
3 0.5076530948145151 0.4912818939230907 0.059562868104973174 0.06284891046291677
3 0.6145312321198183 0.4379321079434453 0.05248615399835046 0.060958924730940466
3 0.7031354278840409 0.5836020188206469 0.0634009219450391 0.06068709698068133
3 0.7939255639357029 0.5200788662156131 0.0688696719450391 0.06094180810555194