11 0.33359375 0.528125 0.05234375 0.0546875
6 0.38984375 0.38203125 0.04609375 0.06640625
8 0.5078125 0.42890625 0.046875 0.05390625
7 0.48125 0.36328125 0.0515625 0.08671875
10 0.68828125 0.49609375 0.05859375 0.0734375
9 0.40234375 0.45390625 0.03046875 0.03984375
9 0.425 0.35625 0.0375 0.05
9 0.571875 0.371875 0.040625 0.04375
9 0.59765625 0.41875 0.0453125 0.04765625
9 0.70703125 0.46328125 0.04140625 0.0484375
2 0.31484375 0.46171875 0.05625 0.0609375
0 0.2671875 0.4359375 0.0515625 0.06015625
0 0.60859375 0.57890625 0.04609375 0.06328125
5 0.459375 0.5703125 0.0515625 0.05703125
1 0.53671875 0.4796875 0.05234375 0.08046875
4 0.4265625 0.49921875 0.05390625 0.08359375
3 0.2765625 0.50625 0.04609375 0.04609375
3 0.35703125 0.43046875 0.040625 0.04609375
3 0.390625 0.54765625 0.03984375 0.04375
3 0.46953125 0.6609375 0.053125 0.04609375
3 0.5140625 0.60859375 0.04921875 0.04453125
3 0.4921875 0.54765625 0.040625 0.0390625