7 0.7336478916374438 0.32064235733110186 0.09631766680124727 0.10289371672431687
10 0.21529690665168225 0.6090033370394299 0.1059966298696163 0.07560905405833437
11 0.4476145288106609 0.6267595053627532 0.0587261635548364 0.052680093285945875
11 0.5587939419617554 0.3727446919346449 0.05103639448011279 0.059665891490547816
6 0.3617707118472578 0.4973669211519936 0.06278241801906326 0.06129656918364486
6 0.7833632938281945 0.43888836328303016 0.07774889894433983 0.0684141775949012
8 0.2620729005658976 0.3350845688890573 0.06526253571381498 0.06912270472226431
8 0.45982460795222374 0.34170324931262896 0.05831310633066593 0.07376929810640602
9 0.42786549593951495 0.3008964421310366 0.046198890015886104 0.05104487041330889
9 0.5220927828711458 0.32878561367581366 0.046993776785361166 0.05183066559284875
9 0.5343415925309483 0.2249611769075302 0.04082559740221221 0.0564818041565303
9 0.6436910933417271 0.35839636650448403 0.05406593709378669 0.05421532220870704
9 0.602689992286067 0.4261196768093344 0.04769320616851012 0.04714771077238851
9 0.5689383295420095 0.506383893730043 0.04773411647693564 0.04949146077238851
9 0.5183128124958809 0.6045168667008758 0.04846081939903506 0.046371005951928265
9 0.7244128080316541 0.5971230440993853 0.06647047970746059 0.04881929508134384
1 0.15034228814615164 0.4680147226762452 0.10391197848964455 0.09043916851971492
4 0.3976769841683921 0.540540204231285 0.07325231371699222 0.07932440651766229
0 0.11363144642598229 0.3787476895969538 0.08331310633066598 0.07391474385167988
0 0.5366382982924214 0.4460458365484506 0.06450855925276536 0.07068065954272455
2 0.6904684561652148 0.5320883965587133 0.07772162540538936 0.06685167759490121
2 0.49927684577735915 0.274752098648699 0.05827219602224041 0.07142554810640603
5 0.3289643457773591 0.27376124950902064 0.0573954886359143 0.06595225292686617
5 0.2010883563273707 0.5558010689872532 0.06982730478853841 0.06211872579950324
3 0.3537242069759938 0.6629282886384363 0.06326365909060953 0.0441136143631848
3 0.46896342329077373 0.6862526800307881 0.0601250223211343 0.04331418364502539
3 0.4842866400125908 0.5347947191602038 0.057917640015886104 0.051113048106406114
3 0.4161212467502938 0.4336271288993201 0.05402502678536116 0.05187157220870695
3 0.3160570170428333 0.3846123910977643 0.06582559740221221 0.05662724990180408
3 0.2510553542987758 0.46469480083688053 0.05942559293798535 0.04799713846548563
3 0.173341637173217 0.30878971360105895 0.05719093709378673 0.05423350292686617
3 0.3516166416374439 0.3184197645361353 0.0524761635548364 0.05264373184962743