9 0.5190405388628782 0.3329081185948669 0.037915188638086586 0.06838692067154524
9 0.3399297003830761 0.34202113128582035 0.042670884798020656 0.0707852146721816
10 0.468441145289369 0.32724901193509387 0.04707723997087001 0.08801816800604519
9 0.6464381131569154 0.3564172492441405 0.03884119114536908 0.04653010200509069
9 0.5924636669969813 0.35938825525145834 0.03725595909205772 0.04573067067154524
9 0.5314352387837359 0.36322232725973064 0.03491220909205772 0.04570339867122701
9 0.47513977467711327 0.36543935526736665 0.03337244114536908 0.04646646733768165
9 0.40623065030393385 0.37170808394336624 0.038886655251991795 0.04809260200509069
9 0.3475687041439998 0.3747336339513204 0.036520173198680436 0.047284080004772557
9 0.28964254387744315 0.3793125932925019 0.038909387305303154 0.04887385200509069
9 0.22151466950426374 0.3855722313017287 0.038909387305303154 0.04887385200509069
4 0.5766615075883544 0.5267030245862765 0.0681853618367672 0.11559827534213589
2 0.7358546511618637 0.531098528564641 0.07106866943775678 0.08048747867599956
2 0.29900786902941007 0.5674211206238201 0.06249765149106805 0.08116873134149963
0 0.40794259982908015 0.5544387679424118 0.058151132290738164 0.09283293734086336
5 0.19352474716351314 0.595983019971365 0.07276756175762475 0.0851931600095451
3 0.7785566282006101 0.48608547322568685 0.048488975785105026 0.05601419000636341
3 0.705695789720808 0.49396215523554987 0.04931568989172774 0.057585780673136
3 0.6249769871343833 0.5034922439131403 0.049406618104973175 0.060710780673136
3 0.5490593448145151 0.5090615385900945 0.0454321719450391 0.058321577339272325
3 0.4658376678549111 0.524087649268003 0.05572481426490725 0.0631272560073178
3 0.37980923964166574 0.5282126226130025 0.04400606426490725 0.06299089600572697
3 0.2967921511618637 0.5362074832909111 0.05092365399835055 0.05916646200668154
3 0.20152511526848635 0.5357540446371832 0.05875888605166191 0.06003861867440889