3 0.275532184754905 0.6484410034178456 0.07823463534372674 0.07701247277444097
3 0.3730151647437692 0.5658370607958296 0.06258236334340861 0.07457781918364503
3 0.44640666406745144 0.49431151873954776 0.05783122867599957 0.0690817981064061
3 0.4846873667249973 0.42689675976255737 0.0484016846753633 0.06433975595192827
3 0.5926907707272245 0.4426757749860638 0.058585206675681435 0.06674259328594587
3 0.7374492873965426 0.4613661667711991 0.05863066000954511 0.07064884328594587
3 0.8634759853994062 0.4817281428652899 0.057894863343408785 0.07455054810640611
3 0.8735316907224521 0.40588326035173256 0.05399770401018138 0.07530907220870695
9 0.1830794133911337 0.42474494906492366 0.0600840720082723 0.06128293364502539
9 0.24349874538508853 0.3798591750608185 0.05694089067472685 0.05970225292686626
9 0.2930078493793615 0.33738078357027074 0.048347140674726855 0.05965225595192836
9 0.42461238538349766 0.3670859434075828 0.05462441267504516 0.0620323673882468
9 0.5138566987189522 0.3821927929400446 0.04677555000795408 0.05886191559284874
9 0.5462237560470887 0.3437206453993727 0.038935778007635945 0.0564727137974506
9 0.5793447913749071 0.30290020267916085 0.04050736867440872 0.05726305415653021
9 0.6071061647039983 0.27148657621572775 0.040498278007635946 0.0564818041565303