11 0.8079235250842597 0.6381751465152984 0.06508516539645726 0.17689946509696383
7 0.7234859343323965 0.38186269115756705 0.04961015632127079 0.2024079797074605
6 0.687893867977422 0.3231149825534249 0.03430734318774995 0.12324263108743239
8 0.6794364733636163 0.2998274870176518 0.0381363251355733 0.1100295649348082
11 0.6639978257247485 0.26806897240715516 0.029451671544777014 0.09425456047058126
9 0.6131347624930319 0.2830178624230412 0.020767017953980903 0.07847955600635448
9 0.6238904553114395 0.31407694765038885 0.023138039031219648 0.08320796631477992
9 0.6244489915139889 0.35234456088091365 0.03019656010845857 0.08801819724005648
9 0.6642604043763631 0.49147919886820485 0.04127496067419258 0.11242786201270878
9 0.6778274798065239 0.5763899870176518 0.0460624546240684 0.12969718262955982
9 0.7007286486208265 0.6681683839333967 0.052371541958086 0.13996252678536117
3 0.33806956733693316 0.7018395949698755 0.047670406419466536 0.1375369561685101
3 0.2838956726249316 0.6145129188331374 0.040620975701307314 0.13428922524323372
3 0.3229723290443981 0.4771259671288542 0.03657382513557321 0.1100022913958579
3 0.347718319871016 0.3860782272751238 0.02706701492891881 0.08718240016215581
3 0.35812000956616563 0.34371344927194664 0.025440882415361445 0.07621762662320544
3 0.36998875049097935 0.3177276477298191 0.025468153492600364 0.08090512662320544
5 0.15218206431187106 0.696491396104966 0.0682238009350764 0.17929776217486476
2 0.19490135031802872 0.6043487605533068 0.06567551785578499 0.14410060186643925
0 0.22898143452878825 0.5201686294658745 0.051676650369342346 0.1547926400158861
1 0.3545717869881163 0.550785609580372 0.06374992437344744 0.21593469155801373
10 0.27656093735745857 0.3982566732973643 0.04935562626704133 0.1586579797074606
0 0.28848422043675004 0.36289587175523674 0.034293707649130575 0.12089888108743238
2 0.30736603064340445 0.33991233928783265 0.040425532981095455 0.10069547524323372
5 0.3200342022863774 0.31078790097623 0.03020565046753827 0.08958069724005639