7 0.21171875 0.52578125 0.08203125 0.2484375
11 0.24375 0.4984375 0.04921875 0.1421875
10 0.27734375 0.36875 0.05859375 0.16953125
11 0.3015625 0.34296875 0.03125 0.109375
9 0.3609375 0.3265625 0.03515625 0.08515625
9 0.37421875 0.29453125 0.02265625 0.084375
7 0.4265625 0.2890625 0.0359375 0.09765625
9 0.47265625 0.378125 0.03125 0.0921875
9 0.47265625 0.4203125 0.0375 0.0953125
2 0.478125 0.4546875 0.046875 0.1296875
9 0.4046875 0.4484375 0.03984375 0.1078125
7 0.4 0.515625 0.04921875 0.1421875
6 0.33359375 0.43671875 0.046875 0.1578125
9 0.321875 0.5078125 0.046875 0.11640625
9 0.3 0.5875 0.0515625 0.1359375
9 0.36875 0.6859375 0.05390625 0.1515625
0 0.540625 0.50390625 0.0421875 0.165625
0 0.5375 0.45546875 0.0375 0.1421875
3 0.525 0.41796875 0.03125 0.08671875
3 0.53125 0.3875 0.02890625 0.10703125
2 0.5765625 0.3390625 0.0375 0.10546875
3 0.61875 0.31640625 0.0265625 0.08984375
3 0.63046875 0.35234375 0.0296875 0.084375
5 0.675 0.31484375 0.0328125 0.10078125
4 0.71796875 0.4046875 0.0515625 0.165625
3 0.665625 0.48359375 0.0375 0.11640625
3 0.62890625 0.61328125 0.040625 0.125
3 0.68203125 0.5453125 0.0375 0.1140625
5 0.76171875 0.5375 0.053125 0.146875
1 0.79140625 0.56640625 0.0734375 0.2328125
3 0.725 0.7 0.0515625 0.1359375