2 0.321875 0.5234375 0.04609375 0.053125
2 0.3984375 0.5015625 0.0390625 0.0484375
0 0.58125 0.5078125 0.03359375 0.06015625
0 0.3875 0.52890625 0.0359375 0.0578125
5 0.51875 0.525 0.02890625 0.04609375
5 0.5625 0.54140625 0.03984375 0.046875
4 0.42578125 0.54375 0.04140625 0.07109375
1 0.49296875 0.5484375 0.04453125 0.078125
3 0.546875 0.5875 0.03515625 0.0375
3 0.53203125 0.5078125 0.0234375 0.0375
3 0.4546875 0.515625 0.02890625 0.03671875
3 0.35078125 0.49609375 0.0296875 0.0359375
8 0.49375 0.37421875 0.034375 0.046875
8 0.63203125 0.43046875 0.0375 0.04921875
11 0.5859375 0.39453125 0.02890625 0.04609375
11 0.52890625 0.40703125 0.0296875 0.04296875
10 0.55078125 0.3515625 0.04140625 0.065625
10 0.60078125 0.35859375 0.04296875 0.0765625
6 0.63671875 0.3953125 0.040625 0.05
9 0.453125 0.42265625 0.03359375 0.03828125
9 0.546875 0.38671875 0.03046875 0.03515625
9 0.57890625 0.415625 0.0296875 0.034375