7 0.31796875 0.478125 0.0578125 0.06875
11 0.47109375 0.48125 0.05 0.0484375
11 0.60625 0.32890625 0.0484375 0.05234375
10 0.63359375 0.5890625 0.0734375 0.0546875
8 0.684375 0.47734375 0.06484375 0.0546875
8 0.52890625 0.4171875 0.04765625 0.0625
6 0.38828125 0.375 0.0484375 0.059375
6 0.53359375 0.48125 0.05078125 0.05703125
9 0.46015625 0.28984375 0.04453125 0.0484375
9 0.52421875 0.33203125 0.04609375 0.05078125
9 0.4640625 0.3796875 0.04765625 0.04609375
9 0.3875 0.42578125 0.04609375 0.04609375
9 0.459375 0.5359375 0.053125 0.04140625
9 0.54609375 0.596875 0.0484375 0.03984375
9 0.70703125 0.6578125 0.053125 0.0390625
9 0.61875 0.53203125 0.0515625 0.0390625
4 0.53984375 0.53515625 0.0625 0.06015625
1 0.68125 0.3671875 0.0875 0.08203125
2 0.575 0.278125 0.05 0.0734375
2 0.38125 0.32109375 0.04765625 0.059375
0 0.834375 0.4796875 0.08671875 0.05078125
0 0.38671875 0.65703125 0.0546875 0.0421875
5 0.47578125 0.659375 0.05859375 0.04609375
5 0.3078125 0.36953125 0.0484375 0.05078125
3 0.78203125 0.65390625 0.0640625 0.0359375
3 0.69453125 0.58828125 0.05078125 0.03984375
3 0.7671875 0.5390625 0.06015625 0.03359375
3 0.609375 0.4796875 0.046875 0.03828125
3 0.6765625 0.43125 0.05078125 0.03828125
3 0.7390625 0.37890625 0.05 0.0421875
3 0.70859375 0.2875 0.05390625 0.04140625
3 0.53515625 0.378125 0.04765625 0.03828125