9 0.2216504700429526 0.32274849287386403 0.05068180000795417 0.060048601411925785
9 0.37652887404517976 0.3436556894295094 0.05385225334181776 0.06404577962517113
9 0.43604877737108916 0.29071855753448267 0.04673009667409058 0.05602869114536908
9 0.4316618167170431 0.38352818316130327 0.044477253341817756 0.06377299498543501
9 0.5591959233768161 0.33647498990436314 0.04600339067472703 0.06069345909205772
9 0.6550260440404072 0.316614782461658 0.048374412675045164 0.06310540525199179
9 0.695660682049634 0.3857428671805364 0.04916475334181776 0.06390938730530316
3 0.2783913660486796 0.3665727007122805 0.056232366008908664 0.06723897578510521
3 0.33938286270686174 0.30586853292387645 0.04442270934118149 0.0590854949854351
3 0.45548966804581603 0.35063912681395487 0.04915566267504516 0.06312813730530316
3 0.4966146547183158 0.3947899435861445 0.04839259400859035 0.0646679052519918
3 0.6104044347151341 0.3746713233696003 0.04681191267504516 0.06305994114536909
3 0.7218595553787253 0.35526575699312196 0.041361344008590525 0.06446331677218975
3 0.6859135120544065 0.4206036004874889 0.050009638009226975 0.06940086935861452
3 0.7910913607176795 0.39867242768452 0.05466077534213589 0.06641226167848249