7 0.63046875 0.4828125 0.06640625 0.10859375
10 0.61796875 0.44453125 0.05390625 0.09921875
8 0.4703125 0.496875 0.06015625 0.0765625
11 0.4046875 0.58671875 0.05390625 0.0734375
6 0.40390625 0.453125 0.0546875 0.0859375
9 0.7140625 0.54765625 0.05546875 0.06015625
9 0.67265625 0.4640625 0.04296875 0.05390625
9 0.6 0.42734375 0.04140625 0.04765625
9 0.540625 0.4328125 0.04296875 0.05078125
9 0.32578125 0.42734375 0.03984375 0.05546875
9 0.39453125 0.5359375 0.0453125 0.06171875
9 0.56484375 0.4578125 0.0296875 0.05078125
1 0.54765625 0.46875 0.0640625 0.11171875
4 0.32109375 0.4484375 0.06171875 0.1046875
2 0.321875 0.540625 0.05703125 0.07890625
0 0.56640625 0.52109375 0.04921875 0.08125
0 0.7140625 0.49453125 0.05859375 0.08671875
5 0.48359375 0.5421875 0.05390625 0.0734375
3 0.2171875 0.6 0.05703125 0.06328125
3 0.246875 0.5078125 0.05234375 0.05859375
3 0.259375 0.46796875 0.0421875 0.053125
3 0.33046875 0.503125 0.04921875 0.05390625
3 0.4109375 0.50234375 0.04609375 0.05703125
3 0.475 0.4578125 0.03671875 0.05
3 0.559375 0.5890625 0.05859375 0.06328125
3 0.6421875 0.55625 0.0546875 0.06015625