8 0.5777477052246682 0.34554746834007954 0.05380775271353357 0.07352900324641087
10 0.5043854483272632 0.3129883384704632 0.06227202792830404 0.10099548417168744
7 0.43288226255161444 0.3195598924482227 0.05659523801421251 0.11182389001588611
6 0.3834687607425922 0.3671791862797126 0.05129690637700666 0.0851932061685102
11 0.45205498643233266 0.3715042219935275 0.04805239767057934 0.06796479586008478
9 0.6804665914752868 0.37001740868027716 0.04875508254171699 0.05158581939903506
9 0.6325337025111347 0.41922647605071733 0.045548195386587054 0.04996877232113448
9 0.5095366157855463 0.3639059561652149 0.039502913274411536 0.05376592816533297
9 0.3270682745374021 0.42875188595540104 0.049781994007106256 0.056286956168510115
9 0.4629581869073025 0.40219116030513025 0.05196196969684656 0.05320286647693564
2 0.8680130998430297 0.5812936481269703 0.08961909995457162 0.08664265787279354
0 0.7708514948000758 0.5850714387120493 0.07707815637700666 0.08564321956119088
0 0.4731852787212736 0.535303669233584 0.05207815637700648 0.08520684293798535
5 0.5629537856186786 0.5681491712621789 0.05890468848918218 0.08142332386326193
1 0.603012219585305 0.6095105568138381 0.07912533525525038 0.12470571956119088
4 0.7118925746282592 0.6059373177708867 0.09541207654882307 0.10781822848964459
3 0.8196065773417927 0.5350947581110843 0.05619576831736559 0.05952105032431163
3 0.7275861736783196 0.5452180060824894 0.0571407926276251 0.06265968709378669
3 0.6573588828597166 0.5572855835991992 0.05183581693788462 0.06568922970746058
3 0.536302754411014 0.5395332475610728 0.04916451831736559 0.05939831939903506
3 0.48076540536095375 0.5995570840062363 0.05331642978275504 0.06415400324641088
3 0.5137582898025501 0.6712917621715693 0.06959652702379308 0.0769267386359143