7 0.6234758022116227 0.6356247452469983 0.07769827400410509 0.06453984305173996
10 0.5398462116561513 0.5114295740307145 0.06285906918364503 0.06462973428423435
6 0.7915763624182771 0.6051452249831186 0.07293350595192827 0.051040269230422194
8 0.6867393923743106 0.5014637609627639 0.05888009631100797 0.05194779776646961
11 0.8736313800776703 0.32874108271716695 0.06593861738824672 0.05696278349844599
9 0.37992176581268156 0.4790452212590649 0.048687484874689525 0.04522476282028158
9 0.45931837432213374 0.5253337162966663 0.04631191861791084 0.0396468509096227
9 0.5998393560735653 0.40241413896069195 0.044772144515609825 0.04348032630251701
9 0.5489030490883646 0.5656804263880794 0.04786532825883114 0.03815712551672874
9 0.6038541695016736 0.5178208151393744 0.0447630541565303 0.04191782630251702
9 0.6690660790443982 0.4515194189444813 0.04790623487468935 0.04518837551672874
9 0.7518467627876195 0.4531311147678709 0.056490894515609825 0.0440261358558109
1 0.5733773709042882 0.25212519458504445 0.05988406010845857 0.09026543507002263
1 0.6559398860295987 0.29123689040843403 0.0692045179539809 0.0813270827126578
0 0.5068983980316514 0.26771811538704343 0.04884656615858276 0.07256851282028158
0 0.45807403688992043 0.4707189909037721 0.05422441256778665 0.05719822394515219
2 0.5995348290443981 0.4547578889606919 0.056586343285945875 0.06043238585581072
2 0.7938438861277946 0.34964008767956567 0.06669714149054773 0.05309292080199892
3 0.44804102761834236 0.31575966315351306 0.04008918969514959 0.044043252481199335
3 0.37948140427816723 0.42048785856261783 0.044785780054229285 0.04582407630251702
3 0.5188120698710159 0.36791716853019657 0.042455665592848746 0.04805866439185813
3 0.5862768258229443 0.3171316104246447 0.04168350595192827 0.04958477708830529
3 0.7271785608940255 0.3972642584815646 0.05415623487468953 0.04547947394515202
3 0.8037546964326449 0.3913545527333776 0.0541380541565303 0.042354473945152016
3 0.7128302354638647 0.3127993672490702 0.04871475595192827 0.049912262820281585
3 0.8558898890546608 0.29051549069888427 0.054919304156530305 0.04239086124870504