7 0.32236107505966266 0.4951341962362532 0.06185149069437505 0.08705509328594588
10 0.3531508486333112 0.40117966315696185 0.053039416873057556 0.08231759631100796
6 0.4709291617012618 0.547409247662309 0.04736945967712849 0.06119657523376922
8 0.46965129797135746 0.4528598169441497 0.05269266046291676 0.05810339149054773
11 0.7373995700972639 0.4130104800029157 0.05318281203449331 0.051857936670087666
9 0.27553096277750033 0.3453660003927835 0.04266268899896399 0.04398634933607006
9 0.294156838294229 0.3929268016224475 0.041172963606069854 0.045539758976990544
9 0.33178742493582813 0.4458472685431561 0.04337116439185813 0.04242839451560983
9 0.40166327729319307 0.4360632023845733 0.03712116439185813 0.04239203307929138
9 0.4798931310982999 0.37074675371243315 0.040991027088305286 0.04163350897699045
9 0.49862816852568737 0.4206513049420971 0.04113657630251701 0.04475850897699054
9 0.5577142241500399 0.4476587116561513 0.039537688998963996 0.04396816861791084
0 0.3276756596343472 0.35756601854315606 0.04613444540910479 0.06821873487468952
0 0.5001627816364191 0.26903880796715923 0.0476241708019991 0.06666532523376904
1 0.5480009681541839 0.27266780201523094 0.0570912160872691 0.08546532220870703
4 0.5861217063673596 0.31933372375639973 0.05981595574818712 0.07688975292686617
5 0.6594008486333112 0.39939795277735674 0.050130586641599174 0.05340225595192827
2 0.4357086375084407 0.39522912412574207 0.048859185070022626 0.05964316559284875
3 0.31391922063538324 0.3138841962362532 0.03395977708830529 0.04159260236113216
3 0.4319222038861602 0.28037628376666246 0.03801157630251702 0.04474032825883114
3 0.4482407167064418 0.3287319705349459 0.046605326302517014 0.044790325233769135
3 0.5283092063673596 0.3196700670423456 0.034886576302517014 0.04472214754067201
3 0.5769158343652876 0.4069109918085765 0.043407551695410974 0.043209644515609824
3 0.6396898161683225 0.42920817262493155 0.03935575248119925 0.04006191861791084
3 0.6260767723307943 0.35504850995894904 0.03477741439185813 0.04237839754067192
3 0.7510425390800173 0.3871428715916593 0.040991027088305286 0.04163350897699045