10 0.54765625 0.4180913074076784 0.046875 0.0950766900063634
7 0.590625 0.44593504408017814 0.05390625 0.11078350600731782
8 0.4484375 0.48803054272754265 0.05078125 0.07871589334022691
11 0.45078125 0.5724328147278609 0.05234375 0.07951532467377227
6 0.35078125 0.4611129593809524 0.046875 0.0864829400063634
9 0.684375 0.48686967409290477 0.04375 0.054415327339272325
9 0.49296875 0.44479871073358784 0.02734375 0.048755673337045204
9 0.45859375 0.42564872139558807 0.03671875 0.050427261338317916
9 0.5109375 0.4145390460693605 0.02265625 0.045576129336408935
9 0.40234375 0.539056693387952 0.0453125 0.06068350867281787
9 0.246875 0.4559976507001803 0.04453125 0.055205668006045275
1 0.5109375 0.4481327960693604 0.0515625 0.11153748400699967
4 0.27109375 0.4711232113701347 0.0625 0.10853975334181776
2 0.33984375 0.5516106900461343 0.05390625 0.08187725600731781
0 0.65625 0.4451361600890868 0.0484375 0.08259487133990877
0 0.5546875 0.48848562340863283 0.05 0.08261305267345413
5 0.4921875 0.5229146200668151 0.05 0.07167555267345413
3 0.20390625 0.5023726640276805 0.05078125 0.05996589334022708
3 0.22734375 0.5424891340308623 0.053125 0.06468066534054522
3 0.265625 0.6312158267027256 0.0578125 0.07176645934118149
3 0.31171875 0.5200334260423162 0.040625 0.059066464672181594
3 0.39140625 0.505335674053134 0.03515625 0.05431533000477255
3 0.415625 0.4571799847230883 0.03984375 0.05358862400540883
3 0.5890625 0.5474793627466326 0.04453125 0.05676816800604527
3 0.63828125 0.5089895747533142 0.04453125 0.05754941800604527