6 0.29765625 0.55390625 0.05625 0.07265625
11 0.38515625 0.56953125 0.04921875 0.0640625
11 0.484375 0.53984375 0.05 0.0609375
8 0.54453125 0.60703125 0.06875 0.06640625
8 0.32421875 0.50078125 0.0640625 0.06484375
7 0.34609375 0.60390625 0.0640625 0.10234375
10 0.440625 0.63828125 0.06328125 0.09375
9 0.403125 0.5359375 0.04921875 0.0484375
9 0.45234375 0.596875 0.0484375 0.05390625
9 0.58203125 0.51640625 0.04375 0.05234375
0 0.4234375 0.37734375 0.04296875 0.07421875
0 0.65 0.3484375 0.046875 0.0625
2 0.7234375 0.3625 0.05546875 0.0609375
2 0.64453125 0.3875 0.04765625 0.0578125
5 0.44609375 0.3515625 0.04140625 0.06015625
5 0.50390625 0.36875 0.0421875 0.05859375
1 0.525 0.3171875 0.04375 0.096875
4 0.60078125 0.3296875 0.05 0.0890625
3 0.4671875 0.31953125 0.03515625 0.0453125
3 0.48203125 0.396875 0.03515625 0.053125
3 0.571875 0.38671875 0.0390625 0.04921875
3 0.70625 0.4078125 0.04140625 0.04609375