7 0.45008077147002223 0.24680544724335177 0.05514656313352084 0.07986082386326192
10 0.38931092223214814 0.3533242284929398 0.06131474990180408 0.06590741801906326
6 0.5913961178792262 0.259962191968346 0.042537478824565336 0.06089263555165925
8 0.5166364915139889 0.35422643506848717 0.04559884631100797 0.05000968262955983
11 0.7438251845287882 0.5111819983817375 0.054183505951928265 0.04859718709378669
9 0.5913592355620605 0.40057355519887083 0.043223280054229284 0.04450002232113448
9 0.5178944644848217 0.4065429115295368 0.045539758976990544 0.03985343262955983
9 0.45897346155795543 0.46381566924017453 0.05178066861791084 0.03840002678536116
9 0.44944444633444913 0.35618044724335174 0.043214189695149584 0.042937522321134305
9 0.4004120486955812 0.3250083137202875 0.04556703005422928 0.044540932629559826
9 0.3251893348981306 0.3645986935899038 0.04397725897699045 0.039826159090609534
9 0.2600865096643615 0.4102617954563429 0.051022144515609824 0.042292640015886104
4 0.5216865641154793 0.5603673409126857 0.05498293667008767 0.05173582386326192
1 0.4393962388817102 0.6063304517075786 0.061986915592848746 0.04717105478853849
0 0.3784314678044714 0.6120816197266419 0.06043350595192827 0.04870628124958802
0 0.32340866628021975 0.40212596712885407 0.059670436670087576 0.051817644480112966
5 0.6548717688377437 0.4939865901019068 0.047115894515609824 0.042224456168510116
2 0.4476137807416004 0.40230147078230216 0.05344770774732659 0.05639605032431163
3 0.7411950882177802 0.560441658690163 0.05176703307929138 0.03605627678536116
3 0.6535501633533535 0.4526076136408571 0.04709771379745078 0.03909945616851011
3 0.5832240278147341 0.45617867289362246 0.04555339451560982 0.04219718262955983
3 0.5889240610904173 0.5506008287378211 0.0447630541565303 0.04062104586008477
3 0.4521825851927182 0.5568935133959758 0.04630282825883114 0.03674206939903506
3 0.38138881704234556 0.5065719594182164 0.04944600897699045 0.03992161647693564
3 0.31618599785870066 0.5694225612846555 0.05178975897699045 0.03996252678536116
3 0.25351380191703504 0.4658396396121443 0.05727214451560982 0.042401734171687265