7 0.709375 0.3 0.0625 0.11640625
10 0.70703125 0.38125 0.071875 0.11328125
8 0.56875 0.36640625 0.0625 0.0796875
11 0.21171875 0.41328125 0.0640625 0.07109375
6 0.55546875 0.2921875 0.0453125 0.0859375
9 0.84609375 0.47421875 0.06171875 0.06484375
9 0.7890625 0.42109375 0.0421875 0.059375
9 0.64375 0.38828125 0.0421875 0.0578125
9 0.55 0.45703125 0.046875 0.0609375
9 0.52734375 0.4046875 0.04453125 0.05703125
9 0.45859375 0.38359375 0.04140625 0.05625
9 0.7265625 0.378125 0.03046875 0.05546875
1 0.4328125 0.55859375 0.075 0.13828125
4 0.38046875 0.49453125 0.065625 0.11796875
5 0.3125 0.4234375 0.05546875 0.07734375
2 0.60703125 0.4140625 0.05546875 0.084375
0 0.7609375 0.43828125 0.0640625 0.0921875
0 0.51796875 0.6015625 0.06640625 0.10390625
3 0.8125 0.5234375 0.06015625 0.065625
3 0.63828125 0.60078125 0.05859375 0.06953125
3 0.60390625 0.515625 0.053125 0.065625
3 0.4703125 0.5375 0.05 0.0640625
3 0.328125 0.48828125 0.05859375 0.0640625
3 0.42421875 0.421875 0.04765625 0.059375
3 0.35390625 0.40234375 0.04375 0.05703125
3 0.16796875 0.45234375 0.05859375 0.06171875