11 0.17685363717980757 0.6437213659685422 0.06713077313191321 0.17951246572854593
8 0.39744064691904024 0.48102613196531924 0.05086484496658024 0.1418836631118273
6 0.24325770738962146 0.46112940287083226 0.04972508482031053 0.16601140785015556
7 0.26733218141503917 0.3785598265765905 0.05195578652459387 0.2043836631118273
10 0.28658674188562044 0.3485615134365283 0.045037584820310526 0.1657383920651399
6 0.3043060758951521 0.317091705558138 0.035734722807601746 0.1246128631259447
8 0.31330892897940715 0.29315367661894276 0.03940914772652384 0.1115591262801244
11 0.32949303652788914 0.2602123740022243 0.03054266233702041 0.09543359734092913
9 0.3800288246773361 0.2713172029978892 0.02167617694751698 0.07930806840173403
9 0.3685458538983293 0.3032042398295921 0.024101747564368024 0.08413207629424183
9 0.367096402194046 0.34153099246042806 0.031214818181219073 0.08922909997176517
9 0.3547230872592378 0.3797135319229669 0.0329136858759707 0.09713260523343692
9 0.3240304204579905 0.48374087926389614 0.04257505803494936 0.11408488680346807
9 0.30848151258519696 0.5697161766189428 0.04756256696340309 0.13154540258848363
9 0.28343487378712695 0.6632687555440204 0.053989844966580235 0.14206567363517095
3 0.7274479265470705 0.6670652585983795 0.04926143465815471 0.13944890785015537
3 0.7016860418061903 0.5780328506776369 0.04217563758025413 0.13591438417263219
3 0.6804889261400333 0.49575867697187864 0.03543471387914785 0.10742536312594471
3 0.665791226464345 0.4435437295885971 0.03784664772652384 0.11146812101845249
3 0.47157362216227383 0.43690513466674236 0.03303641680124727 0.10416385523343692
3 0.6431543417234646 0.35432931114451083 0.02807618141174384 0.08826583944842144
3 0.6337344772751239 0.3127333453453778 0.026322766639091454 0.0772373341867496
3 0.6224657406678045 0.2876346348079167 0.026404587255942503 0.0819248341867496
5 0.8315450913197229 0.6500759086972016 0.07029668344033872 0.18203822625188942
2 0.7909530933483178 0.5611268007623413 0.06733927881395622 0.1467454683593818
0 0.7588184776821609 0.4794896638882862 0.05346769358660843 0.15686392100433508
1 0.7367719281686282 0.40116724281336397 0.059604645290891864 0.19546368942018652
4 0.7140571769508123 0.36112607173844163 0.05119212743398442 0.1606336631118273
0 0.7029520815771949 0.3266523612009805 0.035693812499176227 0.12226911312594471
2 0.6845975478919748 0.3050881743410427 0.04158925649282175 0.1023206341726322
5 0.6726021083625562 0.2769099664344175 0.03124209172016936 0.09079159997176518