8 0.5738171217784401 0.4413552561044355 0.048124318746907056 0.11549220318850324
7 0.3693066841937691 0.4870418130926975 0.06339519391624915 0.22848352611928177
11 0.3385247529406761 0.3718362149471483 0.04166960085908267 0.11125840456798422
9 0.4077151662150877 0.3221914190401628 0.03287777702379309 0.0772961623699004
9 0.3478112217330116 0.3441206507227971 0.03143810775648763 0.07955802521477065
9 0.4336447438955645 0.6196739286511012 0.04684510176359389 0.1356818724558085
9 0.33526811963073355 0.7030419493433161 0.058151093961677704 0.143286332541717
1 0.6468485080290587 0.4679011459730987 0.06085337008095948 0.19484883254171698
2 0.5204464603130509 0.4432585928300239 0.0423656416776856 0.1245396545679844
3 0.6082585623037873 0.7408506450685876 0.05260045680654794 0.14143722749876275
9 0.5127291355732501 0.5008254313646348 0.043150213703953 0.10977779172311415
3 0.5760922727283798 0.5025793611473895 0.03912113297125828 0.10722932383528967
5 0.630561766735486 0.44981288726667146 0.046848423789861114 0.12087906603337348
3 0.6112628900958058 0.38456302351729 0.0285587692218769 0.08408175090451123
3 0.45533047263752274 0.32547022727162017 0.028313107756487453 0.07939425090451113