10 0.45546875 0.3375 0.05234375 0.0890625
6 0.39765625 0.3453125 0.046875 0.06875
6 0.59140625 0.3421875 0.03984375 0.06796875
9 0.25859375 0.3890625 0.0390625 0.04609375
9 0.3234375 0.38828125 0.03828125 0.04375
9 0.39453125 0.38828125 0.0390625 0.04609375
9 0.45703125 0.38671875 0.03671875 0.04296875
9 0.5328125 0.38828125 0.04140625 0.04609375
9 0.59453125 0.38671875 0.04140625 0.04375
9 0.65 0.38828125 0.0421875 0.046875
9 0.72265625 0.38984375 0.04453125 0.04375
4 0.45390625 0.65859375 0.0671875 0.08984375
2 0.2796875 0.67421875 0.0703125 0.065625
2 0.72890625 0.6609375 0.06875 0.065625
0 0.62265625 0.6671875 0.0609375 0.06875
5 0.83515625 0.6859375 0.07734375 0.06015625
3 0.2 0.61171875 0.05078125 0.05078125
3 0.2859375 0.6140625 0.0515625 0.04609375
3 0.375 0.61484375 0.04375 0.0484375
3 0.4609375 0.61015625 0.04453125 0.0421875
3 0.54453125 0.62109375 0.0484375 0.05078125
3 0.634375 0.61484375 0.04609375 0.046875
3 0.7109375 0.61640625 0.0515625 0.05234375
3 0.8 0.60234375 0.053125 0.046875