5 0.7586427052132436 0.27784908310934087 0.05507384026088378 0.0676791156913195
5 0.2218012353656688 0.28645056553881965 0.06130565954272456 0.06469958605604172
1 0.5328660003927835 0.2718127161837504 0.05141302995603354 0.10977569671336802
4 0.4453523648541641 0.2721198810776393 0.0529209878015557 0.10043706430454868
0 0.7650921722321481 0.37801273726965345 0.0684141775949012 0.07814449021635425
0 0.5322933077707676 0.3702502161837504 0.04810622277444097 0.07845296153100705
2 0.5413319644848217 0.42828092173083376 0.058185204722264315 0.06540810087368065
2 0.6104092174116879 0.3736310957427783 0.059774975799503235 0.07013196846486114
3 0.704581398228043 0.43755008500920195 0.04950509631100797 0.05036432912218754
3 0.7691938649523599 0.3445099062476048 0.04716589149054773 0.05109102773541672
3 0.6114404522863774 0.3306805295383686 0.03932157523376904 0.04544043977951393
3 0.5294137474659172 0.3279899810013894 0.04248748184962743 0.05254442496187508
3 0.45148366930528183 0.42697103523795177 0.04639373184962743 0.052635343939826384
3 0.37389954567051914 0.3321839056789239 0.04326418667008758 0.051781358757465326
3 0.29469331382089176 0.3819098423243058 0.04875111738824689 0.05503364532659729
3 0.21057738905466086 0.3354147424005557 0.04561702702916719 0.05339841014423623
11 0.8414536425707023 0.6829561168286812 0.08239031918364503 0.06362804853697916
11 0.34142637149346344 0.676005987650903 0.06909088846548564 0.06019392401194459
8 0.750905910622879 0.6675655465402089 0.08397554508134383 0.06757066612815983
8 0.26630469340758284 0.4265677256830558 0.07069884026088377 0.06804279160312507
6 0.6485439799047198 0.6683084693178826 0.06366304508134384 0.06709788744281261
6 0.25513032319066564 0.6013313363403822 0.07070338544042354 0.06882404160312508
7 0.24381557328886153 0.6659205132021182 0.10208974082661779 0.09298889342673622
10 0.24935302186280578 0.51993586597566 0.0911522408266178 0.09273432028847246
9 0.802450750785567 0.537497493253577 0.059684072208707306 0.05450696846486114
9 0.7082103922761147 0.48529725398715334 0.04875566256778665 0.05581489532659738
9 0.6258700700674076 0.5365129554501742 0.05107668667008767 0.05196319671336802
9 0.5481263442679045 0.6034627596867366 0.04715225595192827 0.04874727773541672
9 0.44028202801112587 0.6064221458952781 0.05499657220870695 0.054397865691319505
9 0.3578104164766115 0.5459009135627086 0.05420168667008758 0.05203593189572917
9 0.2660001663784156 0.4789114756830558 0.05654089149054773 0.05130923328249999
9 0.15545303093799206 0.5435350605048266 0.06279543667008758 0.05223595364722229