10 0.3919538793761798 0.3065876535916316 0.050364174013362996 0.09958307912218753
6 0.4451243327100435 0.30925740549149267 0.04624883867759042 0.08152341014423614
6 0.25396353071290695 0.33480618541111096 0.04317838267822669 0.08613817496187508
9 0.5819976240451797 0.319356491263194 0.04043464334022708 0.051708623575104175
9 0.5328879620464524 0.32987707038538155 0.038890324673772445 0.0532347559839236
9 0.47046977804740686 0.33836302403260377 0.03808180267345414 0.050872822188333354
9 0.4119487533815887 0.34597680870187464 0.03421191534054504 0.05390690321038196
9 0.34176352271640675 0.3585508503049997 0.04357782467377245 0.05334385875746532
9 0.2777737480505886 0.3662919215434025 0.04593066534054513 0.05417966014423614
9 0.22006124538508853 0.37623127241708315 0.04362327800763603 0.05725010875746541
9 0.1381845367202248 0.3914218209540624 0.047547709341181486 0.05890352773541672
4 0.632325982733906 0.48072909593659663 0.07332041601686293 0.12589165919430556
2 0.7799185980664969 0.471823608570034 0.08067838267822687 0.08701099715020852
2 0.3535293680776328 0.5638013947579165 0.07538235534690844 0.10172746058107655
5 0.24626230808399613 0.6131857585493747 0.08310394867918128 0.09409679853697916
0 0.46884528540736026 0.5345476930105552 0.06139258068109008 0.1076501522604513
3 0.7863862267265882 0.42322245440972156 0.0498550966740904 0.05583307912218753
3 0.7256396307288153 0.44104704046576326 0.05151759400859035 0.06446319671336802
3 0.652374853397497 0.4576000672512494 0.043677822008272395 0.061937608757465415
3 0.577538485399406 0.47340821162791624 0.047620434675363296 0.06515352773541672
3 0.503583364735815 0.4977919222089927 0.042960206675681435 0.06738817496187507
3 0.40919756540417856 0.5124921614754163 0.053171000676317706 0.07231206430454869
3 0.3250498320734966 0.5339872613991664 0.05002781934277234 0.07067682912218753
3 0.214230510741542 0.546725610372986 0.05789486334340861 0.07554616707809032