7 0.7215990632693232 0.2752280791417915 0.06724319121648215 0.11858879809323426
10 0.7225659970714315 0.35655992469528774 0.07649085722409339 0.1157911803072194
8 0.5836799106075847 0.3465450623515685 0.06574701680591381 0.08187004809323425
11 0.22855867049341655 0.40588786833416907 0.06695934832684483 0.07333086179556503
6 0.5673744782883512 0.27279010382138075 0.04881418479069151 0.08751984736759474
9 0.8654166833449978 0.4446725051878415 0.0643609303420675 0.06699901624206887
9 0.8062207554743885 0.39353908032291784 0.044606845855386726 0.060848219962933034
9 0.6595712485543063 0.3658010046396874 0.044543178859192525 0.05928571996293312
9 0.5686225963868595 0.43782482677953877 0.04935801285158128 0.0625744110699257
9 0.5438335020143474 0.38627225046333613 0.04685509536109524 0.058586315516429364
9 0.4742239975657231 0.36757930336589384 0.04369826186299815 0.05769593811176765
9 0.7419699130790427 0.35275287841615205 0.032728928364900864 0.05653274219545166
1 0.455573451139495 0.543479604454353 0.08063452916320361 0.1409003077118811
4 0.4006193542955249 0.4812449884824366 0.07043185821267653 0.1202604254978958
5 0.3297537559686801 0.4125247595338289 0.058620266311622336 0.07928076143274546
2 0.6239030039915138 0.3928645016444625 0.05890676779449713 0.08631201143274536
0 0.7787960924325268 0.41170872696487326 0.06781885277546902 0.09442461179556502
0 0.5424805435348408 0.5834746326773212 0.07064010524692713 0.10622520734906135
3 0.8338284437251211 0.49506437478795495 0.06283026384016424 0.06772570253973793
3 0.6627612100367435 0.5784919775978453 0.06142693133065045 0.07157738883740698
3 0.6249163587441492 0.4945361290491242 0.05579901384016441 0.06748016587924895
3 0.4922139466908707 0.5210763255984123 0.052610346843970035 0.06580853847458741
3 0.3480209363107473 0.4768228725105203 0.06120409684397003 0.06610863883740699
3 0.44140883897248573 0.4070609548171727 0.0500755958553869 0.06103919292109108
3 0.37030050152005584 0.3899850714220611 0.046073845361095246 0.05855903366526398
3 0.18640034539827632 0.4464781519994331 0.06110859634967847 0.06376488883740698