7 0.26388958157719494 0.3789831403416297 0.06286028449599898 0.11263926285158128
10 0.3389850389635211 0.37657040615896054 0.05715970941492108 0.09913517836490096
6 0.402252652194046 0.3799301695048334 0.044318790178041745 0.07909459239534575
8 0.1482139886392096 0.42195986612134195 0.05207674310014117 0.07628792737631773
11 0.5846287755708405 0.4123792080595772 0.04488185186643925 0.06662642589344295
9 0.45129807833078406 0.43665501338305396 0.04704832386326192 0.0565656763877346
9 0.37492649310343645 0.4225978305695287 0.04396423417168745 0.05878209239534567
9 0.3043958047918337 0.4322328157407812 0.04390968709378669 0.055657092395345845
9 0.24859977232442967 0.44872263737588025 0.04626707386326192 0.05653384288963732
9 0.3385156603117208 0.49304032315515495 0.0485699135548364 0.0542855933839288
9 0.18301963677277047 0.488267957033813 0.04941934740221221 0.05822367688202625
9 0.12511563352635957 0.5359441116727177 0.057286394480112926 0.061667011862998146
1 0.49406445657884257 0.6291581897707884 0.07571484050235337 0.1334610988211363
4 0.5826729890462466 0.6140053750557716 0.07781312865180041 0.11949409931542795
0 0.4175740945661338 0.6666953404553604 0.06029834618439622 0.10004376235728962
0 0.4243207467568844 0.5489175914439437 0.057818228489644595 0.09213576186299814
5 0.8085321055231823 0.573954672507764 0.06620742694751698 0.08076718034206731
2 0.5639696278443167 0.5209902041052444 0.05913526663909145 0.07813692885919252
3 0.7590639395327139 0.5414485786295434 0.04947389448011279 0.061348676882026075
3 0.5903781692401745 0.48610320954245195 0.04151139001588611 0.05243659190105419
3 0.5205196367727705 0.5020200282118015 0.05103639448011279 0.061412343878220456
3 0.34399231859155144 0.5823893246380297 0.04410060186643907 0.06659459239534585
3 0.3004138681050841 0.6603578157407811 0.058176738635914306 0.06794884536109524
3 0.15013322443575006 0.5807446171099251 0.06126082832748878 0.06573242935348418
3 0.6053934687537073 0.566459213002493 0.04400514448011279 0.06112584239534584
3 0.46789742289362246 0.6054196008354837 0.051118215096963834 0.06609984387822046