9 0.7862546943973874 0.3049025455902784 0.052571620941162675 0.05901263050895835
9 0.6616910710205929 0.3269931382958339 0.044827304788538316 0.06273704255305557
9 0.6405660933417272 0.36945274201930606 0.054297762174864594 0.06842399810013902
9 0.5670955913131323 0.2763735828250005 0.05100912094116268 0.05897626291777787
9 0.47887857102059284 0.3227381301277087 0.04876082832748878 0.06439046153100705
9 0.3791200787312306 0.3789861704965628 0.061356285713814886 0.07015015226045147
9 0.36377572240056455 0.3052213621759378 0.045622191558013545 0.0635364763486459
3 0.7690223299490466 0.346671818291702 0.05262616801906326 0.062137630508958354
3 0.6703978693163094 0.28893009384291723 0.04549946063273715 0.056505226348645896
3 0.5884172122542949 0.33465886151034774 0.05033696509696402 0.06520807912218754
3 0.5829581448838547 0.3798258911456255 0.05511992248329012 0.07078593189572917
3 0.453833706572252 0.36432556487322953 0.048788101866439074 0.06595296153100697
3 0.42035873335761326 0.4150879778672573 0.055147196022240406 0.07234843189572918
3 0.28653315827653536 0.39869729882131966 0.05665514894433983 0.06925979948690975
3 0.3293831314911741 0.3481530913743753 0.04959662540538945 0.0675336453265972