9 0.6720558267026358 0.27502466667300324 0.04314207386326192 0.054932939695149674
9 0.5805677560857847 0.2708689526791609 0.0391949135548364 0.0525664637974506
9 0.4836245722384088 0.26752630494209717 0.04155230032431163 0.05336134933607006
9 0.4884035754848197 0.31750357904439813 0.03926309740221221 0.0564727137974506
9 0.47728484334172716 0.35194675673749526 0.04797957832748878 0.06355396077238851
9 0.3818905227248762 0.34781376864135194 0.043991507710637735 0.058843734874689524
9 0.2700081314911741 0.33908872931554457 0.04397787094116259 0.05806248487468953
9 0.16521153733537275 0.333447783373879 0.05416139448011292 0.05968407220870695
3 0.9658797390396561 0.36707476952511475 0.06050685186643889 0.06518918364502549
3 0.8338757625786066 0.3694054048673424 0.05503810186643889 0.06515736738824689
3 0.7009950787312306 0.36627183538910996 0.048774465096963836 0.06433975595192827
3 0.5695541639585782 0.3560979255517978 0.0494875312495882 0.060438051131468204
3 0.5570502098186629 0.40070644360397456 0.050405148944339825 0.06825509631100797
3 0.5315786513766765 0.4633609797083281 0.05513355925276535 0.07062611738824671
3 0.5147826635515411 0.5306530188377436 0.06236936079489297 0.0823857740041051
3 0.33554913108413703 0.5129438649523599 0.05754549310014116 0.07454600292686617