11 0.498612678478664 0.5041132447354426 0.04017100292686635 0.0564818041565303
8 0.44911264822804303 0.41846663622599045 0.03467952702916719 0.05254373789975162
6 0.344284247662309 0.44329444028432485 0.03237668364502548 0.05956135236113216
10 0.5798313831027325 0.3747388412428424 0.041061337235821685 0.07523634933607007
7 0.37265468735745866 0.40094331382089177 0.04658462939029935 0.08464316559284875
9 0.31466947053494587 0.43096715710683764 0.035401689695149674 0.04239203307929138
9 0.4324336874556545 0.4654370849963264 0.0338255541565303 0.04003919272021186
9 0.3977365005891752 0.3867353680756179 0.029142599336070062 0.040793171642972935
9 0.4609859343323965 0.3918359585328933 0.033048849336070066 0.04081589754067192
9 0.5462376331027325 0.37493428396305417 0.03383464451560982 0.04160169272021177
1 0.5241671903825207 0.4086552989901689 0.03878121974937905 0.08616021379745079
4 0.5145103892510525 0.45714734114464656 0.04809258723582168 0.07527725595192827
0 0.3634655188377437 0.5033370607958296 0.04176077400410509 0.06117839451560982
0 0.6412865126894236 0.41969227205919746 0.03943065954272455 0.06350850897699054
5 0.5886518711988759 0.4699967990883647 0.03546077702916719 0.05254828307929138
2 0.41430131099222134 0.493666624125742 0.04178349990180408 0.06508464451560983
3 0.38237005494209714 0.47666547648687424 0.03462043969514968 0.04238748789975162
3 0.44535132309246983 0.5278598169441497 0.03384828005422928 0.04394544272021186
3 0.540091651351301 0.49137235021983283 0.029142599336070062 0.040793171642972935
3 0.5660728892510526 0.45684735929501913 0.028384075233769047 0.044694876463433175
3 0.6394603922761147 0.46501386241827714 0.03616475897699054 0.03927157825883114
3 0.6814979013513011 0.4905496727231274 0.03383464451560982 0.04160169272021186