7 0.6115432906190476 0.31492517690129146 0.06472666601686292 0.1279044630977099
10 0.3545387652769117 0.3946937898154747 0.07027723201781733 0.13525423151356133
6 0.8281757126034576 0.4170736928980685 0.07788973734881743 0.11852175782192056
8 0.6183467266072755 0.4011889005929323 0.0650897453453176 0.09201246572854593
11 0.36405012527850256 0.3824290082454437 0.04380509134309048 0.07437764469597585
9 0.5232887652769117 0.384865221554915 0.04836532200827239 0.06371316048099133
9 0.6139501279440026 0.3764619163779478 0.04843804734245403 0.06996316048099142
9 0.1413206026018666 0.4687892554028462 0.06019316000954502 0.07377069994353036
9 0.19370126261141163 0.39547358176767516 0.05540566267504508 0.06490393415851478
9 0.29322909528168417 0.36313224765151275 0.04286020934118149 0.06026964206513998
9 0.4369427326145933 0.3578847635777026 0.044477253341817756 0.06504814732681172
9 0.4510501386060028 0.42030146359182013 0.04524941267504516 0.06431239995764777
1 0.5412933306015484 0.44783565841485284 0.08157835868872639 0.16714126834526422
4 0.44322854793923006 0.42153773990017934 0.06799711668522654 0.14058647362105353
5 0.7164024186028211 0.4282680691076058 0.061955654678545004 0.0910492052052021
0 0.5386415926161842 0.34025067156903244 0.049528380012726816 0.0965711631118273
0 0.27982966661363884 0.37406204237572344 0.05579656134627218 0.09849768415851479
2 0.4437739879455934 0.3746627399001793 0.05560565734404506 0.08209143415851469
3 0.2258950499284124 0.5138294686417304 0.06580736067790856 0.0865892183593818
3 0.26045241060632096 0.42906035551578564 0.0578130473424542 0.07050919205102257
3 0.3436643526018666 0.45700407401634174 0.061001682009863244 0.07615995257436622
3 0.6396581052673667 0.4483523269295263 0.058585206675681435 0.06977344468185845
3 0.6798296666136388 0.3507646953877301 0.042088050007954084 0.06100538943430393
3 0.7002507072724573 0.40734862435516017 0.049173844008590525 0.0661024131118273
3 0.5268313886060028 0.4158877084007354 0.05076361600890866 0.06853716837349921
3 0.3833001119510023 0.3383681951053814 0.03740055000795408 0.06073237364928845