7 0.4762839046760858 0.34097199628756686 0.048351269771663395 0.09400907523376914
10 0.5455114071475438 0.35309072208707004 0.05206651878308044 0.08934430113146821
6 0.6130490756266129 0.3620753575274936 0.04580193133065045 0.06978123487468953
8 0.36392582612090446 0.36296919525429455 0.048735930342067316 0.06511191559284875
11 0.763825008440138 0.4394968964605175 0.051701762851581276 0.06122384631100797
9 0.6120396739534577 0.4331463816297945 0.039410009885831696 0.04709316861791084
9 0.5553294175276671 0.4023549238824681 0.037002592889637496 0.04551703307929138
9 0.484857750037181 0.39803960772388536 0.03934634288963732 0.045530668617910844
9 0.4610965978697343 0.46663507161953177 0.04100434338392898 0.04788350897699054
9 0.4265505015200558 0.4047299692583997 0.040095759391540045 0.0447539637974506
9 0.3440709239534576 0.4315873850476401 0.0448787598858317 0.047124984874689524
9 0.26718743037924825 0.4616016170936592 0.04650492688202608 0.048696575233769045
1 0.44638413494160334 0.6422890565924172 0.07301568874502422 0.10508747579950324
4 0.5381405534206725 0.6514145925985748 0.06325868676785795 0.0956579336450254
5 0.8265318913673939 0.6749622186692245 0.07067459733826169 0.06680168061996347
2 0.6214703651699398 0.5495799027070334 0.05664393083635879 0.06750111738824671
0 0.36857746992257523 0.6496470386384363 0.06652826680591399 0.08005565954272456
0 0.4728736976794538 0.5448100685944697 0.05127068133065045 0.06981305113146803
3 0.3912244496566202 0.5537078247427898 0.04897601087441501 0.05183521077238851
3 0.3029869620139099 0.611774333916172 0.053790844866803765 0.05498748184962743
3 0.25112869026508006 0.5083720779642437 0.048131093878220545 0.050268165592848746
3 0.6945112757403435 0.5211054447633152 0.0440656763877346 0.04633918969514959
3 0.6123208582498576 0.5167219509116353 0.04266234387822045 0.05023634933607006
3 0.8112769644853678 0.6264474506170478 0.056134594866803764 0.055001117388246715
3 0.6270147110253268 0.6089730834251926 0.052292011862997964 0.05654089149054773
3 0.46917037752722945 0.6072737071581512 0.04669592787060921 0.05338407523376905