8 0.3248258944735759 0.5543514970304991 0.06933253466927089 0.06057143863808658
8 0.5836358903895134 0.6533502528364868 0.06780640226045147 0.062088474531464044
11 0.5039133292190968 0.5853611192921073 0.05143651985163196 0.06317360141192588
11 0.41301491907486054 0.6280594331613033 0.05130923328249999 0.05770485141192587
6 0.31931947046163145 0.6229878367639424 0.0578501740119445 0.07038670783841657
7 0.3899579723614925 0.6782041856685858 0.06037576196784729 0.07826740399835046
7 0.49640734090260363 0.7063184769722394 0.07134962955902786 0.0801481527447093
9 0.4171400278323259 0.5851816113745487 0.04335126291777787 0.05122753087881229
9 0.482963743163055 0.6457303179593239 0.047202961531007046 0.04899744114536908
9 0.5916503717721524 0.5441343772096663 0.04811149810013902 0.05448892319868044
2 0.6217950795034372 0.3910010170222519 0.06320982123840277 0.0658583322115959
2 0.6983764165094095 0.35883102619345186 0.05854050503399311 0.06650318989172792
0 0.6150008720564928 0.34702369648913844 0.05087347539871523 0.07252586935861452
0 0.3894001535916316 0.39987459718878365 0.04847517401194459 0.07011392319868044
5 0.4043536595755553 0.36200252414838785 0.04513196846486114 0.06064799498543501
5 0.4688701012549302 0.3779517845732291 0.04435071846486131 0.06062526293212382
1 0.47969980490215247 0.3157245692129652 0.054671275835555734 0.10152304757185977
4 0.5623304669462497 0.3259466668639673 0.06068488649288213 0.09154865399835055
3 0.41160376833302054 0.3192156305748785 0.04491376291777769 0.05127299498543501
3 0.4562967128621872 0.41432955377355896 0.044132512917777866 0.05125026293212365
3 0.5451052929343053 0.3942420257977405 0.04395067496187508 0.04343776293212374
3 0.688637087387222 0.40779972360702715 0.04645807912218754 0.05053720909205772