3 0.371875 0.4625 0.0328125 0.0359375
3 0.475 0.4671875 0.0328125 0.03203125
3 0.5359375 0.45078125 0.028125 0.03359375
3 0.58359375 0.515625 0.03125 0.03828125
2 0.42734375 0.4625 0.03828125 0.04296875
2 0.36640625 0.4890625 0.03671875 0.046875
0 0.4265625 0.48515625 0.03203125 0.05078125
0 0.58359375 0.446875 0.0375 0.05390625
5 0.58125 0.47421875 0.03046875 0.04453125
5 0.53671875 0.46875 0.03671875 0.04375
4 0.47421875 0.49375 0.0453125 0.0625
1 0.53515625 0.48984375 0.04921875 0.0703125
8 0.446875 0.33515625 0.03203125 0.04765625
8 0.5875 0.371875 0.0328125 0.0453125
11 0.48984375 0.36328125 0.03203125 0.04375
11 0.5328125 0.34375 0.0265625 0.03828125
6 0.57890625 0.340625 0.02890625 0.04609375
10 0.48828125 0.30859375 0.03671875 0.06328125
7 0.534375 0.31328125 0.03671875 0.0671875
9 0.43125 0.38359375 0.02890625 0.03359375
9 0.49453125 0.3421875 0.028125 0.03515625
9 0.534375 0.365625 0.0296875 0.0328125