7 0.5948585041383383 0.5415921783234848 0.05454841294411601 0.0994022884745874
10 0.5966286734925953 0.41985358757931196 0.05207623035529281 0.07981647477225647
11 0.5335785558337495 0.5008332582678845 0.04477099855225788 0.056941969962933214
11 0.29068688854640723 0.44067704138499425 0.03982878742738745 0.051309528855940555
8 0.3771851606723137 0.4758754422033009 0.04633349855225788 0.056996533665263985
8 0.5550062537240537 0.39244783939341044 0.043662262820281586 0.04988343811176765
6 0.5169561360652078 0.4725544908446893 0.0394477977664696 0.059875997004775174
6 0.43746338110280913 0.5548883304077359 0.04613444540910479 0.0694692518140986
9 0.6245546203494421 0.406398722788522 0.030762002481199424 0.0408531784931208
9 0.6213354210113959 0.4587697546396874 0.03310575248119925 0.04093502404661713
9 0.5391778924753486 0.4475991308632228 0.033178527088305286 0.04249752404661713
9 0.5913910558337495 0.4988144012816428 0.03637630169541115 0.044169151451278844
9 0.4952758811028092 0.5528694734214941 0.0357406009096227 0.04726686960011328
9 0.41270097560229113 0.533913631496195 0.037975188998963995 0.045004965153609786
9 0.3353037216733497 0.5210168166127378 0.035631438998963996 0.04492311960011328
9 0.2889894937992562 0.5608531321291672 0.04199060090962279 0.04748512440943671
2 0.3676581492997742 0.5799453833102934 0.045879734284234266 0.0640005018140986
2 0.25329174235151414 0.5067211928362731 0.0511665477664696 0.06028522477225664
5 0.4379279156347124 0.3941963670682247 0.028600188998963993 0.04467758293962447
5 0.2149612965281246 0.42538191279920623 0.03979240012383452 0.05052827885594056
1 0.3403080529382653 0.39682534846390316 0.04444566687305755 0.08344990626060227
4 0.47489922270680707 0.42098455636111876 0.04646193114108108 0.07650050181409859
0 0.739265629655067 0.488970631411377 0.05245722001621065 0.07125000662342203
0 0.3941350661728317 0.497122959626496 0.038249170801998925 0.06763393330244441
3 0.4445909844936313 0.4688417030030741 0.037048389784752445 0.041852683302444224
3 0.48795999483271346 0.4587474511889756 0.03236088978475227 0.041688992195451746
3 0.3552930440469252 0.4602603658870983 0.029199502481199336 0.040798614790789854
3 0.3424677123677248 0.434188939208076 0.03693922787409356 0.039508933302444225
3 0.2312926178682428 0.45991068022240145 0.035631438998963996 0.04492311960011328
3 0.5013718314743126 0.4052405052726596 0.03388700248119943 0.04096230589778251
3 0.5692849234925953 0.420808452370102 0.03147047787409356 0.03931796034428636
3 0.600682626759583 0.38305299202581566 0.025710629445670107 0.03287698738612823