7 0.38653083499632646 0.43741974941082484 0.052811903492600364 0.08077327702916719
10 0.6243802929400446 0.5130247791704665 0.05366587636523725 0.09327782220870695
11 0.22002913622599046 0.4528578761688456 0.03700509631100797 0.049432373438370904
11 0.605907548891973 0.4652594448615111 0.03861304810640611 0.057253963797450604
6 0.3286410669441497 0.45036465612487897 0.03318974990180408 0.06503464754067192
6 0.4895558410464506 0.4552072131100796 0.037091454722264314 0.06427612343837108
8 0.2954604074014252 0.513455008584207 0.046448274004105096 0.06120566559284875
8 0.5504706151487516 0.4594679871141847 0.03702327702916719 0.05255737343837108
9 0.2073882356602564 0.4770039032962086 0.035401689695149674 0.04239203307929138
9 0.2440024465308408 0.4951862767345796 0.035410780054229284 0.04395453307929138
9 0.30178767545360197 0.5002101200205255 0.035401689695149764 0.04239203307929138
9 0.37847744048071663 0.47878054761542665 0.029937484874689523 0.0431414668225127
9 0.4252206302740621 0.5017095083878153 0.03775453005422928 0.04396816861791084
9 0.4852268893492484 0.5278407372123806 0.03621475595192827 0.04786532825883114
9 0.5518967597625574 0.4829145774732643 0.03773634933607006 0.04084316861791084
9 0.6048763140172835 0.5082236496819712 0.03933066559284874 0.04632100897699054
1 0.5478718142136751 0.6375838967551051 0.06240961729005097 0.11910906918364486
4 0.473044531036188 0.6074600595192834 0.05449712334017516 0.10187611738824671
0 0.24263032319066563 0.5967442315550399 0.05361133421075959 0.08390282220870696
0 0.33265133519271817 0.5667981772021178 0.04734315349260028 0.0807414607723885
2 0.15017920277735675 0.6415204003693423 0.062159632415361446 0.07614031918364486
2 0.47869963339732013 0.575460625776062 0.040993159542724554 0.06351759933607007
5 0.09731782319066565 0.5958988281606354 0.05664997579950319 0.06907725292686635
5 0.45476670882748094 0.6604805203898678 0.051967020979043 0.06983123184962743
3 0.10838713339732012 0.5733062106741926 0.04405452702916719 0.052598280054229285
3 0.2108899646812134 0.5465578791939076 0.03700055113146812 0.0486511234383709
3 0.2630700882177803 0.5749874062230749 0.04639827702916719 0.052611915592848744
3 0.331565558163551 0.619137382022578 0.03938066256778665 0.05491475897699054
3 0.4192746364223822 0.5837089421310366 0.04325964149054773 0.05024998487468953
3 0.4858626936039746 0.5528452823919203 0.0330443041565303 0.0400346475406721
3 0.6307297660090733 0.6302531857863248 0.04955509328594587 0.058098846311007965