8 0.6275216100058507 0.5246031272096662 0.0683241226212445 0.16036685015828453
6 0.6873824534718754 0.4530069235278848 0.0476841368892682 0.15274456677218975
7 0.8085361695591446 0.5415729815245859 0.07797741252983137 0.25036972453146406
11 0.7344179652586996 0.40756404288649933 0.04835407092583353 0.11687526293212365
9 0.48425960752465136 0.4806448755603136 0.03761562406898662 0.10407974623907634
11 0.7176456881703945 0.36572588387358385 0.04043240901517464 0.11430419239901032
9 0.6389727245643246 0.31818564264907245 0.0324358184446341 0.07662233597251955
9 0.6502933682780183 0.34348115934211987 0.03098248035529281 0.07892062186589692
8 0.541847321545006 0.3769946898252209 0.04121365901517464 0.1143269244523216
9 0.6180524106678045 0.47205478872986417 0.042412285979645324 0.1065598885589445
9 0.7018495219165095 0.5291064222742436 0.04849962014004525 0.12000026293212365
9 0.7265820022718024 0.6078451877136498 0.054586954300445 0.13344063730530314
9 0.6607451406088126 0.7018930529156291 0.05733096463952716 0.14210258346523724
1 0.23422968237942624 0.5732342261808165 0.08004718072679644 0.22780440274470948
5 0.26231614102309736 0.5397230442066475 0.05565930272886836 0.1397133693586145
2 0.5431615725784633 0.4722162616119755 0.04339474317557439 0.12765363855894432
0 0.4882043988809802 0.5150880717202476 0.04459552419282105 0.1534348885589445
2 0.5378639888323483 0.3082219577719095 0.03825132485477489 0.1009774782923877
5 0.33895560793893614 0.32584005212420636 0.03305440260503385 0.08990358597251955
3 0.30738470016210656 0.7033141827655919 0.05142556699689198 0.13256845909205772
3 0.39929391025351973 0.6162664753228867 0.04622864474715103 0.12149456677218957
3 0.3431123767550737 0.5490956956977155 0.04252144789030421 0.10890363855894432
3 0.35686235359570995 0.4925418188172538 0.038506035979645324 0.1064462282923877
3 0.4865070041338292 0.39488923198680437 0.03305440260503385 0.08990358597251964
3 0.3866867865988179 0.36233749326957543 0.028075804176610396 0.08351719365265158
3 0.39460629445670076 0.3313602779093115 0.027857480355292896 0.07882969365265158