7 0.4761878545024315 0.5960300536678815 0.07014939441741408 0.10786835780753475
10 0.7634146228491958 0.4080702330950688 0.097443147442476 0.09991104065319459
6 0.6067555566906131 0.3413944922131245 0.06372213241536144 0.07725413744281254
6 0.46342825838781526 0.4173965606017357 0.06054713544042354 0.06858765226045146
11 0.5380424390077787 0.48363785002065923 0.05273918061996348 0.06918706430454868
11 0.35587885792027707 0.3308252405976039 0.059779520979043 0.07091321846486114
6 0.5627515475172309 0.4330559685617704 0.055941448672140126 0.08254104948690966
6 0.3232714118804155 0.5011383938079859 0.06843690349260037 0.08205074021635425
9 0.20792314695149677 0.41709266175975673 0.060497138465485635 0.05999390226045147
9 0.4023549238824681 0.5297705804533678 0.05345679810640611 0.058267748100139016
9 0.31715270120622285 0.3895469303771178 0.04876020774732641 0.05659614532659729
9 0.365186201108027 0.45328146884611076 0.04955963846548563 0.05973932912218753
9 0.6109214028052292 0.5202280070307633 0.055014752926866174 0.0575228656913195
9 0.7364799390077786 0.4790191659407285 0.05735395774732641 0.05679616707809032
9 0.8594720114128773 0.3995836262374645 0.06359941256778683 0.05616038744281262
9 0.6610345114128774 0.40420231031739534 0.04638464149054773 0.05107284393982638
5 0.26351968285945854 0.5720697960684372 0.07386929205628183 0.07592802678548623
5 0.8212776407049809 0.5497115660169785 0.083998270979043 0.07147691612815983
2 0.263668632022578 0.32906467847725673 0.06919997277444115 0.0789439240119445
2 0.223189598648699 0.4894034196435415 0.077748270979043 0.07133144576343753
4 0.658154951108027 0.4464625454997564 0.07480507816063539 0.10250871058107638
1 0.4564373941228264 0.29019828096645794 0.06395393657189175 0.11709788744281262
0 0.7911997761454044 0.6176082340449993 0.09343690349260036 0.0826326216752431
0 0.6570186562230749 0.2511500454997564 0.06299542456983928 0.0866109536472223
3 0.3937879240788599 0.40026491840927053 0.045621572208706954 0.05417966014423605
3 0.3320050206844554 0.25637075446531227 0.04797441256778665 0.05579671153100705
3 0.47821694535249043 0.2732828846899301 0.035469867388246715 0.05472452080156254
3 0.5348305597156751 0.33447365140743013 0.0519079336450254 0.06057513050895835
3 0.7113339723816576 0.3202078636040272 0.0558141836450254 0.06066604948690975
3 0.8709498668972675 0.3579046193036104 0.06127384328594587 0.059230836056041715
3 0.7593583819243822 0.3823799020730202 0.051857936670087666 0.051981380508958355
3 0.5820509933607007 0.39275762367201345 0.04875111738824671 0.0550336453265972