8 0.31171875 0.5140625 0.059375 0.07421875
8 0.70078125 0.47578125 0.053125 0.07109375
10 0.77421875 0.496875 0.07578125 0.096875
7 0.62109375 0.55234375 0.06796875 0.115625
6 0.68984375 0.57578125 0.0546875 0.08203125
6 0.36015625 0.59140625 0.0546875 0.08203125
11 0.4515625 0.6125 0.0578125 0.07265625
11 0.546875 0.525 0.04765625 0.06875
9 0.78046875 0.55546875 0.04921875 0.05390625
9 0.696875 0.509375 0.0421875 0.05078125
9 0.61015625 0.5421875 0.04375 0.0625
9 0.55078125 0.496875 0.03515625 0.04921875
9 0.45234375 0.56484375 0.04453125 0.053125
9 0.3953125 0.5234375 0.046875 0.0546875
9 0.33984375 0.484375 0.03984375 0.05078125
9 0.2578125 0.51171875 0.04375 0.05625
0 0.40546875 0.47734375 0.04921875 0.08125
0 0.4953125 0.425 0.0375 0.07109375
5 0.33203125 0.3640625 0.0421875 0.05703125
5 0.57265625 0.38828125 0.03828125 0.05703125
1 0.45625 0.3625 0.05234375 0.09296875
4 0.56015625 0.42421875 0.05078125 0.08984375
2 0.2796875 0.45078125 0.05390625 0.06640625
2 0.48125 0.46015625 0.04921875 0.06640625
3 0.31328125 0.4015625 0.0390625 0.04921875
3 0.4359375 0.40234375 0.034375 0.046875
3 0.62421875 0.41875 0.0375 0.04765625
3 0.50078125 0.40625 0.028125 0.04453125
3 0.428125 0.45703125 0.03359375 0.046875
3 0.5515625 0.4640625 0.03671875 0.0484375
3 0.68203125 0.45078125 0.03671875 0.0453125
3 0.75234375 0.42890625 0.034375 0.04765625