9 0.8217753392119793 0.4313757215963763 0.06067855042954129 0.05569662094116268
9 0.715859531885033 0.4097655487060491 0.04715163896415202 0.050777295860084594
9 0.6735768566248338 0.46836898133560895 0.0545923247398008 0.058712526785361166
9 0.6402531015364511 0.548711046270417 0.05290699400710608 0.05634150324641087
9 0.547072989596092 0.5761423453769126 0.0567313568519765 0.054847187093786685
9 0.4398846093383673 0.5451708092560607 0.05418288896415202 0.050900026785361166
9 0.3078223818396045 0.5021220129889388 0.038684041723113974 0.03814092816533297
9 0.24624747399225982 0.5954686383943283 0.05911605042954129 0.05566934740221221
8 0.28612112222866604 0.461056682225818 0.08041119629109836 0.07477390340856652
8 0.8460903437345351 0.5521558258984474 0.08522152702379274 0.07719947402541774
6 0.3821373863621602 0.622029364044599 0.07259869629109836 0.07463753571381489
6 0.7691936510614813 0.5769570028459643 0.07029588986866316 0.07537787540538936
11 0.5017405574384879 0.6660775986233235 0.06433581693788462 0.06590741801906326
11 0.9323177708037566 0.5412671444867035 0.08180992198083885 0.07167617694751698
7 0.4141962918346557 0.6816810535740178 0.09155009215265544 0.09370118141174402
10 0.33215399649349703 0.548615183443634 0.09023325361804461 0.09836140787279354
0 0.7072480924913396 0.30513259578394974 0.06281093848918218 0.08149150771063773
0 0.5062112149471483 0.34852190584749393 0.04726782564431194 0.0827812723211343
2 0.5749235933958508 0.3316832333642038 0.06001680913596861 0.07285684740221221
2 0.543329434643995 0.4002656379905864 0.05845430913596861 0.07282957386326191
0 0.15567894843880492 0.34447492857237005 0.07210737336031983 0.06526253571381488
0 0.6483024604245925 0.22483716964721165 0.04809334124814413 0.06874604586008468
1 0.45487336499257686 0.26418386201600413 0.07041207654882306 0.10738185186643907
4 0.3705359865438743 0.28129526988879766 0.07255110866099876 0.1035165121748646
3 0.6847832722740945 0.36886385917663034 0.04879602611928178 0.05236706939903506
3 0.6886275672765689 0.2780888547124035 0.04789194538658723 0.05000968262955983
3 0.5473817695605611 0.2985394967568844 0.04419041327441171 0.05384774878218401
3 0.45825174977285743 0.4181719326328551 0.0450126068519765 0.05464263555165907
3 0.33051185210227807 0.35315267897940716 0.061336969696846745 0.05336650771063774
3 0.2852679511523384 0.4149356586868677 0.057430719696846745 0.05329832386326192
3 0.17297931309269748 0.39109082995234185 0.053483526119281824 0.05244889001588611
3 0.4739409475342938 0.31467873985702555 0.05039946969684674 0.05317559293798535