10 0.5268868108334492 0.5369231234086329 0.06572457654882306 0.10694998134149962
7 0.24128458276885953 0.3780362827020893 0.0853377137039529 0.10873974801081765
8 0.6953169855278215 0.3958270507638137 0.059317446291098364 0.07408293734086327
8 0.38391473880718185 0.5204066907224519 0.0647452527135334 0.0733653220082724
11 0.40331211273332856 0.6574345233927245 0.06618492198083885 0.07103975334181775
11 0.3261951713034703 0.383714665380316 0.06207395409301446 0.06708805000795418
6 0.17520148010075462 0.5351760733609078 0.07695532564431198 0.08287668200986324
6 0.4412536052700967 0.4257032653962244 0.05261374491161739 0.08025112133990878
9 0.5521468396662644 0.41292254941117823 0.04262791327441171 0.05358862400540883
9 0.5116690038451873 0.3350606314051331 0.03526911465389269 0.04725680800445433
9 0.49448814789772194 0.36456631806967865 0.04402663896415202 0.05048180533895437
9 0.39223292910538643 0.3915186220559974 0.04558913896415202 0.05049998667249973
9 0.3122854002725711 0.5148828493793616 0.053524469696846745 0.052934643340227086
9 0.26593270070211245 0.45962263737268005 0.05813008254171699 0.05142668734086335
9 0.23118148518913725 0.6155635547024074 0.061459800429541286 0.05536930000795408
9 0.34252177691225133 0.5793362480505886 0.05677230042954129 0.05531475600731781
4 0.5621260272509355 0.35675436541213273 0.056475729307785015 0.09434998400699968
1 0.5125100503179997 0.6024208540738147 0.07620837516934209 0.11331816000954512
2 0.2949164365686182 0.6225589893777708 0.07037777702379291 0.07655395667568143
2 0.2713394957045868 0.5503658160407253 0.070377777023793 0.07655395667568143
5 0.1474759497976013 0.4824777873567717 0.06865150271353349 0.07341077534213589
5 0.42976390660414926 0.34661520206076996 0.04702548620519007 0.0630090773392725
0 0.7560254341937691 0.47548782610594975 0.07243159995457163 0.08594713800922697
0 0.325888634102912 0.30006637137967973 0.05425813206674714 0.08183180267345432
3 0.5573102159672605 0.7022214067472691 0.05697701831736559 0.05922100600731781
3 0.7250886154468621 0.5884781747692225 0.05845763116223601 0.057676687340863356
3 0.5721107796257847 0.5093072007479054 0.04665699400710608 0.055977827339272326
3 0.4965718690649067 0.4888850654041786 0.04480788896415202 0.05049089600572696
3 0.6924476130720129 0.43566171009704097 0.05677230042954129 0.05531475600731781
3 0.6152676373822723 0.4316367340865416 0.047274469696846566 0.05286191800604527
3 0.6245507841483405 0.388749800087496 0.04719258254171699 0.051299418006045185
3 0.7166906965182409 0.3608980674331318 0.04086069538658723 0.04966419267186337