7 0.2703125 0.4046875 0.05546875 0.209375
6 0.33203125 0.43515625 0.04921875 0.15390625
9 0.321875 0.50625 0.0421875 0.12265625
8 0.396875 0.5140625 0.04921875 0.14296875
9 0.4046875 0.45078125 0.03515625 0.103125
2 0.47265625 0.45234375 0.046875 0.140625
11 0.35546875 0.35390625 0.02734375 0.10703125
9 0.36484375 0.3265625 0.02734375 0.09140625
9 0.4234375 0.2984375 0.02890625 0.0828125
3 0.525 0.3046875 0.025 0.08984375
3 0.5296875 0.3765625 0.03515625 0.08046875
5 0.5328125 0.4125 0.0375 0.11328125
9 0.53671875 0.47109375 0.03984375 0.10546875
9 0.46484375 0.59765625 0.0453125 0.1234375
9 0.371875 0.6859375 0.0515625 0.1515625
3 0.628125 0.61015625 0.03984375 0.11875
3 0.6 0.4734375 0.0359375 0.10078125
2 0.5765625 0.3375 0.03828125 0.11171875
3 0.628125 0.35078125 0.025 0.08671875
3 0.68515625 0.540625 0.03828125 0.1140625
3 0.72734375 0.6953125 0.0453125 0.140625
1 0.759375 0.50390625 0.0625 0.21875