8 0.3724783899941493 0.5185564010288497 0.06832412262124458 0.16036685015828453
6 0.3104921203494421 0.43852190855069706 0.0476841368892682 0.15274456677218975
7 0.2726217851555851 0.5461609123116208 0.07797741252983137 0.25036972453146406
9 0.5157403924753486 0.4828271526782023 0.03761562406898662 0.10407974623907634
11 0.34058418879407626 0.36351354836328265 0.04103172249741007 0.11042067445232169
9 0.4094647754356754 0.3123207728947466 0.0324358184446341 0.07662233597251955
9 0.3497066317219817 0.33561586889639605 0.03098248035529281 0.07892062186589692
9 0.38194758933219547 0.4664172395086517 0.042412285979645324 0.10655988855894431
9 0.2981504780834905 0.5187406059642724 0.04849962014004516 0.12000026293212365
9 0.4362262127820095 0.6111590896669362 0.054586954300445 0.13344063730530314
9 0.3392548593911874 0.6943914753228867 0.05733096463952716 0.14210258346523724
1 0.683629905709915 0.5901946864600085 0.08004718072679644 0.2278044027447093
2 0.45549425124285425 0.4662103025199178 0.05042599317557439 0.12785822703874636
2 0.5608431848651347 0.35427625534376933 0.03879713440806878 0.11269622829238761
3 0.6926152998378935 0.7164078454729241 0.05142556699689216 0.13256845909205772
3 0.6007060897464802 0.6237680529156291 0.04622864474715094 0.12149456677218975
3 0.6568876232449263 0.5596888325408003 0.04252144789030421 0.1089036385589445
3 0.64313764640429 0.5021802094212621 0.038506035979645505 0.1064462282923877
5 0.51158373945603 0.4209038141984003 0.04303087014004525 0.11984113855894432
3 0.6133132134011821 0.36988453496894047 0.028075804176610396 0.08351719365265158
3 0.5121895150965932 0.32391515393184356 0.027857480355292806 0.07882969365265158