11 0.53671875 0.3109375 0.034375 0.04375
11 0.29453125 0.49765625 0.0515625 0.05
8 0.5140625 0.33125 0.04296875 0.05390625
8 0.33046875 0.4625 0.05546875 0.05078125
6 0.4765625 0.35390625 0.03828125 0.05625
6 0.3734375 0.43515625 0.046875 0.05546875
10 0.40234375 0.40234375 0.05546875 0.06796875
7 0.4359375 0.3671875 0.053125 0.075
9 0.578125 0.32265625 0.03046875 0.03984375
9 0.546875 0.3484375 0.03125 0.0390625
9 0.51328125 0.378125 0.03125 0.0375
9 0.484375 0.39765625 0.03203125 0.0359375
9 0.45390625 0.425 0.03671875 0.0390625
9 0.41640625 0.453125 0.04296875 0.03984375
9 0.38046875 0.48984375 0.03828125 0.03671875
9 0.34609375 0.51953125 0.04375 0.0375
5 0.6625 0.65859375 0.05 0.05078125
5 0.8671875 0.39140625 0.04453125 0.05625
2 0.69921875 0.6109375 0.05 0.053125
2 0.85234375 0.42890625 0.04921875 0.0515625
0 0.73046875 0.56484375 0.046875 0.05625
0 0.815625 0.4546875 0.03828125 0.0609375
4 0.75 0.5265625 0.04921875 0.06875
1 0.79375 0.47890625 0.05234375 0.07734375
3 0.58828125 0.63515625 0.04375 0.0453125
3 0.6265625 0.5921875 0.0453125 0.04296875
3 0.66171875 0.54453125 0.03828125 0.04140625
3 0.70078125 0.5140625 0.0375 0.0421875
3 0.72890625 0.47734375 0.03671875 0.04453125
3 0.76484375 0.45234375 0.03046875 0.04375
3 0.790625 0.41640625 0.03046875 0.04140625
3 0.82109375 0.3828125 0.03671875 0.0421875