2 0.36640625 0.66796875 0.08828125 0.0921875
0 0.6828125 0.484375 0.06328125 0.1015625
0 0.478125 0.628125 0.071875 0.0984375
4 0.56875 0.62578125 0.08984375 0.11875
1 0.67890625 0.5890625 0.08984375 0.13515625
3 0.3484375 0.61015625 0.06484375 0.06875
3 0.45 0.57890625 0.04765625 0.05859375
3 0.5375 0.56875 0.05234375 0.065625
3 0.7765625 0.6125 0.06953125 0.071875
3 0.615625 0.51484375 0.0546875 0.05859375
3 0.73125 0.5453125 0.0703125 0.0609375
5 0.63671875 0.54609375 0.0640625 0.08984375
10 0.4078125 0.31171875 0.0703125 0.11171875
7 0.4859375 0.2984375 0.0671875 0.1125
6 0.5734375 0.328125 0.05859375 0.0953125
8 0.35546875 0.3578125 0.0546875 0.0765625
11 0.49765625 0.35 0.05 0.06875
9 0.27578125 0.40703125 0.05546875 0.06171875
9 0.38984375 0.44375 0.0453125 0.06640625
9 0.665625 0.36796875 0.04765625 0.059375
9 0.43984375 0.35859375 0.0484375 0.06015625
9 0.521875 0.37734375 0.0453125 0.06171875