3 0.26796875 0.65 0.07734375 0.0765625
3 0.36640625 0.56796875 0.06171875 0.07421875
3 0.440625 0.496875 0.05703125 0.06875
3 0.4796875 0.4296875 0.04765625 0.0640625
3 0.5875 0.44609375 0.0578125 0.06640625
3 0.73203125 0.465625 0.0578125 0.0703125
3 0.8578125 0.48671875 0.05703125 0.07421875
3 0.86875 0.4109375 0.053125 0.075
9 0.178125 0.42578125 0.059375 0.0609375
9 0.2390625 0.38125 0.05625 0.059375
9 0.2890625 0.3390625 0.04765625 0.059375
9 0.4203125 0.36953125 0.05390625 0.06171875
9 0.509375 0.38515625 0.04609375 0.05859375
9 0.5421875 0.346875 0.03828125 0.05625
9 0.57578125 0.30625 0.03984375 0.05703125
9 0.60390625 0.275 0.03984375 0.05625