8 0.33984375 0.38046875 0.04609375 0.059375
8 0.5 0.434375 0.04765625 0.06328125
6 0.32109375 0.40625 0.03515625 0.065625
11 0.45625 0.40078125 0.03515625 0.05390625
11 0.38671875 0.4171875 0.0375 0.0546875
10 0.42890625 0.44375 0.0421875 0.0875
7 0.36015625 0.421875 0.04921875 0.0984375
9 0.52734375 0.39140625 0.02890625 0.04296875
9 0.3953125 0.4015625 0.028125 0.04375
9 0.43359375 0.43046875 0.0375 0.04921875
2 0.63046875 0.3109375 0.0359375 0.05
2 0.56953125 0.32265625 0.03125 0.0515625
0 0.40859375 0.315625 0.03828125 0.06171875
0 0.575 0.30078125 0.0296875 0.05625
5 0.465625 0.31015625 0.0296875 0.04453125
5 0.4234375 0.30546875 0.0296875 0.04453125
1 0.4828125 0.27890625 0.03203125 0.0859375
4 0.5359375 0.28828125 0.040625 0.075
3 0.43828125 0.2875 0.02890625 0.0359375
3 0.4515625 0.33125 0.028125 0.040625
3 0.51875 0.3234375 0.025 0.03984375
3 0.61640625 0.33515625 0.028125 0.0390625