0 0.23593906264254136 0.39224519623767434 0.07390110831306052 0.08310790653397522
4 0.5176612404338343 0.3259843796550671 0.07478235226293624 0.10033179383752824
1 0.7986213907049808 0.5317077249831186 0.10599144564707785 0.0947560359796455
3 0.406401553567355 0.41009401406313584 0.05970679810640611 0.05979668507002263
3 0.6028680082896194 0.46502330087135074 0.048728391490547904 0.05225601282028158
3 0.4000202642415477 0.5221402497951122 0.05578691256778665 0.05727099855225788
6 0.33331805669061304 0.3400405332935582 0.06380394564707803 0.0927911215877872
10 0.31679415290342516 0.4549035539717227 0.07548178903121974 0.08630568114108109
7 0.7102668969514967 0.3889081029810466 0.09905564441741391 0.11083480024766904
9 0.44629477966144576 0.2824206242783836 0.04486304810640611 0.05910532630251701
9 0.5314919362773042 0.2854856581911144 0.047206798106406114 0.05921448821317572
9 0.7873742976154268 0.34468075992930663 0.06128747882456533 0.0629944596771285
9 0.5082549450579028 0.4553636646012551 0.06201873184962743 0.05443709698068133
9 0.5939520714231401 0.5443661985139859 0.05657725292686635 0.0588698858558109