7 0.464891125715427 0.6462004544386545 0.09047235253201383 0.10763393992586626
10 0.29484612329635257 0.41727930235440347 0.09654034200867016 0.10472719473518968
11 0.7224782996329467 0.41038203864422335 0.06268898677523324 0.07235863883740698
11 0.4699209889825461 0.531765932206136 0.07891322625188942 0.06980655771188111
6 0.6658929126177171 0.5900670494439966 0.06360674466774104 0.07472967068857254
6 0.46669030219319546 0.47629718220613587 0.06153601045275643 0.07933532513507621
8 0.5682072995623596 0.47906257285764153 0.06273448940606911 0.07313988883740699
8 0.4634372286003767 0.3802852777596322 0.07155575256024882 0.07734623920022674
9 0.22482204963294672 0.3930034994518458 0.05819120257436623 0.06206597958157998
9 0.2936546205949295 0.49052582939624545 0.06416818678935066 0.057596734390903494
9 0.39141655738428016 0.5492956833872622 0.06421368942018653 0.05837798439090349
9 0.5832092152344356 0.6027728913692958 0.05975370257436623 0.06212054328391083
9 0.6600909626741869 0.5306102038905003 0.060216434158514784 0.056679075135076216
9 0.7333772732540004 0.4770338253047123 0.05754646046687384 0.0643824477304145
9 0.8346359363658277 0.5289088385515562 0.062233960466873836 0.06454613883740698
9 0.3930939074972196 0.430845783750082 0.05552893415851479 0.05651538402808356
2 0.8209535969879933 0.42785477003990185 0.08193951571442852 0.08160715326537726
2 0.7756774362952404 0.6009177586071566 0.08065773677523325 0.07298612141421187
5 0.6933724414863252 0.673670723127794 0.07031947625188942 0.06950645734906136
5 0.19118904423010052 0.5384052794889127 0.0961007262518895 0.07040675843752062
0 0.1865995257436619 0.606855179126093 0.10524050782192056 0.0800818588003402
0 0.45779490237672216 0.28341027775963223 0.05707602360693613 0.08307788402808373
1 0.6271511181052679 0.3532565302067029 0.07304963410204497 0.11638145734906136
4 0.3674260495623596 0.4720511371081265 0.09562258411616238 0.10235616288402412
3 0.2302229101986427 0.3518700679635001 0.06173343152767874 0.05595238883740707
3 0.3878156023202524 0.34022078375008197 0.04918792889684287 0.05473462921876031
3 0.31292128910960304 0.39296134863353915 0.050060184158514695 0.056324411069925695
3 0.4711734048663837 0.4327927188666248 0.05474768415851479 0.05648810217691817
3 0.5453774733387049 0.3815873721320021 0.05318518415851479 0.05643353847458741
3 0.6521272732540003 0.47419651278350783 0.061778934158514785 0.05673363883740699
3 0.783735047072698 0.33767371414211933 0.04877069994353036 0.06095734736759475