8 0.606856071521336 0.5000041645846857 0.06186017144658109 0.15930282200827223
6 0.5294208970496926 0.35089504992841236 0.04150676483072289 0.1520352146721816
7 0.7873929992144331 0.5096229705601867 0.06785161709365913 0.24921020667568144
9 0.4652180173648057 0.46180582527054825 0.03341246369925486 0.10350680800445425
11 0.6450231711519937 0.34564338124604943 0.0365738251355733 0.10979317067154523
9 0.6267453489432866 0.2927274665818221 0.029347132415361445 0.07611760467059074
9 0.6370470446885605 0.3176092879137767 0.027798267953980903 0.0784431733370452
9 0.5995202944921687 0.44774223058564006 0.03811359923787414 0.10590510200509069
9 0.6810884570599554 0.501484301241277 0.04365961729005097 0.11924998667249972
9 0.5394145623479538 0.5914200525939124 0.04920563534222779 0.13259487133990877
9 0.6328832820973327 0.6762757632479585 0.05159938231716552 0.1412158933402269
1 0.21111230034590123 0.5647693826384559 0.07084480688700481 0.22659031934277235
2 0.5260691589535493 0.44625300326227607 0.045267569085449114 0.12708066800604528
2 0.5259368278660477 0.28921266259550327 0.03415280708339648 0.09648464867122701
5 0.2876333728491958 0.4224631566279563 0.040516436571891745 0.11608862400540883
3 0.2790452097904299 0.6921125852960017 0.046076090162687856 0.13177725867281787
3 0.37461626414335186 0.6011506832829568 0.04132495764913058 0.12078521467218159
3 0.32110946906200794 0.536143848623502 0.0381272347764936 0.10824885200509068
3 0.3371839209556019 0.4789216946212749 0.03420734923787423 0.10585964867122719
3 0.47096804761542665 0.3757955999363666 0.02942440046753809 0.08939885467059075
3 0.37235783079291396 0.3472535239497296 0.024700539031219736 0.08309431066995439
3 0.38155102361132165 0.3158944359484569 0.024673267953980903 0.07840681066995439