11 0.8438958049035472 0.6174076304836366 0.06969437056996633 0.17947348428423418
8 0.8097343691242724 0.5282017353222008 0.06739970011373089 0.16143195967712848
6 0.7815191858164556 0.4504598790358945 0.0645293680985084 0.16753641046291676
7 0.7602079185162502 0.36926553701761183 0.06937337699575678 0.2098694596771285
10 0.7321174106075847 0.3330027053384115 0.0575299515966055 0.16799017473094038
6 0.5559753577555661 0.4860121970662439 0.046991699619439234 0.15814213978475244
8 0.49139956870653057 0.30351222022560764 0.04404577174882984 0.10498075248119942
11 0.6872731428130876 0.25055623242671665 0.03288543726214943 0.09900258023145839
9 0.6370648957788372 0.266983907157657 0.032089599809719614 0.07947133023145839
9 0.6483989852084335 0.295417122211469 0.030527099809719616 0.07939855562435252
9 0.6539924106075847 0.3366414356937043 0.03331651878308044 0.09044521753501131
9 0.5419672544858054 0.3919539820124319 0.03500635277546919 0.09364299214211717
9 0.6154020958925679 0.4268876000855625 0.04179752224312132 0.10721534057054054
9 0.6988804407593716 0.4777908205160578 0.0478074417107738 0.12075130169541097
9 0.7231575405690912 0.5549333633201288 0.0538173611784261 0.13428726282028158
9 0.7482623113293378 0.6523884061241997 0.05651127965749527 0.14299017473094047
5 0.21098514581601827 0.6828916209686147 0.07868736859279987 0.17053513192686937
2 0.412702860227024 0.5044262109199827 0.06457844764227279 0.1496040477664696
0 0.2712329432308295 0.5094498128630629 0.05486786661563361 0.1600685128202816
1 0.2804859264249156 0.429180116006216 0.06424020802239613 0.1987136358558109
4 0.2992067515200558 0.3891715461138398 0.05749811809850831 0.1672089247309403
0 0.3183414120904596 0.3593192262214637 0.03878261018984288 0.12890840405277598
2 0.4379098127750316 0.2778251695636539 0.037477436767857954 0.09687715405277597
5 0.3371113167293643 0.3013055190255346 0.03253526878308035 0.09040883023145838
3 0.3033318133065042 0.6825041691493692 0.050660527680328825 0.13336046360606985
3 0.39810846102532665 0.5880756189017001 0.04552735870696818 0.12220463978475227
3 0.33996569718516223 0.525034117453958 0.04189302273741298 0.10955909057054072
3 0.354048101824067 0.4672387340793465 0.03711002224312141 0.10699701674922295
3 0.4928121714819998 0.3958088821362664 0.03278993676785795 0.09665883023145838
3 0.3736337485543063 0.37161586497275867 0.03253526878308035 0.09040883023145838
3 0.38541882414373807 0.33427853081235887 0.02603060079830275 0.08386773180303493
3 0.39273923421985024 0.3026282704732767 0.027402099809719617 0.0792530064101408