2 0.28359375 0.52734375 0.040625 0.04375
2 0.34453125 0.5046875 0.0359375 0.04453125
5 0.45078125 0.51171875 0.028125 0.03984375
5 0.49140625 0.52109375 0.03046875 0.04140625
0 0.34296875 0.525 0.034375 0.053125
0 0.50078125 0.4921875 0.0328125 0.0484375
4 0.37890625 0.53359375 0.04453125 0.0625
1 0.43984375 0.53046875 0.03828125 0.0640625
3 0.2984375 0.50390625 0.028125 0.03515625
3 0.396875 0.5109375 0.02578125 0.03359375
3 0.48828125 0.5578125 0.0296875 0.03203125
3 0.45703125 0.49609375 0.021875 0.03125
8 0.3953125 0.39296875 0.02734375 0.0421875
8 0.52421875 0.42734375 0.0328125 0.04375
6 0.5234375 0.39765625 0.02734375 0.046875
11 0.4328125 0.4171875 0.03125 0.03984375
11 0.47734375 0.4015625 0.0296875 0.0390625
10 0.43828125 0.36796875 0.03125 0.0578125
7 0.48515625 0.3734375 0.03125 0.0609375
9 0.3703125 0.4359375 0.02578125 0.03046875
9 0.4421875 0.39765625 0.02265625 0.03203125
9 0.47421875 0.41953125 0.02734375 0.0328125