10 0.449097834619684 0.34872995413308916 0.05825849001431749 0.10580054810640611
7 0.44826894191600386 0.6213998396717086 0.07015905334977202 0.12149372579950324
11 0.2856711339513204 0.3602800116092691 0.054797135343726745 0.0768761173882468
11 0.5508217772517765 0.6040265081914236 0.05556020401018138 0.07531816256778665
8 0.7682563672820024 0.38262018256487096 0.06662497334499946 0.08631929508134402
8 0.3887501332750027 0.43197827048806364 0.07354713534372674 0.07698520169720222
6 0.5516041219366847 0.46964696301188374 0.06589826734563572 0.09100224990180408
6 0.21515754459741226 0.5114425358097658 0.0760272453453176 0.08871758723582168
9 0.38258085459104896 0.5592947494108248 0.050654528007635945 0.05654089149054773
9 0.5912291485916853 0.5558208123479538 0.0584761186744089 0.05736759328594587
9 0.8147484645926397 0.5500894836963391 0.06319998134149962 0.060519864363184794
9 0.7220797065961395 0.5237673573311019 0.06399941267504516 0.062086909542724555
9 0.6620240012730937 0.4476315833269968 0.05139032467377227 0.05263918667008767
9 0.30991660860918446 0.425269207354543 0.05147214067472694 0.05967043667008749
9 0.3498598086012302 0.48409930669061296 0.0484016846753633 0.06433975595192827
9 0.20497456993954827 0.4465351532962085 0.0624641846753633 0.06442156918364503
1 0.3775773706238202 0.3178430476154267 0.061547122016226564 0.11988122882456524
4 0.7470984352721393 0.45515825789683595 0.0794249653484993 0.1121732679539809
2 0.23202796594527522 0.4045021894005621 0.07040395401018137 0.075404520979043
2 0.2712444599379574 0.4586402435570923 0.07279315734404497 0.07932440651766229
5 0.2345518872533673 0.5904669604778009 0.07743520401018138 0.07544542759490121
5 0.7097064285885036 0.5799491796380047 0.06886872601049951 0.07773918061996347
0 0.7321615892345955 0.7316525802037388 0.09088917667886313 0.09036644564707803
0 0.66361486795832 0.31091283332699676 0.058803382678226865 0.08549259328594587
3 0.3371069119589564 0.30432544827935665 0.04442270934118149 0.058067030054229286
3 0.532364320615866 0.37734128834384867 0.05143577800763595 0.05654543667008758
3 0.5138955839433662 0.42020549921443306 0.040489187340863354 0.0557005541565303
3 0.5254972499602291 0.29604583654845057 0.04434089334022708 0.051035780054229284
3 0.7097898866168204 0.37134179409938534 0.043632368674408714 0.05728123487468952
3 0.869500693944957 0.4105548059050461 0.06005680000795408 0.05893918364502539
3 0.6718898972788206 0.4054986254814745 0.05298009667409058 0.05499202702916719