7 0.3984375 0.23828125 0.065625 0.11796875
10 0.80390625 0.3078125 0.09140625 0.109375
8 0.61875 0.22578125 0.065625 0.07734375
8 0.39921875 0.41015625 0.06953125 0.0734375
11 0.1640625 0.31171875 0.0640625 0.0734375
11 0.6828125 0.21484375 0.053125 0.065625
6 0.3234375 0.275 0.06328125 0.0859375
6 0.5390625 0.234375 0.05859375 0.0890625
9 0.18359375 0.35859375 0.05234375 0.05703125
9 0.3125 0.428125 0.05546875 0.0578125
9 0.36640625 0.3734375 0.0421875 0.05390625
9 0.4234375 0.30703125 0.046875 0.05546875
9 0.52421875 0.33984375 0.04765625 0.06015625
9 0.6375 0.36328125 0.0484375 0.05546875
9 0.64140625 0.2625 0.04453125 0.05234375
9 0.7390625 0.29453125 0.0515625 0.05546875
4 0.64765625 0.62734375 0.0859375 0.09609375
1 0.77421875 0.503125 0.11171875 0.1140625
5 0.26640625 0.5765625 0.0703125 0.06875
5 0.81640625 0.58359375 0.08203125 0.075
0 0.45234375 0.67890625 0.06796875 0.0765625
0 0.56640625 0.3671875 0.0609375 0.090625
2 0.51953125 0.43828125 0.0546875 0.07890625
2 0.68125 0.29921875 0.05859375 0.07265625
3 0.29453125 0.64140625 0.06171875 0.0546875
3 0.3375 0.49375 0.05234375 0.0609375
3 0.4546875 0.525 0.05625 0.05625
3 0.5859375 0.571875 0.05546875 0.0515625
3 0.64453125 0.48359375 0.04765625 0.05390625
3 0.68125 0.41640625 0.05390625 0.05703125
3 0.87578125 0.43359375 0.0671875 0.05390625
3 0.8671875 0.50078125 0.06796875 0.05546875