7 0.6500953794050706 0.48125 0.07217737884037305 0.1125
10 0.6422513292780135 0.34765625 0.05128104991529536 0.0890625
11 0.5724022898860619 0.43359375 0.055475726251889415 0.0671875
11 0.3159093661803037 0.4109375 0.050515210466874017 0.0625
8 0.4738660793486007 0.421875 0.05005247888272528 0.06796875
8 0.4940490477079825 0.35703125 0.053685713097709885 0.06328125
6 0.5508303977503348 0.4015625 0.05376901308359248 0.078125
6 0.4642110873116957 0.49375 0.05018128149944392 0.08359375
9 0.2931173373116957 0.49375 0.055619939420186525 0.05625
9 0.3408869793768356 0.4515625 0.053966434158514695 0.0546875
9 0.43519842149844534 0.46875 0.04399219468185826 0.0578125
9 0.5322708425733675 0.4921875 0.04550919205102257 0.05703125
9 0.6393167741010464 0.43828125 0.04688968152767892 0.05390625
9 0.6692541740586939 0.39375 0.04335515785015538 0.046875
9 0.6624196161097166 0.33671875 0.03554265785015538 0.046875
9 0.5719087371987562 0.375 0.041329926266006824 0.05234375
0 0.8054878056710774 0.42890625 0.0687037683452644 0.0796875
0 0.44627097134315347 0.30546875 0.040169244667740855 0.07265625
2 0.24749329514773372 0.43203125 0.05947298151356133 0.06875
2 0.387846008386618 0.5171875 0.05758425782192065 0.0765625
5 0.762458142488663 0.403125 0.05593845783603797 0.06171875
5 0.49011416367652477 0.5453125 0.06420598414439738 0.06953125
1 0.36518830033881844 0.35625 0.05283584463950612 0.10234375
4 0.6197547029978893 0.38515625 0.06083806043863902 0.0921875
3 0.2160759661520688 0.38125 0.04648015785015547 0.046875
3 0.3401427977079825 0.35703125 0.03476140785015547 0.046875
3 0.40434253462439 0.43515625 0.04142093152767874 0.05390625
3 0.4315567529837717 0.3703125 0.03545165258848364 0.0453125
3 0.5125414424745456 0.38828125 0.03944890785015538 0.046875
3 0.5229398871564039 0.33046875 0.03471590521931951 0.04609375
3 0.5999728240163418 0.34921875 0.03531514469597585 0.04296875
3 0.6346054292497787 0.31796875 0.03609639469597585 0.04296875