11 0.8362596927282148 0.6126417678671398 0.06763744404836274 0.17983798620519006
8 0.8031540245440991 0.52361356739217 0.06555210682220221 0.16178734905006031
6 0.7758580871596539 0.446017511874246 0.06260896324869289 0.1678735747398008
7 0.755502471561963 0.3649279641582381 0.06696149412750518 0.2102248490500603
10 0.7277806368430847 0.32647629579544385 0.05560044530200407 0.168286332541717
6 0.5515400487589941 0.4812467622129303 0.046802106822202205 0.16080470318850323
8 0.5963260483632826 0.326323566826343 0.042844381037097 0.10521312245580869
11 0.683987521245394 0.24661505540638232 0.03174775666391767 0.0991711623699004
9 0.633615448204998 0.26333888794809923 0.031179455331134066 0.0796399123699004
9 0.6446127841775177 0.2917128714397559 0.029616955331134065 0.07955802521477065
9 0.6497238330030187 0.33291440355193147 0.032278954077492726 0.09061835594746528
9 0.5371161844149446 0.3888921658764034 0.03393238229073816 0.09382524310259503
9 0.6703295011871342 0.4225977012679394 0.0405688271970309 0.10743404172311415
9 0.692946298758994 0.47383597467368765 0.04642402210332382 0.1210018967660682
9 0.7163132540901281 0.550855498079436 0.05227921700961655 0.13456975180902225
9 0.740271242807357 0.6481875214851843 0.054873019596041316 0.143286332541717
5 0.2029303671805364 0.6818254528498191 0.07673965940862688 0.1709543091359686
2 0.40753163598515485 0.5067900740624323 0.05271112602253201 0.14941350180902227
0 0.26516227955866417 0.5079918051792397 0.053029374768890844 0.16035100180902226
1 0.27534361012090736 0.42764920793820166 0.061955745381146524 0.19904168758467106
4 0.2945195074553404 0.3875221749215149 0.055577713248692893 0.16750508254171698
0 0.3139909214828208 0.3575513919048281 0.03729907468974849 0.12910432383528966
2 0.32730326372354657 0.33103315750866036 0.0363670605039836 0.09707307383528967
5 0.33342523159109294 0.2994146653105765 0.03149770407749282 0.0905774123699004
3 0.2952315274470931 0.6809003606971636 0.04913148495630519 0.13362472749876275
3 0.31221678747622295 0.5923767712580418 0.04412573620994644 0.12244156603337367
3 0.33367659883813633 0.5231797139310955 0.04063702335696497 0.10977779172311397
3 0.3484234089464085 0.4652886488022331 0.035881327197030896 0.1071883802577247
3 0.48559914852156716 0.3931569419956852 0.03167956050398359 0.0968274123699004
3 0.36911033049573627 0.3695290914752868 0.03149770407749282 0.0905774123699004
3 0.38132317399010324 0.3321143006566839 0.025065847651002126 0.08399986374938137
3 0.3890076418576497 0.30041392130347033 0.026491955331134066 0.07939425090451113