7 0.32447153866573253 0.5282511627392283 0.07659684904759594 0.2553638961948931
9 0.3471620219165095 0.49431065632908755 0.045937546318727575 0.11595463978475244
6 0.3497005169541108 0.4143320579006641 0.05006427419282104 0.15434505169541096
11 0.3728426104201355 0.3396573895798645 0.044610486765433686 0.10419950248119933
9 0.37767350558157126 0.3088975411514411 0.031055254962398672 0.08096105562435252
9 0.39020773883234827 0.2754300696874884 0.025841216087269192 0.08617509449948199
9 0.4279903368464869 0.43104221484892413 0.03467256058675119 0.10841396753501123
8 0.42323437034493294 0.49703108788445344 0.05974748924663302 0.14466183664159918
9 0.40318735173368314 0.6717785308123588 0.060783450371503456 0.1501669739451522
9 0.4905909983428609 0.5815837162966663 0.046628905086233276 0.13079838978475244
2 0.4978126852749104 0.4340537448327135 0.04584765508623327 0.13076200248119943
9 0.5571705686495219 0.4477309470662439 0.04230312406898662 0.10487159057054055
5 0.5484269613297583 0.37767315819111436 0.03489088440806878 0.11310146753501131
2 0.5922818151348652 0.3106461699779386 0.04226673676543378 0.10409034057054053
3 0.634304495242489 0.2883323682825275 0.026695240694375143 0.08777398180303493
3 0.6492959485094767 0.32443253412212775 0.028857054176610396 0.08397689371369373
3 0.6898204028099217 0.45486274276579886 0.04070423676543378 0.10401756596343467
3 0.6572883467712843 0.5800832206398925 0.04299448283649223 0.11971534057054072
3 0.7096641759692854 0.5110934720876344 0.037906722497410075 0.11090326674922295
1 0.7356466331652145 0.5310228283739408 0.07828562758364335 0.24141055810555195
3 0.7574210874656595 0.6623263323028822 0.05349748924663302 0.14437073821317573