0 0.8905120511069098 0.4745137726110367 0.10873759215265544 0.09581598620500191
4 0.5904500961093843 0.3942013123515685 0.09031181874690705 0.11622768992586625
1 0.24966240106148135 0.5822048316736802 0.11864153663473136 0.12111608656782166
3 0.6946230189947343 0.48526776725355913 0.0688595426276251 0.06401042549789597
3 0.4669417542954132 0.531569881496195 0.0709985747398008 0.0601860210513923
3 0.6713636606724197 0.6089607275978454 0.05862140547249552 0.06209326143274545
10 0.7759006744672297 0.5426958321370163 0.11362981004047974 0.09988592731199439
7 0.3726760979184066 0.45033229438021916 0.10811347241038013 0.1285466406515056
6 0.7848928149017198 0.41558769511370774 0.09368912426483114 0.09139138103285874
9 0.6768479415413999 0.35518096316987513 0.07058581693788461 0.06718998920022674
9 0.5880753686106214 0.3488888123515685 0.053647300429541286 0.056460820325752795
9 0.573232697872978 0.5286407997376967 0.06413109905006031 0.0630654843909035
9 0.45491646709485484 0.6157365503706689 0.06717421189493056 0.06161211179556503
9 0.3182442254625979 0.41231642840830285 0.054425228403273886 0.0713045703257528