7 0.2188728905951851 0.520015668646334 0.07389367536599849 0.242693616851332
9 0.3817381592934564 0.2825430977175091 0.021221566677272197 0.07871603338609487
9 0.3688745326225475 0.31415681057049055 0.025182360677908557 0.08351719365265158
9 0.3692103399506841 0.3524153285171792 0.030705654678544914 0.0883638180258309
9 0.4079632099379574 0.4450059937983008 0.03483917134786303 0.1080087282923877
9 0.31190472792014 0.579006572248973 0.04681246001749919 0.13022470909205772
9 0.3733593012412769 0.6670317579840658 0.048511320019090046 0.14198892319868045
3 0.6495763559039135 0.6886721111118512 0.048465866685226365 0.13808267319868045
3 0.5577803019175948 0.5905959754559008 0.03507552868395365 0.1283212282923877
11 0.2504501545990031 0.4909813865138803 0.046948820019090044 0.14194345909205772
3 0.6454364852800933 0.37327443164496465 0.027571564011772055 0.08749163981258565
3 0.6357711312858203 0.3313824483380121 0.02588179467695397 0.07650867570596294
3 0.6243523732893201 0.30594217913768224 0.02593633867759042 0.08119617570596294
8 0.7647757365929579 0.5205322133817069 0.05780450401813546 0.1352304578384164
1 0.7331433812460494 0.6214187634608491 0.07642832936822579 0.25916806301126594