8 0.51015625 0.459375 0.04296875 0.05390625
6 0.3796875 0.46640625 0.0390625 0.05625
7 0.43984375 0.42109375 0.04375 0.08046875
10 0.6953125 0.440625 0.0453125 0.07265625
11 0.47890625 0.5890625 0.0421875 0.05
9 0.45546875 0.51640625 0.03828125 0.03984375
9 0.4953125 0.4046875 0.02890625 0.0375
9 0.5546875 0.42734375 0.03828125 0.03984375
9 0.66796875 0.42421875 0.03125 0.0390625
9 0.36953125 0.4390625 0.0328125 0.03984375
0 0.33984375 0.54921875 0.04609375 0.0578125
0 0.715625 0.5203125 0.04765625 0.06328125
5 0.61015625 0.5703125 0.04765625 0.05078125
4 0.53125 0.5328125 0.05 0.07265625
1 0.58515625 0.478125 0.0484375 0.07890625
2 0.40390625 0.55 0.04453125 0.0546875
3 0.4078125 0.6015625 0.04140625 0.0421875
3 0.3953125 0.51484375 0.0328125 0.040625
3 0.5359375 0.58359375 0.0328125 0.0390625
3 0.60234375 0.54296875 0.03515625 0.03671875
3 0.6765625 0.57578125 0.0390625 0.04140625
3 0.69765625 0.62578125 0.0375 0.0453125