11 0.6844646596388564 0.5727331530081201 0.0569627834984459 0.06656593709378669
11 0.29489489144189135 0.5568952877457052 0.06317639619489306 0.06589378124958803
8 0.28729221484892414 0.4016856363657334 0.05421877315936374 0.05793127678536116
8 0.6092656064957033 0.5615559196472116 0.061686670801998925 0.06742900771063773
6 0.5299055922276796 0.555915620133679 0.0527483184446341 0.07664036647693565
6 0.24186409077993756 0.5055197483784422 0.06268624462331651 0.07213014448011297
7 0.2224034613342675 0.5378646440763711 0.08281896215832774 0.10214492694751698
10 0.2551667655108779 0.45454758360578984 0.07129926530148101 0.0894540121748646
9 0.6823991995474431 0.4829984971639215 0.04291740012383442 0.04992786201270878
9 0.6169946774215367 0.4458900093387861 0.03804796360606986 0.04593979139585791
9 0.5444454352794196 0.4783809553610266 0.03912031203449331 0.052203428165332966
9 0.4660271827982202 0.5195611087695932 0.03830267473094047 0.05140854139585791
9 0.3825789820124319 0.5178952431034365 0.0476049001238346 0.05000968262955983
9 0.33372625910073717 0.4773753831193225 0.04355310090962279 0.04681649878218401
9 0.27784228618904233 0.43697825406048507 0.04277185090962279 0.04680286201270896
9 0.1839809702256076 0.47452489285855515 0.049948650123834516 0.05005059293798553
5 0.69643608250777 0.3157019030081202 0.04242724855225788 0.05616422524323372
5 0.28411801902553463 0.3189958672910099 0.045406699338046155 0.053093772321134304
0 0.6795353728306415 0.37688486485867323 0.0549829065339754 0.07433752678536117
0 0.49964881968748837 0.36753495860743746 0.04439000889134022 0.06478524878218402
2 0.49392320450984195 0.4066656424548133 0.04658820967712849 0.06170115909060954
3 0.5594048093484061 0.37507867735784933 0.05269266046291676 0.05868525324641087
1 0.5151325785788285 0.30325427029583474 0.053257740694375146 0.08757786647693573
4 0.45245064206106383 0.30825146185384833 0.048424691480163415 0.08437104586008468
3 0.5739232276692057 0.34828435227677146 0.0346318651776464 0.039635244317957154
3 0.695924506205253 0.36020587946916977 0.034922963606069855 0.04588524431795715
3 0.6262262822601009 0.4152848916440345 0.036412688998963993 0.04435001785690744
3 0.4275533418133948 0.4070435178602027 0.0334332382131759 0.047420470779006865
3 0.5075897522763115 0.3478809776821609 0.034886576302517014 0.045103994317957155
3 0.3865323895798645 0.3492134269508123 0.03499573821317572 0.047447744317957154
3 0.3180349466519591 0.3785111891256769 0.039537688998963996 0.04440456493480811
3 0.2647301641869704 0.34977826298893877 0.039537688998963996 0.0444045649348082