7 0.403125 0.4109375 0.0609375 0.10625
10 0.6796875 0.46953125 0.06015625 0.10078125
8 0.4515625 0.51640625 0.0625 0.07265625
6 0.2890625 0.5921875 0.07109375 0.0796875
11 0.6484375 0.4359375 0.04296875 0.0609375
9 0.42578125 0.4734375 0.04375 0.05
9 0.50859375 0.4671875 0.040625 0.05625
9 0.590625 0.50234375 0.0390625 0.04921875
9 0.5625 0.4125 0.04140625 0.05234375
9 0.69453125 0.39453125 0.040625 0.05078125
9 0.784375 0.41875 0.05 0.05390625
9 0.859375 0.5046875 0.0546875 0.0578125
1 0.56796875 0.58046875 0.06015625 0.1078125
4 0.61796875 0.521875 0.05625 0.10234375
5 0.384375 0.57421875 0.05625 0.065625
0 0.7203125 0.41484375 0.046875 0.0796875
0 0.47421875 0.4171875 0.046875 0.078125
2 0.58359375 0.44453125 0.04765625 0.0734375
3 0.34140625 0.45390625 0.04921875 0.0546875
3 0.59609375 0.36953125 0.040625 0.05078125
3 0.371875 0.53671875 0.046875 0.05390625
3 0.45625 0.57578125 0.05234375 0.05625
3 0.52578125 0.51015625 0.04765625 0.05234375
3 0.7015625 0.528125 0.05078125 0.0578125
3 0.82109375 0.57265625 0.0609375 0.05625
3 0.75 0.475 0.05078125 0.05390625