2 0.7168843478125446 0.5822896363054507 0.0705676444801128 0.06099335780753492
5 0.469755977682161 0.5130720833031593 0.06257786647693564 0.050655269851631955
0 0.6296025361241473 0.5718262214115619 0.06340002678536116 0.05301720364722229
0 0.410486117698047 0.46369098556361077 0.05810855478853849 0.06304616707809033
4 0.5622241213514949 0.5843275278323259 0.06276878124958803 0.06159276985163196
1 0.46876049351047355 0.5701033333031593 0.06586650771063773 0.06010300503399311
3 0.7148093790621328 0.5222061214878119 0.05933013555165907 0.04355128466927081
3 0.6282815438347851 0.5132870227983328 0.047638659090609534 0.04484102773541672
3 0.5571877938347851 0.5149417481970481 0.046007975243233724 0.04089841014423605
3 0.46971111323382014 0.47090276709874956 0.05228524878218401 0.042606380508958354
3 0.39382472321793405 0.5234296614754163 0.05153127232113439 0.04415069671336802
3 0.38634741396516875 0.5938876318401386 0.0529983149348082 0.03871831430454868
8 0.6362066866900449 0.23821428761597171 0.061397196022240405 0.07249390226045146
11 0.4945822483784422 0.2540055546178121 0.05655969155801355 0.06379104948690983
6 0.42292543669004495 0.24317846381211766 0.05433867248329012 0.07076774810013901
10 0.57607375608908 0.1935388736720134 0.06245118141174384 0.08813708605604172
7 0.49638625608907994 0.19539362082222178 0.060311982953871454 0.09980128466927089
9 0.727439612826783 0.29075609973631883 0.05005059293798535 0.048801829122187536
9 0.6349696948077198 0.3538211038203814 0.04299206939903506 0.04707567496187508
9 0.5578634983784422 0.25253266717499956 0.04380059293798535 0.04865635875746532
9 0.49074813636573344 0.2947032898001732 0.04995513555165907 0.043333079122187534
9 0.3476021083625562 0.30818717439319415 0.05398411647693564 0.050455248100138926