2 0.3248460661683225 0.4203974357420937 0.04509848428423435 0.06421900889724856
0 0.5524402191876412 0.3492878038034209 0.04090113585581072 0.05780984140676253
4 0.6119094185256874 0.39930770844232566 0.05163958271265763 0.07072367688202608
1 0.6712694559530747 0.4469838630812303 0.06461261765884582 0.08138926285158128
6 0.41625231616832253 0.41667291646472177 0.03330695967712849 0.06217900642579064
6 0.649418034736791 0.5324093685184378 0.05067639619489306 0.06678559338392898
3 0.4517146271693585 0.37139490855605634 0.03257921360606986 0.04655400642579064
3 0.28522494809519194 0.49402327813743946 0.036703787427387446 0.051400673916276673
3 0.5356380169541108 0.4086773912558508 0.0321789532669877 0.03796025642579064
3 0.7196876852749103 0.42779085270110695 0.03712116439185813 0.043620007414373774
9 0.42561235359571 0.46638641498184696 0.03801157630251702 0.04599559091247105
9 0.5579390101296852 0.5345713877958097 0.044970051695410976 0.04471959239534584
5 0.5839236213783903 0.5883038828528939 0.047750449338046154 0.0541900928896375
7 0.42463635855810866 0.5462649159704303 0.053476064515692735 0.09341176038012336
10 0.4629133004525568 0.47739024057127877 0.05892554383752824 0.07647892836490086