8 0.43515625 0.41015625 0.034375 0.0515625
8 0.59453125 0.40390625 0.0359375 0.0515625
11 0.52265625 0.39296875 0.02890625 0.04453125
11 0.496875 0.4234375 0.03125 0.04375
6 0.565625 0.37578125 0.02578125 0.053125
10 0.45859375 0.37421875 0.0359375 0.06171875
7 0.51328125 0.3640625 0.03359375 0.06640625
9 0.45859375 0.4609375 0.02578125 0.03515625
9 0.48515625 0.40390625 0.02578125 0.0328125
9 0.53984375 0.41484375 0.0296875 0.03515625
2 0.484375 0.58125 0.03203125 0.046875
2 0.51796875 0.5375 0.0359375 0.05
0 0.64765625 0.4734375 0.03125 0.053125
0 0.5390625 0.5609375 0.0296875 0.053125
5 0.61953125 0.509375 0.02734375 0.04609375
5 0.67109375 0.5046875 0.03125 0.0453125
4 0.5875 0.5546875 0.0484375 0.065625
1 0.6453125 0.5296875 0.040625 0.0734375
3 0.4671875 0.553125 0.02890625 0.0375
3 0.56484375 0.5265625 0.0234375 0.03671875
3 0.70234375 0.54140625 0.03828125 0.03671875
3 0.60625 0.49296875 0.02421875 0.03515625