11 0.6894863296378064 0.5515625 0.06563101167848248 0.05390625
8 0.5794126476636373 0.58125 0.06827027837152996 0.0640625
6 0.7563328488381365 0.53984375 0.07355717194503911 0.0578125
7 0.7419126476636373 0.58125 0.09294366943775678 0.0796875
10 0.670742341316289 0.60546875 0.09046352711788863 0.075
9 0.7595882294795219 0.490625 0.049710494985435005 0.04375
9 0.6635315833987301 0.51875 0.048815584718878216 0.03984375
9 0.5072899435861445 0.4921875 0.04355142319868044 0.046875
9 0.638423934810656 0.56875 0.05046901293212365 0.04296875
9 0.4615886501709198 0.559375 0.045849709092057725 0.0453125
0 0.6156443496960662 0.3765625 0.06041231426490725 0.0625
5 0.5440277624699054 0.35859375 0.049224761678482484 0.05390625
0 0.40952473033745174 0.32734375 0.0520231527447093 0.06953125
2 0.3384309803374517 0.32734375 0.04878449247815268 0.065625
1 0.5245586969513568 0.30703125 0.06892950791755884 0.08671875
4 0.4542689290046681 0.3078125 0.061761865597690854 0.08203125
3 0.5606780533778476 0.31328125 0.037969012932123646 0.04296875
3 0.5898714598834806 0.35 0.04107128087881247 0.0421875
3 0.5644228304957363 0.38828125 0.040312762932123644 0.04296875
3 0.48106476121626407 0.36953125 0.03716503087881247 0.0421875
3 0.4296159214828208 0.3734375 0.035670727038746367 0.04453125
3 0.35937161764275477 0.37578125 0.04111674498543501 0.04375