3 0.6902095660407255 0.327981644827435 0.03487498667249973 0.04436942391627667
3 0.6079783213717255 0.30745162752722954 0.0325039646721816 0.04193017342198502
3 0.5801442227084527 0.3313056215957305 0.029388055338954187 0.04258408942959626
3 0.5367942120464524 0.3638979457022875 0.033321577339272504 0.045087006920082204
3 0.4973140887173614 0.39352443729933057 0.035701690006363404 0.04830750741437377
3 0.422840800047725 0.3686252549800969 0.03333066800604527 0.04586825692008221
3 0.3476498960454979 0.3491629891627661 0.03487498667249973 0.04436942391627667
3 0.2741214893777707 0.3383581403416297 0.03565623667249973 0.04440125741437377
9 0.8279742900620427 0.4905519234963471 0.043532371339908595 0.05018834239534584
9 0.7300271387253154 0.46157273623419764 0.040398280673136 0.049279758402957084
9 0.6344328280553612 0.4334702994663397 0.03884487133990895 0.04999734140676253
9 0.5623487427195885 0.4125728676413978 0.03571987133990877 0.04987000741437377
9 0.5315260040579064 0.44801827771750996 0.04116134933959063 0.04774909190105418
9 0.48323450206872415 0.5257002673373866 0.04669373400699968 0.0534406763877346
9 0.3961793973981334 0.4932604990485979 0.04588521200668154 0.051065092889637495
9 0.31776349606140625 0.4650771492388783 0.04744771200668154 0.051128759885831696