11 0.22650787006344952 0.48949532792374695 0.05044148801910051 0.14766593262955982
8 0.3783878285936373 0.5001174078760888 0.0664757157865818 0.15965741801906325
6 0.3176710726031875 0.4277844862035776 0.04591767912609299 0.15227161201270878
7 0.19750985082615585 0.5149862516248531 0.07508187867060609 0.24959662540538954
10 0.2700991573569106 0.3591259894499884 0.056565002447070786 0.16651139001588602
6 0.44552076489130643 0.5005071457012242 0.04764387023308565 0.15698638555165906
8 0.4188392469199571 0.28079466355813165 0.0394568588003402 0.10140854139585782
11 0.2864607673383771 0.33775950406048505 0.03367065027015244 0.1145806972400564
9 0.3645237691524757 0.2934543506519184 0.0315525895630465 0.07628581047058125
9 0.353494499915182 0.3186316286550956 0.030071935116542825 0.07860228693163096
9 0.45883427514292546 0.36520089123699734 0.03279763103285873 0.08958069724005649
9 0.46045877332882695 0.40811509415909664 0.03446925843752062 0.09273297077900686
9 0.3872469626217209 0.44765092695081227 0.04118304990733286 0.1061233149348082
9 0.304087233040141 0.50375665097623 0.04711559137714501 0.11950002232113448
9 0.2802652979235982 0.5822498437520596 0.05304813284695733 0.1328767297074606
9 0.3472221302302506 0.6771162844992943 0.055691983209777085 0.1415113900158861
1 0.7723808760538994 0.5533598157521776 0.07741570498680872 0.22699492248329012
5 0.7438937775051782 0.519503012992234 0.054047637656280755 0.13914036647693565
0 0.68662442532826 0.5720337236249712 0.060290203172710125 0.1837534370937867
2 0.4568600581752172 0.44409350446752216 0.04191965988879929 0.1272170649348082
4 0.7031373466498045 0.38982519562179396 0.05653772059590523 0.1657301400158861
0 0.519903205998299 0.49452415260108307 0.042819960977258376 0.1529983149348082
2 0.567956303998866 0.32581901704942384 0.043990591377145095 0.11944547524323364
5 0.6647321002780017 0.304610444403978 0.03201638103285873 0.08956706047058134
3 0.7007191524627692 0.6826575779270423 0.04989585099579195 0.13204093262955982
3 0.6077628153467934 0.5944911505724881 0.04482640507947586 0.12102161201270896
3 0.6631794908446893 0.5279388502481765 0.04126489546082901 0.10846706493480802
3 0.6487648159797657 0.4711939724071552 0.03727679990733286 0.10605513108743239
3 0.511966709626496 0.40877756737373544 0.032234635842182155 0.09581706047058133
3 0.5733233610777748 0.3733525361241473 0.03201638103285873 0.08956706047058134
3 0.6174106669755574 0.340571263803013 0.027110626223535307 0.0832352398537303
3 0.6091269410221745 0.30948490503671505 0.02694693511654265 0.07854773985373029