7 0.4593853452710066 0.3805113678682428 0.05863207722232655 0.1049636358558109
10 0.24047038468993015 0.4648457882559569 0.06097582722232655 0.1050727977664696
6 0.5456313165856594 0.3967848771738677 0.04467802678548623 0.07543880169541106
11 0.5940123055677426 0.49754470244292737 0.057087107807534745 0.07211474855225788
9 0.5256993698722913 0.44843942245913804 0.03553876291777787 0.051601041356328994
9 0.5115290735195136 0.38666716853019656 0.03702852773541672 0.048548815963434674
8 0.42475511892236073 0.42660727192101866 0.04996493882958344 0.06788101282028158
9 0.37239383833715245 0.3962691085626179 0.04564046153100696 0.04973032630251702
9 0.34132502308267326 0.4234694634011821 0.03939046153100696 0.049439227874093564
9 0.21886814162378432 0.454145882755439 0.034793880508958354 0.053127154052775794
6 0.6540789430105551 0.43153440467645765 0.0549070119678472 0.07903683664159918
6 0.30613044586034677 0.5273414801504052 0.05274509992375007 0.08674017473094046
4 0.5010442087781246 0.4683174288692788 0.05223660685760425 0.09842253742738745
1 0.39301415644142323 0.44915651406313584 0.05094686379145843 0.11006851282028159
2 0.6106555981207983 0.4530669563718687 0.057831990216354254 0.0705886358558109
5 0.46535997549562447 0.5261684702256076 0.05096439437666689 0.07729240012383443
3 0.6496810773192356 0.4863674538906694 0.04338763050895835 0.05352741439185813
3 0.5705215606017358 0.433865346156621 0.03702852773541672 0.048548815963434674
3 0.534328181042708 0.5135913875129499 0.041080248100139015 0.05498075248119942
3 0.44415581630131895 0.5989531528144308 0.04985583605604162 0.06319351282028159
3 0.43449183520302037 0.5112177123677248 0.037010343939826384 0.04776756596343468
3 0.4045127412631939 0.5586577925991831 0.045022865691319504 0.05672518899896399