9 0.48515625 0.5921875 0.04921875 0.05390625
9 0.375 0.490625 0.04296875 0.05
9 0.55078125 0.52109375 0.04453125 0.05546875
9 0.74765625 0.5484375 0.05625 0.05625
9 0.5828125 0.41640625 0.04140625 0.0515625
9 0.6859375 0.446875 0.053125 0.05234375
9 0.84921875 0.42421875 0.05078125 0.0546875
3 0.28125 0.5046875 0.05703125 0.0515625
3 0.3578125 0.44375 0.0484375 0.05390625
3 0.37734375 0.5484375 0.0515625 0.05234375
3 0.45625 0.48203125 0.040625 0.05390625
3 0.52421875 0.4265625 0.04375 0.05390625
3 0.6109375 0.4640625 0.04453125 0.05390625
3 0.72578125 0.39453125 0.0484375 0.05
3 0.79921875 0.4859375 0.05546875 0.05