11 0.2683411038527012 0.5094004127085847 0.051012233702664035 0.1446441146538925
7 0.24585835009177756 0.5409846053816384 0.06963786473976094 0.24858798620519007
6 0.3168514970304991 0.35359082598299624 0.04118259263643722 0.12852779172311407
8 0.3278200892712249 0.3284237296464694 0.04068248746358769 0.11134029172311406
11 0.3425130750854599 0.29721135119776687 0.03163409639736088 0.0952649123699004
9 0.393703502045064 0.3139351837394838 0.022585705331134066 0.07918953301668674
9 0.3836752841775176 0.34461197365357554 0.02506584765100204 0.08399986374938137
9 0.38400790478977337 0.3828522800760107 0.0322334899708701 0.08905585594746528
9 0.3474519423325033 0.5205669640426371 0.04387568362352168 0.11384781603337366
9 0.33586723614343944 0.6049862296464694 0.04906328879637121 0.13128097749876275
9 0.31511211843417763 0.6959454223195232 0.0556088054894186 0.1417647761192818
3 0.6784077403000746 0.7422869923096255 0.050853109329484524 0.13917536465389252
3 0.730526518275893 0.6568717927391668 0.04373093111623909 0.1356818724558087
3 0.6882671589464084 0.518146807438488 0.03911998746358769 0.11125840456798422
3 0.661411490762293 0.4262525565339768 0.02908575791755883 0.08811083163720568
3 0.6500277098834806 0.3835327900256334 0.02720500917119999 0.0770914444820761
3 0.6375588021242062 0.35713738636216025 0.02734140149106814 0.08177894448207601
5 0.8640951877136498 0.743437813770066 0.07237040815498545 0.18164614767057935
2 0.819248037476223 0.6498206105815627 0.06900371575597539 0.1463670669378848
1 0.7663874619285446 0.6829330037295863 0.0792629173261858 0.25767305913596844
0 0.6240766268139548 0.483580377655733 0.04262307218246608 0.15122498530067893
2 0.6046159214828208 0.40455461894930567 0.036844433623521765 0.11347932383528966
5 0.6873314815910929 0.3519452753263123 0.032278954077492726 0.09061835594746528
10 0.4164830871596538 0.507023442445911 0.05499269154108042 0.20101694538658704