9 0.47109375 0.3390625 0.0359375 0.06796875
9 0.65 0.34609375 0.040625 0.0703125
10 0.521875 0.3328125 0.04453125 0.0875
9 0.34296875 0.3640625 0.0375 0.04609375
9 0.396875 0.36640625 0.0359375 0.0453125
9 0.4578125 0.36953125 0.03359375 0.0453125
9 0.5140625 0.37109375 0.03203125 0.04609375
9 0.5828125 0.3765625 0.0375 0.04765625
9 0.64140625 0.37890625 0.03515625 0.046875
9 0.69921875 0.3828125 0.0375 0.0484375
9 0.7671875 0.38828125 0.0375 0.0484375
4 0.4078125 0.53359375 0.06484375 0.11484375
2 0.2484375 0.53984375 0.06875 0.0796875
2 0.684375 0.57109375 0.06015625 0.08046875
0 0.57578125 0.559375 0.05546875 0.0921875
5 0.7890625 0.5984375 0.0703125 0.084375
3 0.20703125 0.4953125 0.046875 0.05546875
3 0.2796875 0.50234375 0.04765625 0.05703125
3 0.36015625 0.5109375 0.04765625 0.06015625
3 0.4359375 0.515625 0.04375 0.0578125
3 0.51875 0.5296875 0.05390625 0.0625
3 0.6046875 0.5328125 0.0421875 0.0625
3 0.6875 0.53984375 0.04921875 0.05859375
3 0.7828125 0.53828125 0.05703125 0.059375