5 0.2238472355636108 0.41331304511850675 0.04894729948690983 0.05657796153100705
5 0.5867667692829511 0.3197558815557981 0.03395807912218753 0.049982469414791716
2 0.26883308045336773 0.3927453187698609 0.04742116707809032 0.058104093939826476
2 0.5381110637358677 0.3302582768823954 0.03888196846486114 0.060247822188333446
0 0.4911269609623261 0.3360368046178121 0.03359505642076392 0.06793303561920147
0 0.33950925636517326 0.37548377716673575 0.04060812262517368 0.06731543977951393
1 0.3931615864372914 0.3515910290665969 0.042062173062013916 0.09623987357510418
4 0.4464684243931941 0.3425420309664579 0.04257066612815983 0.08453930737069441
3 0.6221042040284719 0.3447006769586453 0.036174542553055564 0.04456827080156245
3 0.5741751970946177 0.3575286384896523 0.033031358757465414 0.04371428561920139
3 0.5238842563651733 0.3711924014074301 0.03768249116628475 0.04226088839274311
3 0.4697779846136802 0.3810408333031593 0.0361927263486459 0.045349520801562446
3 0.42571886008864546 0.3953403758562149 0.030705792553055743 0.04444098423243066
3 0.36367280176802047 0.41083939570784694 0.0385364763486459 0.04540407218833344
3 0.3047153758562149 0.42782818037711773 0.039299542553055566 0.04464100598392377
3 0.2410158985576385 0.44726981781993036 0.04242454255305557 0.04471374116628475
11 0.8725373490707288 0.4880096933918049 0.06162913744281262 0.0646814022604513
11 0.43788697929534665 0.6441408985576385 0.05534276985163196 0.06297343189572917
8 0.8174134379765621 0.5080325590831244 0.059230836056041625 0.06228310087368065
8 0.500278529732187 0.6137981287060066 0.05394392401194459 0.06996831430454868
6 0.7608906810427079 0.5210605423656244 0.05319904160312507 0.07151263050895836
6 0.5749700584175342 0.5917581681249301 0.05090984298989589 0.07380182912218754
7 0.6405593440367356 0.558217663090937 0.06711672444878473 0.0991655050339931
10 0.7074565565176731 0.5355782904657633 0.06455476890170146 0.08973595364722228
9 0.3949370663013189 0.610784191110694 0.04020807912218753 0.05012793977951393
9 0.47050076396461754 0.5848197967340274 0.03864557912218754 0.05009157218833345
9 0.536744013014687 0.556729857904444 0.03550239532659738 0.04923758700597229
9 0.5917042699485412 0.5437382422131245 0.037809777735416716 0.047729638392743114
9 0.6492446662250689 0.5205358251350342 0.041679660144236054 0.04625805737069442
9 0.7082748273192356 0.5004220404657633 0.040843858757465414 0.043896123575104265
9 0.7673777235957635 0.4771832557964924 0.04244272634864572 0.04549499116628475
9 0.8114004805296176 0.4644462132434368 0.04478647634864572 0.045549542553055565