11 0.8019312954997565 0.6269319336809624 0.06660953780340292 0.17874504809323427
8 0.7735718657882287 0.5373709258764141 0.06462881050482654 0.16072173439090348
6 0.7504084291428468 0.45933769511370776 0.06164928086954866 0.1668626069862416
7 0.734348977679826 0.3779339276905126 0.06575620583142375 0.2091592343909034
10 0.7117842998681594 0.3412523832254755 0.054636214665138995 0.1673983203257528
6 0.5248629152751384 0.490632368249351 0.04587881050482636 0.16006696996293304
8 0.5776820568020137 0.3342261116259291 0.04224401101791671 0.10451637440943688
11 0.6692168997919096 0.25843244874190485 0.031179224448784737 0.0986656784931208
9 0.6181083414712845 0.27426826906765767 0.030724629559027862 0.0791344284931208
9 0.6275917910344442 0.3028198550025071 0.02916212955902786 0.07907986479078995
9 0.6305342998681593 0.34408969574667997 0.031760452697291795 0.09009921034428628
9 0.5153080369503815 0.3980728460168324 0.03339568787965277 0.09327877404661714
9 0.6463937295796871 0.43408721316987514 0.0399548124046877 0.10677827885594056
9 0.6662691652751385 0.48569435318840865 0.04573268692972228 0.1202505018140986
9 0.6855445357161106 0.5630827432069421 0.051510561454757034 0.13372272477225663
9 0.7043471274717354 0.6607836332254754 0.05405433320625015 0.14239832032575278
5 0.1667198409026036 0.6850222968272899 0.07576633225631957 0.1696974303072194
2 0.379913437976562 0.5136482607149552 0.05639808320625015 0.1424801658792491
0 0.23787140834128429 0.5123635576270631 0.052110626709236205 0.15950397477225664
1 0.2522261554914927 0.4322395480084162 0.0608141326931599 0.19805804328391083
4 0.27344784527100663 0.3924677198781151 0.05461803086954875 0.1666170703257528
0 0.29443314570784695 0.362852141747814 0.0365577086812154 0.12851686960011338
2 0.30909571096232613 0.33657981842683626 0.03581217306201392 0.09648561960011337
5 0.31685431278593723 0.3050842817663474 0.030979202697291798 0.0900719284931208
3 0.2588164219246522 0.6857092883897694 0.048367377659166697 0.13283234736759475
3 0.3568740218484023 0.5979786206964217 0.043425304520902944 0.12173115626060227
3 0.3054037472471176 0.5287400365756708 0.04000936379145843 0.10912202885594055
3 0.32313741432520793 0.47113586770119686 0.03526731240468761 0.1066145877489479
3 0.46136541935920106 0.401517793747247 0.03112467306201392 0.0963219284931208
3 0.3487751535916316 0.37578616216623406 0.030979202697291798 0.0900719284931208
3 0.36291104198437474 0.3386036206964217 0.024583732332569497 0.08360367368379737
3 0.37223214380798586 0.30705352033360206 0.02603712955902786 0.07897073738612832