10 0.4547390596174793 0.3932871546017237 0.04742496672431677 0.09644125988583178
7 0.41192939090137254 0.4223817469970695 0.054547120315113065 0.11235276136870649
8 0.5543714209556019 0.4603380503433798 0.05123576795398073 0.08019417737631773
11 0.5525185503459011 0.5448085508376714 0.052802813133520844 0.08103909437251211
6 0.6518776800307882 0.4305776130812303 0.04737496974937905 0.0878475098858317
9 0.31841119505790283 0.46604551676873296 0.04406361738824689 0.055688925893442945
9 0.5095856409013726 0.41840255973491997 0.02762555113146803 0.04955167243340188
9 0.5438515565924172 0.39825188581864335 0.037009641490547904 0.051496174410568155
9 0.4914396288993201 0.38866598019115545 0.022919870413308986 0.04623567144481866
9 0.6007651528052292 0.5100223739556453 0.04566247882456533 0.0620025928896375
9 0.7557612041330891 0.4224375078343033 0.04484941256778665 0.05650200939154022
1 0.4916350716195318 0.4222597301911555 0.052207915494652826 0.11303851087441483
4 0.7316288125443455 0.4382680962753164 0.0631272347764936 0.11035917984777566
2 0.663342420857406 0.5207569441078695 0.054378948672140125 0.08344651136870648
0 0.34629530054229296 0.4234932608372339 0.04891474385167989 0.08400492688202607
0 0.4481168757760621 0.46388615608459843 0.050477243851679884 0.08406859387822045
5 0.5108214088553534 0.49649572623682275 0.05041361133812252 0.07313109387822045
3 0.7990026649054777 0.4675616654389575 0.05112668364502539 0.06144417737631773
3 0.7757969690620079 0.5083604203818733 0.05349770472226432 0.06622717787060921
3 0.7380293243500062 0.598201511788636 0.05822611133812252 0.07344942885919252
3 0.6912856136758136 0.4883609381763706 0.040965888465485635 0.06024909190105419
3 0.6115072100850174 0.4759829549822845 0.035469867388246715 0.055338757414373774
3 0.5870066589535494 0.4285322934232976 0.04015282220870695 0.054748508402957086
3 0.4140827642415477 0.523880580000875 0.04485850292686635 0.058064509391540044
3 0.3646367552645573 0.48682359038099837 0.044863048106406025 0.05884575939154022