11 0.7917325781214678 0.5163905912237777 0.06525893863808659 0.06870509400859053
11 0.40859581769662656 0.5856705866088664 0.0582731527447093 0.07018577800763595
6 0.31368413446881627 0.5461637386219111 0.05482154381093611 0.08576532467377244
6 0.6452978473217976 0.5298092959102768 0.059440847651002215 0.08347611867440871
8 0.7213291499082224 0.5203337512333228 0.06629024122451135 0.0773079346753633
8 0.2598353719324039 0.43745235729631987 0.06767088479802066 0.07107611600890866
10 0.28478389614729877 0.49261202462604725 0.0668358105039836 0.0960579346753633
7 0.3313884600164946 0.5818830626193658 0.07519387978345567 0.11489884134309047
9 0.20478650758835437 0.5310301819700923 0.053221939891727923 0.057631234006999675
9 0.7142273552393565 0.4423178392345955 0.042102583465237056 0.051253964672181594
9 0.6273411206787627 0.4222422439131403 0.038932119358614514 0.04965510200509069
9 0.5863607680131956 0.46176836791854914 0.0459179052519918 0.04817441800604527
9 0.5489456845479586 0.5129677885900945 0.047639529625171304 0.05366134933959064
9 0.46409331142842036 0.5303558306015483 0.045341243731793844 0.05519657733927232
9 0.3766076832943173 0.5040393259468661 0.04775318989172792 0.05756759933959064
1 0.43619694662215236 0.30809956993954823 0.05362275666391767 0.09824714334022691
4 0.36639291198241636 0.3182836392823205 0.0510971502374268 0.09196987133990878
5 0.6005322312618885 0.2968155299172765 0.0368384219450391 0.05822158000477255
5 0.180145523423472 0.3579381273074557 0.053221939891727875 0.057631234006999675
0 0.6396341836900288 0.34868656524509495 0.04512829506457727 0.07471873667249973
0 0.46250338235724514 0.3702723059357302 0.04588681301126592 0.0739465773392725
2 0.5196937567304246 0.3641399372613215 0.055815742478152686 0.06625225600731781
2 0.4840912258516122 0.40672742659932126 0.06050324247815268 0.06630680000795426
3 0.6101679925446597 0.395107579248913 0.042815637305303154 0.04891930533895437
3 0.6307592888628781 0.3316081532463676 0.0451366552519918 0.0481653273392725
3 0.5085660401165194 0.3439637972629123 0.02868494114536908 0.04641192333704529
3 0.4134377450519421 0.4192643366088663 0.042815637305303154 0.04891930533895437
3 0.44590691574334007 0.3501598006047301 0.042679244985435 0.04423180533895428
3 0.32192384646386785 0.37034612595482025 0.04350595909205772 0.04580339600572696
3 0.2715457617449895 0.4107625879615018 0.0475940655185485 0.052098849339590636
3 0.18381008102446167 0.39303983330681935 0.048420779625171176 0.05367044000636341