8 0.3872434866106147 0.5162504343642711 0.06370576420345948 0.1600120860560416
6 0.4663833360414218 0.3703761963321185 0.04327053327818291 0.15250805737069442
7 0.20657018506848712 0.5237687275829168 0.07074274269310407 0.24998312262517358
11 0.2768435491097908 0.39331946779927107 0.044986991882325175 0.11662510875746532
9 0.5293452118538484 0.4796979513661116 0.03461255357072233 0.1038887194147918
11 0.29241004789197483 0.35225870991548636 0.037133581573899656 0.11409952080156245
9 0.36976348052153474 0.30872822188333365 0.030229016639091454 0.07645405043684032
9 0.35917085389832926 0.33349183254066006 0.02870742694751698 0.07876143284565976
9 0.39518840016545104 0.46407033852458374 0.03934096387914794 0.10634157218833344
9 0.3129838263021892 0.5168667237831948 0.04504153896022585 0.11975010875746524
9 0.453548550734644 0.6131449245806253 0.05074211404130367 0.13315864532659738
9 0.35916157670922627 0.6922310529053822 0.053235868505530616 0.14180694671336802
1 0.7822872053610266 0.5856258687285424 0.07347227637832407 0.22739960780753493
5 0.7531997232179342 0.5505598844961117 0.05163245819710518 0.1394268291221877
2 0.4701474898570256 0.46815973290125046 0.03970915665497756 0.12743532218833345
2 0.47066746144681126 0.30404268151447955 0.03533925649282175 0.10078190321038197
5 0.6702583583625562 0.3321352331855908 0.030460841720169364 0.08973530043684033
3 0.7128632751670987 0.7121870623077784 0.047603477271828606 0.13230466014423606
3 0.6183377536567433 0.6201067054501742 0.04272506249917622 0.12125805737069442
3 0.6726082422926576 0.555718203550313 0.03938187418757337 0.10868532218833345
3 0.657197476464345 0.4983050938429172 0.03543471387914785 0.10625065321038196
3 0.524595256496117 0.39361498100138936 0.030460841720169364 0.08973530043684033
3 0.6235509537361735 0.3662186392457644 0.025664247564368026 0.08337619766329869
3 0.6147350612846555 0.33396918369868106 0.025732431411744017 0.0872824476632986