6 0.1625 0.41015625 0.1421875 0.4171875
6 0.59375 0.24921875 0.08203125 0.30625
11 0.4828125 0.2359375 0.08515625 0.22734375
11 0.49765625 0.4375 0.0671875 0.22578125
9 0.3078125 0.23984375 0.071875 0.21015625
9 0.37109375 0.2921875 0.0984375 0.2234375
9 0.2984375 0.396875 0.09765625 0.2515625
9 0.23984375 0.56484375 0.13828125 0.33671875
9 0.3484375 0.7015625 0.16796875 0.39921875
9 0.86796875 0.58984375 0.14453125 0.35234375
8 0.72265625 0.65 0.18046875 0.5359375
10 0.5375 0.48515625 0.171875 0.5421875
7 0.69375 0.3265625 0.1625 0.63359375