0 0.5699496568312918 0.7991644340781681 0.07040875452255584 0.12445112336031983
9 0.31990979251608354 0.6074461663266293 0.06362648801421233 0.1139673247398008
9 0.40531170398147276 0.6072215162812007 0.056393842152655436 0.09488977611928177
8 0.4792814704898162 0.6009139625722991 0.059965899479601605 0.1184501068519765
6 0.46939081411280964 0.685002357529345 0.07065773801421252 0.11433581693788461
10 0.3749946036882171 0.9166407818850331 0.08697545680654795 0.14323874491161703
7 0.47416576605811744 0.8928524790806425 0.09379534486618883 0.16930659995457162
1 0.3928249920865422 0.6661051933504222 0.07726958615976151 0.15130022840327406
0 0.30216569256151204 0.6919063755080265 0.07127189167768551 0.1260545669378846
4 0.3833127939864216 0.7878164190401626 0.08270071460846395 0.1360027770237931
3 0.4587664953659026 0.7980379460639557 0.06342509215265543 0.09525826831736559
11 0.3013667531678187 0.7968395369734157 0.07764472241038015 0.12872586555840365