11 0.43125 0.78984375 0.084375 0.18515625
8 0.52734375 0.7953125 0.0890625 0.1671875
6 0.621875 0.821875 0.08515625 0.1625
7 0.71171875 0.80625 0.09609375 0.2078125
10 0.8046875 0.84296875 0.1 0.18125
6 0.8984375 0.8671875 0.0953125 0.1578125
8 0.96484375 0.87109375 0.06875 0.16015625
9 0.43359375 0.925 0.0875 0.12890625
9 0.525 0.9359375 0.0875 0.12734375
9 0.609375 0.946875 0.07421875 0.10546875
9 0.7078125 0.9515625 0.0796875 0.09609375
9 0.8109375 0.9625 0.0984375 0.07421875
9 0.9171875 0.97265625 0.084375 0.0515625