11 0.27890625 0.87265625 0.09140625 0.134375
9 0.69921875 0.88359375 0.06640625 0.1078125
3 0.5796875 0.4375 0.05859375 0.10546875
9 0.11875 0.33203125 0.0640625 0.10546875
9 0.56484375 0.26640625 0.053125 0.1
1 0.51328125 0.54375 0.0796875 0.17421875
8 0.48671875 0.76015625 0.07421875 0.1359375
7 0.41015625 0.42109375 0.07421875 0.18359375
2 0.246875 0.61328125 0.08046875 0.1359375
4 0.415625 0.8578125 0.08671875 0.15234375
9 0.0640625 0.946875 0.084375 0.10546875
3 0.4796875 0.3921875 0.05546875 0.09765625
0 0.59296875 0.7796875 0.06640625 0.12109375
6 0.34609375 0.646875 0.071875 0.125
0 0.6875 0.5796875 0.0625 0.12109375
2 0.3140625 0.36015625 0.07421875 0.12890625
8 0.68125 0.68359375 0.06953125 0.1359375
3 0.65078125 0.26171875 0.05625 0.10546875
3 0.24375 0.44375 0.06015625 0.103125
7 0.36953125 0.74375 0.0953125 0.146875