9 0.4224098246806314 0.7800725920591791 0.08987279788867966 0.136955654678545
9 0.5248450779270423 0.7312543787396331 0.086856892044481 0.1431692920114541
9 0.6245820251670986 0.7027213934197688 0.08900972727182861 0.13225906401177207
9 0.7183962548745593 0.6553656827657226 0.08674779788867966 0.13691929201145392
9 0.8182695698093674 0.6190201974458585 0.09214836404130367 0.13307667667886314
9 0.9174980024389272 0.5748531214592215 0.09772620819710517 0.13939031134627217
11 0.3710672873419633 0.6325703360518613 0.09879383035608366 0.15580565201304494
8 0.4852485641273246 0.582325982733906 0.08947337743398442 0.15882156401177205
8 0.9430725211066135 0.4079292507956304 0.09514667897611204 0.17060394867918127
6 0.8658554561718056 0.4445383654519036 0.09007734943080692 0.148674404678545
6 0.584040620133679 0.5631589067472691 0.08941883035608367 0.15569656401177207
7 0.6838281603117208 0.48696058076063203 0.11472852191409721 0.21847837468172654
10 0.7739582824706994 0.4715997574394951 0.1194745231319132 0.17713575934913556