11 0.10571557496694343 0.3628753903044487 0.12911536917644834 0.17287110870696817
11 0.8284913336733707 0.3162737380626398 0.11368512098547079 0.22057643825073264
8 0.2111400593631112 0.3445472015594245 0.11327900723608923 0.19795202174882984
8 0.5722568645423509 0.5792989559708677 0.11841356456303558 0.22154868923931587
6 0.30258725294067607 0.3400414322820525 0.10895999943417314 0.2047922707602467
6 0.19375232700310835 0.7358261175670358 0.13897837008095948 0.19744002718603718
7 0.3893812460432711 0.3053215809894582 0.13537973654387442 0.2924023587069682
10 0.4515725503179997 0.5764206481759331 0.14152019391624915 0.23106561068413461
9 0.07765809475464718 0.48173547825117013 0.10835581184950205 0.1486377712545382
9 0.17399750622003643 0.4731324579852151 0.10292800542706688 0.14919618676785795
9 0.27765809475464714 0.47358610273828805 0.09042800542706697 0.14868685079830274
9 0.3143990196761621 0.7542975918638731 0.10617583615976152 0.15166727076024672
9 0.42718894674538355 0.7590567346397797 0.09811435266810502 0.16147335228117754
9 0.5774943204443878 0.4644870394689649 0.09359062697836436 0.16440735129259423
9 0.6975235374277009 0.4798653472638995 0.10699138568479168 0.18210418726214944
9 0.8311549089789985 0.45882865258737626 0.1024300384437538 0.1694450197716634