7 0.3662753634229504 0.6622424874087722 0.08944540268936266 0.16769656010845857
11 0.4787400954407678 0.7941379029034252 0.07015905334977184 0.12149372579950324
6 0.41638499876667723 0.7390913337197802 0.06225564668204466 0.1136357740041051
10 0.4759230834261321 0.6863163125443454 0.07267552601845377 0.13635111133812253
2 0.38233507340067874 0.49828452653818783 0.0624738226845901 0.1323857740041051
0 0.7486606020846325 0.6277508753832786 0.06642552601845378 0.1363147499018041
0 0.6901850307526779 0.6375662369177929 0.06392723468331737 0.1230198643631848
3 0.49193569804263443 0.3169032372123805 0.04954656134627218 0.0955943011314682
1 0.6179014980903595 0.6691747852205907 0.07304824335613525 0.1683823613381225
4 0.5459452294318592 0.7289083335233885 0.08136927335295355 0.1449948583130606
3 0.6173816880569519 0.42309467075921015 0.057449968013999354 0.10345225292686618
3 0.355235676718634 0.38485328561337423 0.054261333346590314 0.09796532220870695
8 0.68280033943345 0.741422489942855 0.06645279801877173 0.13865849990180407
2 0.5126305533895429 0.4170168667008758 0.06553518801718106 0.12693520472226433
3 0.6647754034054512 0.5350815863520589 0.05898519601368122 0.10111759328594587
8 0.5598980940881323 0.6524321919346449 0.062337462682999244 0.12066702400410509