4 0.6931940028364869 0.5748386987419049 0.0759213054894186 0.1415724303072194
0 0.7987262519785571 0.7346005899415646 0.0756257887963713 0.1314161803072194
0 0.6583716881093612 0.829436918704838 0.07335023495630519 0.13367808475372306
1 0.48007422571859815 0.5072047985565704 0.07140730172849494 0.17419395734906135
3 0.34362591184940233 0.6019047180640166 0.05840118487716293 0.10271826143274546
3 0.48167749280735705 0.6698139259612321 0.05598923871722903 0.10029266587924912
3 0.2603540737653117 0.7502727853945445 0.06437004005001246 0.12009673439090349
3 0.3409030432822107 0.8577281321291672 0.05950068362352168 0.11368304328391084
3 0.7079648596586889 0.7330777846767542 0.06308868487716293 0.10288195253973793
3 0.49403875197855707 0.7452405118960815 0.0546313271970309 0.10726935217691817
3 0.43270409837591794 0.8412276236916465 0.061776237463587694 0.11142113883740734