3 0.46484375 0.38984375 0.0734375 0.11640625
3 0.75546875 0.78515625 0.078125 0.1140625
3 0.71484375 0.60625 0.0875 0.1359375
0 0.61953125 0.63828125 0.07578125 0.12265625
3 0.503125 0.8171875 0.0734375 0.1203125
3 0.3984375 0.7203125 0.08515625 0.13359375
3 0.49921875 0.67109375 0.07578125 0.10703125
3 0.5703125 0.51953125 0.0828125 0.12109375
0 0.37265625 0.55078125 0.09140625 0.115625
2 0.4828125 0.53515625 0.0765625 0.1234375
5 0.5796875 0.36796875 0.08671875 0.1203125
4 0.703125 0.47890625 0.103125 0.13125
1 0.684375 0.33515625 0.109375 0.15625
5 0.63125 0.790625 0.1 0.1390625