9 0.056381859041805746 0.2388516796742472 0.10603636692559046 0.2293006088003402
9 0.18312685020809052 0.2758655516366133 0.12291474240055575 0.2166195595259796
9 0.248084275454306 0.5136358809480408 0.13029148451677103 0.23170884618646853
9 0.3869337955902784 0.768372966249918 0.1379591673624308 0.25929813284695735
9 0.5572294182154521 0.8288863363981858 0.1328898076550349 0.24272819173996468
9 0.7832028514423615 0.4261432491973919 0.12295110999173638 0.21818205952597972
9 0.9466925353574915 0.48037933749449396 0.10661492928501701 0.2563814639724832
11 0.24684124525034737 0.1261117188764363 0.12851143218006963 0.2522234377528726
6 0.37841855357097237 0.14110054893666998 0.11775642334635439 0.28220109787333997
6 0.19963185771062558 0.6826512649761244 0.18121951130225716 0.3068651028098904
8 0.4513514797671184 0.3446874403892024 0.12364340064493078 0.31500249582364875
8 0.7824430512898616 0.5950569403043844 0.13915929787138914 0.3108606328469573
10 0.5981576638470492 0.5381596434770944 0.16425087005972258 0.34920637023308565
7 0.6446462316669794 0.2847692594490108 0.14163294728204895 0.45067710099579195