0 0.39453125 0.22265625 0.0578125 0.1140625
0 0.203125 0.42109375 0.06015625 0.078125
3 0.265625 0.59375 0.06015625 0.0765625
3 0.43046875 0.65078125 0.0625 0.08984375
3 0.5578125 0.6234375 0.0484375 0.0828125
3 0.58828125 0.57265625 0.046875 0.078125
3 0.57578125 0.34140625 0.0453125 0.08671875
3 0.51875 0.340625 0.0421875 0.08046875
3 0.2546875 0.3140625 0.053125 0.08515625
9 0.2296875 0.246875 0.05078125 0.08046875
9 0.25078125 0.44375 0.05859375 0.08515625
9 0.325 0.36875 0.04921875 0.09375
9 0.52734375 0.44609375 0.05078125 0.0890625
9 0.5265625 0.55703125 0.0484375 0.08046875
9 0.3359375 0.63671875 0.0515625 0.08046875
5 0.275 0.65859375 0.0640625 0.09140625
5 0.48125 0.4140625 0.05390625 0.0921875
2 0.5125 0.26015625 0.04453125 0.09765625
2 0.48046875 0.6078125 0.053125 0.1
1 0.46875 0.4734375 0.0625 0.14453125
4 0.30859375 0.48125 0.07421875 0.1265625
7 0.415625 0.35390625 0.0609375 0.15
10 0.38515625 0.43984375 0.06875 0.1296875
6 0.62890625 0.47421875 0.0609375 0.10703125
6 0.59765625 0.40703125 0.05546875 0.10703125
6 0.3453125 0.27890625 0.05546875 0.10546875
11 0.24375 0.3734375 0.06875 0.10703125
11 0.46484375 0.30859375 0.05546875 0.10703125
8 0.31015625 0.22578125 0.0578125 0.1109375
8 0.196875 0.48203125 0.07109375 0.103125