11 0.2075200135071155 0.3538552291650741 0.12145631299888784 0.17369437620953718
11 0.8246998082313262 0.30467240343552965 0.10714318401734033 0.20867632096198285
6 0.1929375138600513 0.7245394554875507 0.14088114718563743 0.19974093671876342
6 0.30204355823132617 0.3351136634647632 0.11362840244730936 0.19971084463950603
8 0.3511573504658753 0.46772947141374066 0.11192939455480158 0.1972760893778343
8 0.56427272951801 0.5650994821488459 0.09946719190984812 0.21056504465362344
9 0.21323387428457297 0.6166891581325041 0.10933574459715381 0.15274483937783428
9 0.07063539255925011 0.4716104185146735 0.0999607445971538 0.15219880780780315
9 0.16953562414339865 0.4713003343985111 0.09559946828879458 0.14415879465362344
9 0.6986847978491568 0.4630602980609183 0.09917178932136465 0.1653890525461314
9 0.5793733557275471 0.4528802032096507 0.08893223933548207 0.14999927097610027
9 0.8293733557275471 0.4383193613421549 0.09631980510638023 0.1698945420227876
9 0.42173037179491135 0.7532581767601172 0.10739381299888784 0.17287532885449064
9 0.30866892967330173 0.7427140608621621 0.10492126038216938 0.15715932359281873
10 0.4432699847796818 0.5705898899284142 0.1384232760965977 0.23774917093374803
10 0.4655075477785696 0.40267434783503936 0.12782668131591723 0.2830693762095372