6 0.8136111188111397 0.4296492788727785 0.16648590486638354 0.42049695079743066
6 0.39173466076334007 0.25867432370694476 0.09986828128768241 0.30815929853697915
11 0.5034457054875509 0.24797517268076433 0.09839751557325407 0.22932578371934031
11 0.47686227673188225 0.449192180564549 0.08033776031158216 0.2273450564207639
9 0.6782181923333711 0.25595459289298667 0.08411520769486369 0.21182915919430564
9 0.6118882660673642 0.30682545545017414 0.11145125241907436 0.22572865824437516
9 0.6784471635353503 0.4132040484400701 0.11230809712916781 0.25383547444878474
9 0.7272578479056266 0.5825365831093409 0.15789288389028328 0.33993728181947913
9 0.6107011375093399 0.7167277855222922 0.1912205943571575 0.40312826605191
9 0.09767676371887697 0.592916811454757 0.16505293650700198 0.3557077521842015
8 0.23948556114451075 0.6564552474345489 0.21168355475344428 0.5401379567813542
10 0.4342428662508909 0.4959210569894449 0.20345382580013158 0.5461879350298613
7 0.28722990031058354 0.33369054787138913 0.1994026336079348 0.6373759794827778