11 0.12421875 0.3671875 0.11875 0.1671875
11 0.84765625 0.34921875 0.0984375 0.2125
8 0.228125 0.3546875 0.1 0.18984375
8 0.603125 0.60390625 0.10078125 0.2125
6 0.31953125 0.35390625 0.09609375 0.1984375
6 0.23515625 0.74375 0.12890625 0.18984375
7 0.4046875 0.32109375 0.11796875 0.2859375
10 0.48125 0.59375 0.1265625 0.22109375
9 0.10234375 0.48671875 0.0984375 0.1421875
9 0.19921875 0.48203125 0.08984375 0.1421875
9 0.3046875 0.4875 0.08046875 0.14296875
9 0.3546875 0.76953125 0.0984375 0.14921875
9 0.4671875 0.77734375 0.0890625 0.15625
9 0.603125 0.48984375 0.08203125 0.1578125
9 0.72421875 0.50859375 0.0921875 0.17578125
9 0.8578125 0.49296875 0.09140625 0.16328125