9 0.40965515364389554 0.7902505548014742 0.0946180739539498 0.1398561628840241
9 0.5113739102673175 0.7445238817506489 0.09254714246560418 0.14758681733052798
9 0.6124651843139346 0.7167659586998237 0.09453622840045366 0.1375124128840241
9 0.7055083453838602 0.6730829352861788 0.08993057395394999 0.1396924717770318
9 0.8091343423886354 0.63993810778885 0.09849704210278461 0.13921132213985138
9 0.9067831579050647 0.5987625254821974 0.10340279691210767 0.14562501324684404
11 0.36009664166299593 0.6414658252198941 0.1014955565307547 0.15804316769334753
8 0.4736159938399142 0.5938046299365505 0.0946007157865818 0.16170388103285874
8 0.9361408196079626 0.4300497310171603 0.10371282095872517 0.1768477313956785
6 0.8582687907520221 0.46487610960294845 0.09421876987026571 0.15076638103285872
6 0.5734622264167191 0.5793006750345597 0.09530012023308565 0.1593874128840241
7 0.6762449752355927 0.5031052519837346 0.11930310462398896 0.2210888047166563
10 0.7666070804077358 0.49139891486775883 0.12418901206571746 0.1822445595259797