11 0.9106523348385412 0.368434852798581 0.11055309800056676 0.17101484514371962
11 0.190811060791924 0.3580983418450144 0.09795389427970269 0.1901596502374268
8 0.8099157248570746 0.3502508056224326 0.10037948983319893 0.19257159639736088
8 0.3172917152384277 0.3520719992085771 0.09522076387981607 0.2236397399708702
6 0.40570937449425487 0.35340952718439567 0.0813938768565075 0.20762829506457744
6 0.7100521341129017 0.3570667584462842 0.09394844055883844 0.20955450791755884
10 0.5167287200477511 0.3525253256141853 0.11137404273575661 0.26157164898378554
7 0.6217783185964723 0.315058766363843 0.11301095380568231 0.30844664898378565
9 0.9383085980853849 0.4661676591459295 0.10068702467958915 0.1566795605039836
9 0.8360739754900468 0.47227055812971513 0.09937006134007831 0.16366534639736088
9 0.7448314165970393 0.4796177083671419 0.08944942431676957 0.14776756175762476
9 0.6362103847458739 0.48199621377741836 0.0953819657865818 0.16120793613080409
9 0.5292064165970393 0.48589175508107196 0.09263891170289788 0.17205450791755866
9 0.410565544001701 0.4924720271843957 0.08582591651222131 0.17809991943775677
9 0.309003044001701 0.49542719411486996 0.09083087504240898 0.1649777938109361
9 0.1907614754900467 0.49104723416488233 0.09334823983319902 0.19236700791755865