4 0.3078496393007432 0.46875 0.07614089246560418 0.14453125
1 0.5222147288637897 0.39296875 0.07332591651222131 0.17578125
3 0.6573039691603249 0.73046875 0.06163195916315996 0.109375
0 0.3438689517371297 0.7125 0.07333335099579186 0.13125
3 0.6557960659797656 0.4828125 0.05974207694917481 0.1
3 0.5190202630772079 0.5515625 0.05656251324684405 0.0984375
0 0.20791658276998853 0.6234375 0.07880210099579185 0.13125
3 0.7359870190676577 0.625 0.062276799907332855 0.10546875
3 0.2947171783234848 0.62109375 0.059660231395678484 0.09765625
3 0.5656075424813025 0.71640625 0.05993304990733286 0.10546875
3 0.5070534872164922 0.62578125 0.056698922502670966 0.10234375