11 0.7790791684228051 0.3274755517883377 0.11066258482031052 0.16893146370395282
11 0.15928881980277682 0.3451000587972843 0.09570578652459387 0.20639384215265535
6 0.7801151574624612 0.7004184068312919 0.13304214529089187 0.1989841338757694
6 0.683521206572252 0.31840816825125257 0.10095634821299111 0.1941804471956095
8 0.6296167309219813 0.4557311058359236 0.10173759821299129 0.19422139077317446
8 0.41203553895693046 0.5789550011316538 0.0903052203719696 0.2100134871097012
9 0.7594696465054126 0.5928073026928489 0.10096030235290634 0.14969014077317447
9 0.9090860426103784 0.42857330506769803 0.09002280235290669 0.14911693068726617
9 0.811552523535655 0.44072250226330756 0.08914609496658024 0.1436072371097012
9 0.28071162661991017 0.4920016350074231 0.08944610389503396 0.1607947371097012
9 0.4007104809219813 0.46772757406243226 0.08300518912238175 0.1495296884891822
9 0.15071048092198125 0.48082951888319264 0.08800633482031053 0.16774409995457146
9 0.54566801947517 0.7533674236783195 0.09816258482031053 0.16827636646291494
9 0.6586492605467162 0.7302431049314124 0.09635462296975739 0.15413197930778502
10 0.5307037183400796 0.5680440773417926 0.12189613960884901 0.23118248021229632
10 0.5153127232113435 0.4030741745828307 0.10944673254683437 0.2781426893936933