9 0.2515177889293852 0.8086311531980128 0.08754076708875883 0.16298178903121965
9 0.3507281787419708 0.7826413458200286 0.07843855172849494 0.17230224687674198
9 0.43236462364826356 0.7698327944921688 0.0766714632486929 0.16526190651766245
9 0.5258562108744244 0.752404920857406 0.0705662157559754 0.14335509026088378
9 0.6026232993542264 0.7458190984523073 0.06439277210332381 0.11910452400410491
9 0.7361177609535667 0.7231542789740748 0.07109741316955062 0.13476588544042353
9 0.8030695802330389 0.7047906192349586 0.07733304130365362 0.10746304205628192
8 0.2645884387711006 0.8696550116092692 0.1246747057268454 0.23115507211051103
11 0.3903696887711007 0.8703867855151783 0.1061005504748537 0.1833988281606352
7 0.6652225877548863 0.7696247579950318 0.09021478919208263 0.2817272438516799
10 0.5727706633025645 0.8050304719888741 0.09378841857982696 0.2434732649289188
6 0.48665966706348823 0.837347547419035 0.09085363519373217 0.22314712939029918