3 0.2839219959362197 0.7781148678792261 0.05699606818121907 0.08782270774732623
3 0.5150708100602489 0.6814479043763632 0.0529670872559425 0.08076873184962743
3 0.44920607669934043 0.7576200398167867 0.04667617694751698 0.07838862041330899
3 0.4437861452875966 0.6709240157144857 0.05543356818121907 0.08781361738824671
3 0.38924292126217885 0.5899830879231927 0.046785271103318316 0.08463862041330898
3 0.447267881084137 0.5122939042781672 0.053007997564368026 0.08311248184962743
3 0.296706593745469 0.6600597594679698 0.052308568181219074 0.08779543667008767
0 0.36152307020651864 0.6581200095661657 0.05096425649282175 0.10028634631100797
0 0.5141338271063776 0.5830058591968232 0.05589721834337489 0.11437611738824689
2 0.4454383741842781 0.5865308349963264 0.05027846387914785 0.10575055113146803
5 0.36237823254353907 0.7518745547457055 0.06301028896022584 0.11910452400410491
5 0.3730354943146619 0.5119444463344491 0.05252675649282175 0.10029543667008767
1 0.3093042309219812 0.4865313558771736 0.06902450973923262 0.15038634026088377
4 0.30537643587267543 0.5748444221339521 0.07085006249917622 0.12071247579950324