11 0.6376470137931272 0.7850254317647629 0.08271881696340308 0.13265414226595168
10 0.6359151440697806 0.6858066817647629 0.08284154788867966 0.1396853922659517
3 0.5685001785690748 0.31755114144189134 0.05488414326229698 0.10325558664159917
6 0.7044663210172976 0.760802373659211 0.07788131249917604 0.1238420684446341
3 0.49360136444504554 0.4164295971900783 0.05330800649282175 0.10240156203449331
7 0.7330122865212986 0.6492270188206468 0.10371315543716157 0.17266271215832774
0 0.24164694682972412 0.674458382755439 0.07656427434972919 0.13783179383752825
2 0.6978173060030592 0.4694688982663169 0.07175404342445262 0.13058222001621064
8 0.5043651351413267 0.6747322487616548 0.0710409772718286 0.13445208271265763
2 0.58965420413662 0.40961020885306815 0.07402960957707698 0.12678513192686935
1 0.5474236140380084 0.588283172459138 0.08359157020981378 0.1826541422659517
3 0.4504201546230874 0.4958474234925953 0.06050289772652384 0.11210404776646961
0 0.3368582609537533 0.5746338571148758 0.06636711404130366 0.13501500889134022
8 0.4194094825435391 0.7349848521524771 0.06951938758025414 0.13672305810555177
3 0.6772127053544359 0.3640921935515872 0.05961255357072233 0.10581766046291677
4 0.5712447179330424 0.7435507152632088 0.07908530235290652 0.14809720574818694