11 0.34609375 0.8421875 0.08671875 0.13671875
10 0.459375 0.69375 0.08671875 0.15234375
6 0.44140625 0.5875 0.0609375 0.12109375
9 0.1453125 0.9078125 0.0796875 0.109375
9 0.759375 0.865625 0.06640625 0.10703125
4 0.490625 0.82890625 0.0765625 0.14765625
3 0.5796875 0.37734375 0.053125 0.09609375
3 0.6640625 0.44921875 0.05859375 0.1046875
7 0.5109375 0.4046875 0.07421875 0.18515625
2 0.33203125 0.56796875 0.06875 0.1265625
9 0.2140625 0.30078125 0.0578125 0.10078125
9 0.67265625 0.25 0.05625 0.10546875
0 0.6703125 0.74296875 0.0625 0.115625
8 0.71640625 0.64140625 0.071875 0.13359375
1 0.5890625 0.49765625 0.071875 0.1734375
8 0.55859375 0.72265625 0.06875 0.13671875
0 0.74296875 0.55 0.0625 0.11875
3 0.30859375 0.43046875 0.05859375 0.10078125
2 0.403125 0.34140625 0.06640625 0.1296875
3 0.41796875 0.4609375 0.05625 0.1