3 0.75078125 0.821875 0.0875 0.15390625
3 0.390625 0.6703125 0.0796875 0.1296875
3 0.48046875 0.78515625 0.08046875 0.13828125
3 0.496875 0.65546875 0.08046875 0.13828125
3 0.578125 0.540625 0.06953125 0.13828125
3 0.715625 0.6421875 0.08046875 0.1359375
3 0.48984375 0.43046875 0.06640625 0.1296875
0 0.38671875 0.515625 0.08984375 0.17578125
0 0.61875 0.63125 0.084375 0.165625
5 0.62109375 0.7734375 0.0921875 0.171875
5 0.59375 0.42578125 0.071875 0.15390625
4 0.7046875 0.52109375 0.10234375 0.20078125
1 0.696875 0.384375 0.1109375 0.2484375
2 0.48828125 0.521875 0.0765625 0.178125