9 0.09527746377741828 0.6141341427759066 0.09151521324869286 0.1683772682887888
11 0.1268433640148451 0.5215500533463103 0.10120846199505165 0.17969677026595504
8 0.2333661486545812 0.5078456976050918 0.09485917359439178 0.20284776878308025
6 0.32311897044133586 0.5073098453239142 0.08644728002088256 0.20874760030401127
6 0.6201841870552409 0.5154937825488827 0.08600701082055266 0.220434516805914
7 0.41699700257378947 0.4722716590503479 0.10197900329870535 0.2866325197716634
10 0.5105280422280905 0.5027948057805872 0.1068650801000249 0.2400121877564411
8 0.7217239550019297 0.5121366777962472 0.09138483260730723 0.21753235129259424
11 0.8277011703621936 0.5171823220550286 0.09237903127452363 0.19806476828878877
9 0.1910529650310595 0.6211561225099516 0.08650946450233406 0.15724876730020548
9 0.2985699483380121 0.6269193497725386 0.07680785556856087 0.1724599318249421
9 0.392760217538342 0.6347862465027779 0.08287599914207018 0.16646459980971962
9 0.49280568164496463 0.6291490587463369 0.08995271324869289 0.16831360129259423
9 0.599723271378408 0.6286941195070209 0.08473401583511767 0.176684516805914
9 0.7163424700456245 0.6434503447924416 0.08707776583511766 0.17678001730020548
9 0.8423737726320493 0.6297314015987932 0.08962610431491953 0.18390676779449713