10 0.46217000870898167 0.4018983000555907 0.07396400039571134 0.15396210780753475
11 0.6235848818285198 0.42205041194718806 0.06854907468974858 0.1288530050339931
9 0.8581477499334931 0.487625433033091 0.06945234514371953 0.10623312262517359
1 0.4000420817493775 0.3863992802039587 0.07733069279472175 0.18917290919430566
4 0.33742006129540636 0.4075826427611461 0.07871969655564541 0.15641496058107637
2 0.7054713793212374 0.44581652668857696 0.07029343111623909 0.1351393726251736
3 0.34881586553118377 0.5577462969214586 0.06333873746358769 0.11077515226045129
7 0.5243062958560001 0.39085300370281295 0.07505513895465583 0.19146210780753475
8 0.5766955099626229 0.3936338180073616 0.05993259263643722 0.12787173328249998
3 0.7777328242275301 0.4607706858828825 0.06391539898378547 0.10376208605604162
3 0.4227701910788621 0.5235544412981253 0.0569750771970309 0.10672343189572916