11 0.34453125 0.8421875 0.0875 0.13671875
10 0.459375 0.696875 0.0875 0.15390625
6 0.44296875 0.584375 0.0640625 0.12109375
3 0.66484375 0.44921875 0.06015625 0.10546875
3 0.58203125 0.375 0.0484375 0.09609375
7 0.509375 0.4078125 0.0765625 0.18515625
4 0.490625 0.8265625 0.078125 0.14921875
2 0.33046875 0.56796875 0.06953125 0.1265625
0 0.66875 0.74375 0.0640625 0.12109375
8 0.715625 0.6421875 0.07109375 0.1359375
1 0.5890625 0.49765625 0.071875 0.1734375
8 0.55703125 0.721875 0.06640625 0.1359375
0 0.7421875 0.55234375 0.06640625 0.1234375
3 0.309375 0.42890625 0.05625 0.0984375
3 0.41796875 0.4609375 0.05625 0.1
2 0.403125 0.3390625 0.06640625 0.1296875