9 0.7808723565802312 0.6780308197629598 0.08410392202418074 0.18242407564431212
9 0.6811814392505038 0.6462275418346557 0.07772665268936266 0.1711590270237931
9 0.5891484805856402 0.6281149496820003 0.06898745202099903 0.15820864767057935
9 0.500349609922049 0.6007911318396044 0.06890563602004462 0.15117739767057933
9 0.43010074458945813 0.5916374598587657 0.05556984201940818 0.1457938568519765
9 0.31245925859327606 0.5573299796464694 0.07978859201940817 0.14706310775648762
9 0.24305527792809425 0.5427485012431954 0.07027723201781733 0.1348530348257091
8 0.7607411225732316 0.7285697303238379 0.09471470536281679 0.22201884215265544
11 0.6380757819064589 0.7229228386461524 0.09463288936186239 0.21498759215265545
6 0.5509757712444586 0.6839621579588864 0.09160788669636233 0.22341756784239591
10 0.46616496658182205 0.6498118080043148 0.09883913136536222 0.24097356004047973
7 0.38078199725495815 0.5976517644721785 0.11257491470399827 0.28073210085908257