2 0.6713615568095669 0.35570001975472276 0.06475648495630537 0.1326683360560418
11 0.597537611903274 0.3672719929692366 0.0662507887963713 0.13036095364722228
3 0.7379807554767833 0.37679507617548674 0.059114238717229026 0.09974673328250008
10 0.437259341449303 0.34086988107763927 0.06847251834239998 0.15305357123840277
1 0.381432890274804 0.2981362139995489 0.07174828252816505 0.1851393726251737
9 0.8078613464638679 0.3932753677786118 0.061503452823851744 0.10136378466927098
4 0.32247542742182256 0.3092724293302781 0.06847251834240006 0.15305357123840277
3 0.3944173089211379 0.5235908088893059 0.05929609514371972 0.10599673328249999
7 0.4981741093959916 0.343069467133681 0.07181647868809904 0.18748312262517358
8 0.5486598427029442 0.35440766384704914 0.0598871285298145 0.1263092332825
3 0.31749945625557086 0.5608894807170489 0.061821701570210406 0.1123012846692708