6 0.3903451638470491 0.5498109767298955 0.06488207722232646 0.10379845364722229
6 0.39716474040378547 0.8763916605254858 0.07347582722232655 0.10399847539871523
9 0.2292485821594104 0.7818091251906247 0.06867922444878474 0.09920187262517359
9 0.3196190090211465 0.7687623049021525 0.07174967306201392 0.09693085780753492
9 0.3986161779990979 0.7708319915475343 0.06624455547083344 0.09524107123840278
9 0.4825365831093409 0.7493368916237844 0.06230193787965277 0.09358765226045147
9 0.7201275020872924 0.7477152677643397 0.0662809230620141 0.09680357123840277
9 0.809171818291702 0.744861065067048 0.07093205547083344 0.0953501740119446
9 0.5586594059632644 0.5607452106779857 0.053635452697291794 0.09026263050895836
8 0.632534623478195 0.64500980148368 0.06911563554295146 0.11795187262517359
8 0.3964880207046534 0.6458138077519442 0.07380313554295145 0.11806097539871523
11 0.21676872558614657 0.8837171173068402 0.09157186379145843 0.10988545269729144
11 0.6517431376302438 0.865776243163055 0.07681903276940982 0.11344621058107655
10 0.48061302003906325 0.8681959943973261 0.08254235590767375 0.12451099715020816
7 0.7320482334699313 0.8568720622172563 0.09415200313413212 0.1200962540840628
0 0.6959412004161811 0.5481698626540966 0.07405705547083344 0.09542290919430556
0 0.39285060837621566 0.45595187395635384 0.06490026101791671 0.10457970364722229
2 0.39295775151861145 0.359803572569583 0.06055825313413195 0.11931435087368066
2 0.6141060529053822 0.35700130841753425 0.05419915036059031 0.11448138050895836
5 0.7339067937873265 0.19787826871427022 0.06691735590767359 0.12414732123840286
5 0.25917955072118076 0.2206527664331595 0.06911563554295146 0.11795187262517368
3 0.2633962316669794 0.3010669650463887 0.057450783719340315 0.08644729948690974
3 0.3306564668493405 0.3026281586256247 0.05279965131052089 0.08790069671336802
3 0.39937009925815997 0.2994654846136802 0.05150990824437507 0.09958307912218753
3 0.6024405478713891 0.2923939477602079 0.05743259992375016 0.08566604948690984
3 0.6757325775066669 0.28443467097472164 0.05143717306201392 0.09645807912218754
3 0.7437195113022572 0.2836339307583674 0.05290875408406261 0.09258819671336811
3 0.5446131301277087 0.4610179676118399 0.05536160685760425 0.09733024810013902
4 0.457307926196146 0.20275283235322877 0.07185942904593752 0.1351939240119445
1 0.5317987799196182 0.17913218797656205 0.06784472948277802 0.1639910712384028