9 0.12094293465485947 0.6141220089856747 0.09277565543716157 0.1711061628840241
11 0.14981618262626456 0.521651766790223 0.10154668344033876 0.18156251324684405
8 0.25750595170098806 0.5108556213293939 0.09726828652459378 0.2048363221398514
6 0.3481582252399384 0.5092534265942043 0.09038704098882074 0.21318453547936259
6 0.6446201680157679 0.520007355002507 0.08663079545304768 0.22164187622353532
7 0.43900536769145637 0.47403020000784923 0.1057723076279121 0.2894568588003402
10 0.5341502723178391 0.5058853460168324 0.1025558043815014 0.23937501324684388
8 0.7485400547852432 0.5171601187975051 0.09283988514462216 0.21951638103285873
11 0.8541451724799949 0.5212895688901724 0.09565123944669303 0.20165675843752062
9 0.2219150994275118 0.6215401501853345 0.08788360389503395 0.15922372177703165
9 0.32756112743068905 0.6280133502780016 0.07878133928453739 0.1745213395630465
9 0.42228329220334143 0.6356497462869849 0.08492224512873606 0.16848959437236993
9 0.5230645422033414 0.6321303874866447 0.08803360835926081 0.16781747177703163
9 0.6301776128201925 0.6330802738769811 0.08585349959296291 0.1771106262235353
9 0.7445810320570716 0.6486283736068287 0.0882245231319132 0.17875497177703165
9 0.873269093745469 0.631626868164533 0.09226714082666483 0.18670388103285873