6 0.8470464926848962 0.3809101055506613 0.15189764684520882 0.42215279691210783
6 0.41205063079329884 0.2350321873939775 0.08915929787138914 0.30911459437236993
11 0.522679006268264 0.21787691452848673 0.09044773451677095 0.23031747177703163
11 0.512526675530556 0.41995776970062987 0.07244261692559047 0.22812748920022674
9 0.6977699252462155 0.21567202986743084 0.0767664410137849 0.2126661803072194
9 0.6357069895507641 0.2702256098118305 0.10363806553881964 0.22687501324684395
9 0.7107998681598614 0.3723758976534457 0.10351143218006964 0.2549727313956785
9 0.7733031342117714 0.5382985088160386 0.14611846589940997 0.34154763765628077
9 0.66789154844007 0.6788094361280331 0.17726066954663225 0.40508434800056714
9 0.14576001567066021 0.5852331171530427 0.1527321418112156 0.3573908924656042
8 0.29247266793111165 0.6403149428362731 0.192942833774931 0.542239607619214
10 0.47379213706156287 0.46900539411006664 0.1844945541396532 0.548189507256394
7 0.31385082655673635 0.3177511009321784 0.17724705822371584 0.6355022018643568