7 0.6809276423187961 0.29916886968781886 0.07583428262324468 0.1567106527447093
2 0.7480978962731287 0.3198510942192828 0.06721135771838505 0.11744356426490725
0 0.6816544955885568 0.3936091914745735 0.05855394072219049 0.11563101167848248
3 0.7596839950942652 0.3935386468057075 0.05971985129259423 0.08679295783841656
0 0.7694993468811511 0.4812205032321983 0.06836002224312132 0.10733277837152996
11 0.6944993468811511 0.4790382261143096 0.07170785672980173 0.1128924565847754
5 0.7132586171471061 0.575563885127225 0.06250927026595506 0.09779865399835046
1 0.794476783649009 0.5771467686716045 0.08747477817462049 0.13598061559769087
8 0.716838556386422 0.6825724030739136 0.07126218775644108 0.10195495658477541
6 0.800432306386422 0.6850047327782272 0.07060827174882967 0.10505722453146386
4 0.7278171601504743 0.7796519915537157 0.08068360870696818 0.1225175091712
9 0.8122558271466687 0.7836695533113405 0.06612901878308008 0.09088106426490725
10 0.8264695188574424 0.9026923379510766 0.10549260771838505 0.11855743487716311
3 0.7272189353593452 0.8990241171805364 0.06416727076024671 0.10018786810497318