9 0.26022539731619143 0.7634074732654204 0.07756766680124727 0.10278463241536144
9 0.34671232223511356 0.7496217083365015 0.07281198295387145 0.09885111133812252
9 0.4241651663909149 0.7554217355620605 0.06879663879807012 0.09257838544042354
9 0.5090214074624612 0.7377388109922214 0.06645288879807013 0.09256474990180408
9 0.5826361854656383 0.7474678141154794 0.07340231818121908 0.08791815651766247
9 0.6676969780793122 0.7415036395456401 0.06175175202859488 0.09175622882456533
9 0.7515498266993405 0.7558610553348806 0.06889209618439622 0.09804713544042354
9 0.8373645957740639 0.7483298355855016 0.07288016680124727 0.10275736133812252
11 0.8535271582732401 0.8685605223537852 0.08702448741809832 0.10752667456983929
8 0.7612851111953394 0.8659718535394825 0.075455741882325 0.11605224687674216
6 0.6603811302700627 0.859526931700118 0.08152846387914785 0.10593235831306061
10 0.5783907905784883 0.8623479255517978 0.07996596387914785 0.10592326795398108
7 0.4993072625753111 0.8526507386853185 0.08636596834337489 0.11455337939029953
6 0.4150959038090131 0.8625166180756179 0.08003414772652384 0.10982951795398108
8 0.32999420088691384 0.8661370426454571 0.07858074188232518 0.11607042759490156
11 0.24006863027006284 0.861972238292535 0.09195744926865138 0.12161644564707785
3 0.2979325340889619 0.28267055767257165 0.06801538879807012 0.09257384026088378
3 0.3650245767026357 0.2768109222321481 0.05768186079489279 0.08235850292686626
3 0.42530355762791217 0.28349219340758286 0.053158002028594886 0.09170623184962742
3 0.501071170858437 0.28227006099222135 0.06023016233702041 0.09409088846548563
3 0.5703978693163095 0.2701467900131784 0.0508824358759707 0.09559884631100797
3 0.6392160531636853 0.2736530642136752 0.05476141233702041 0.09405907220870695
3 0.7170410442352316 0.25601104625969434 0.052308568181219074 0.08779543667008757
3 0.7864904736183805 0.25091902528065135 0.050827888798069945 0.09247384631100797
5 0.7841137215897857 0.15951732046019113 0.06913755803494918 0.11210963544042354
5 0.29329385267721797 0.19596998839073093 0.07148130803494937 0.112123270979043
2 0.3649233908266649 0.18148933187306848 0.06695744926865128 0.12147099990180413
0 0.4321654379045656 0.18422344643264493 0.06206539772652384 0.10972497882456529
0 0.6453375937487642 0.17673261241827715 0.06920574188232517 0.11601588544042354
2 0.7229989435866084 0.14971559446429622 0.05773245373287814 0.1300102077473264
1 0.5628426935866085 0.15064735626995704 0.07472508482031053 0.1636994065176624
4 0.495392140826665 0.1807302868899204 0.06879268465815472 0.13710509026088377