6 0.7565721887326742 0.7239707615315024 0.07947190729444457 0.12901247060135787
11 0.6184662445847573 0.3890081840781681 0.06155770868121539 0.13041451831736578
2 0.6891781348773615 0.3763277996365718 0.06404692904593752 0.13678734905006032
9 0.6215048980794796 0.6201353533454734 0.06649912860909737 0.10804487336031983
9 0.8339165919430561 0.7615769821328603 0.0743298124046877 0.10923555913596861
3 0.7568384135627086 0.4001614473071512 0.05848660685760425 0.09904168758467105
9 0.45995110866055616 0.6857968956344144 0.06500936379145834 0.11108798620519007
10 0.4546031131258683 0.35545097636710904 0.06599128875333342 0.15327548620519008
0 0.5435104507005215 0.7892737777011616 0.07165940729444457 0.1286030348257091
9 0.8275145894745142 0.41947136928798995 0.06092127583555573 0.10307076831736559
1 0.3965353867772225 0.3079308452048731 0.06515614057694456 0.1844435990500603
2 0.658061953550313 0.715686870758328 0.06940657627239588 0.13238645409301456
4 0.3382325775066669 0.3173600768875074 0.06760834014010424 0.15570112336031983
7 0.5124337969214586 0.35926205110690984 0.06680955955489587 0.18843173620519008
8 0.5665400686729517 0.3706809079588863 0.05915940729444458 0.12794793758467105
0 0.2576424198309727 0.6096493962002413 0.0639923776591668 0.13444359905006031
3 0.40271657085715323 0.5064502323600028 0.0610485624046877 0.1085395183173656
8 0.310005006836945 0.6467266723195231 0.06560942904593761 0.13686923620519006