11 0.32421875 0.32109375 0.08046875 0.18046875
11 0.91328125 0.6453125 0.1296875 0.25234375
8 0.38359375 0.45625 0.0796875 0.2296875
8 0.5375 0.6515625 0.109375 0.27421875
6 0.4046875 0.340625 0.05546875 0.20546875
6 0.1484375 0.52421875 0.1046875 0.27890625
9 0.1734375 0.32109375 0.06875 0.15625
9 0.2484375 0.37578125 0.06953125 0.17421875
9 0.21328125 0.484375 0.08046875 0.18046875
9 0.2328125 0.63203125 0.1 0.20703125
9 0.328125 0.7109375 0.0984375 0.2203125
9 0.6046875 0.6 0.07421875 0.19609375
9 0.71875 0.678125 0.10078125 0.2171875
9 0.8671875 0.7671875 0.1 0.2171875
10 0.425 0.571875 0.11875 0.3125
7 0.5046875 0.45 0.09609375 0.35234375