9 0.8265558883272824 0.14405656011294934 0.09162110870696835 0.12132156401177219
9 0.6969784762740038 0.12066341876190471 0.08686994171077381 0.11970452001113588
9 0.5831388107606841 0.11386743141308724 0.08468535920125966 0.1235834980108177
9 0.45907922825117015 0.10851576539622439 0.09221135771838504 0.11664315467854491
9 0.3490184787454617 0.10489023138127052 0.09670785672980173 0.11201019867918127
9 0.24377256323214214 0.09819424136695301 0.10055043973360736 0.11049315201304485
9 0.1353379807226281 0.09302438868554459 0.10686410672980177 0.11212837734722662
9 0.041558788412580386 0.087990896005727 0.08311757682516077 0.11426304201145401
8 0.8212078606469534 0.27530656011294935 0.10557086216700924 0.13788235534690846
11 0.6807128532325797 0.3088446714274048 0.10509335969555131 0.12616360534690846
6 0.5706348576812039 0.2864600467456782 0.09519177768032883 0.13229542667886313
10 0.438331693650759 0.2724146333943154 0.1308891971479813 0.14598575668363561
7 0.3058693621298282 0.26227547004295254 0.156175698630856 0.15330790802036276