4 0.33465087864850507 0.5882224478757937 0.07428870819710509 0.1403725989046432
0 0.23593846346881558 0.754458864806268 0.07808586404130376 0.1342362591712
0 0.3797078287279353 0.840946631103604 0.07338472727182851 0.13331861685133184
1 0.5434979987788887 0.5071075255350431 0.0670353157455871 0.17217652837152997
3 0.6817986140380083 0.5937544162055585 0.0556653932622968 0.10234976167848249
3 0.5502543335991993 0.6702751152684863 0.05484323295387146 0.09998327962517131
3 0.7749600531603901 0.7364299980214429 0.06299665219075071 0.11974185015828454
3 0.6995390876563891 0.8488367212992657 0.05822733157389966 0.11491795783841638
3 0.3264816428519645 0.7471344466221523 0.06033925649282175 0.10170490399835046
3 0.5414208502382907 0.7463518819615338 0.05340346387914785 0.1069690655185486
3 0.6071197625753111 0.8382378535900038 0.06053017126547413 0.11264240399835046