11 0.4328125 0.790625 0.08671875 0.1875
8 0.528125 0.79375 0.08515625 0.16484375
6 0.62109375 0.821875 0.084375 0.1625
7 0.709375 0.80625 0.10234375 0.2125
10 0.8046875 0.84296875 0.1 0.18125
6 0.90078125 0.87109375 0.0953125 0.15625
8 0.96484375 0.87109375 0.06875 0.16015625
9 0.43515625 0.9265625 0.08671875 0.12734375
9 0.525 0.9359375 0.0875 0.12734375
9 0.609375 0.946875 0.07421875 0.10546875
9 0.70703125 0.953125 0.078125 0.09375
9 0.8109375 0.9625 0.0984375 0.07421875
9 0.9171875 0.97421875 0.084375 0.0515625