6 0.7270215612673259 0.6765110258991409 0.07947190729444457 0.12589088534372692
11 0.5995388730064233 0.348396211250822 0.06550032627239588 0.12963350334181775
2 0.6741394827138192 0.33112634790741335 0.06719011284152784 0.13512043467536322
9 0.5933388519205204 0.5812178019175948 0.06728037860909737 0.1054420253421359
9 0.8004947756481243 0.7076786625557323 0.0743843637914587 0.10864884134309047
3 0.7408723878240622 0.34987580056495926 0.060866724448784736 0.09833805000795418
9 0.42911139133944387 0.6573274106063209 0.06500936379145834 0.10853975334181776
10 0.4384020044653122 0.3252779792727755 0.06837140634451408 0.15231702534213598
0 0.5072707992994785 0.7556098219287306 0.07244065729444457 0.12580906934277233
9 0.8099854105254858 0.36703548122218693 0.06092127583555573 0.10068180000795417
1 0.383115745631597 0.28452625728041153 0.07067944196371538 0.18436645667568144
2 0.626313046449687 0.6745587219128222 0.06940657627239588 0.12967895667568144
4 0.3250486724933331 0.296136466621593 0.06995209014010424 0.15311645667568144
7 0.4961599530785413 0.3269490199315941 0.07316866232843751 0.19064372867599957
8 0.5490667475314581 0.33570585459104896 0.06155770868121539 0.12802555000795426
0 0.2283314477602078 0.5924943933004561 0.0671719290459376 0.1343391846753633
3 0.3808953629384371 0.4805927352800934 0.063483231382639 0.11008407200827222
8 0.28296374316305506 0.6277864559595928 0.0671719290459376 0.1343391846753633