6 0.1609375 0.4109375 0.14453125 0.41796875
6 0.59296875 0.25078125 0.08515625 0.30859375
11 0.48046875 0.23671875 0.08671875 0.228125
11 0.49609375 0.43828125 0.06953125 0.22734375
9 0.30625 0.24296875 0.07421875 0.21171875
9 0.37265625 0.29296875 0.10078125 0.22578125
9 0.2984375 0.396875 0.10234375 0.2546875
9 0.23828125 0.5640625 0.1453125 0.33984375
9 0.3484375 0.7015625 0.16796875 0.39921875
9 0.865625 0.58828125 0.1546875 0.359375
8 0.72265625 0.65 0.19140625 0.540625
10 0.5375 0.48515625 0.171875 0.5421875
7 0.69375 0.32421875 0.1765625 0.6390625