11 0.7617383680686214 0.8558726066701731 0.09766486621110389 0.13650250408406245
9 0.3419352903183624 0.8765929886977428 0.0714276978903042 0.1093581226251736
3 0.44068938998964013 0.4277171179724302 0.0635060359796455 0.10683253466927081
9 0.8967146040099948 0.31151992857416594 0.0689747859796455 0.10695982123840286
9 0.4475643205115487 0.2562778758562149 0.05778257485477489 0.10123649810013893
1 0.5120443132728384 0.5324214953472566 0.08780186869230314 0.17607349715020834
8 0.5486860963569996 0.748209496297187 0.08055014081820958 0.13766496058107638
7 0.6094565066150286 0.40736498432933976 0.08276976633493831 0.18532121058107656
2 0.7816890332890492 0.5957520710509716 0.08680014081820957 0.13781043094579867
4 0.6243282593011157 0.8442110208984717 0.09381427419282104 0.1543621513105208
9 0.9676976344581634 0.9250908128828463 0.06460473108367318 0.10743259992375016
3 0.5385789263835703 0.3800770921368746 0.060017162944116006 0.09894729948690983
0 0.44334577894582283 0.770213742497465 0.07204628205070396 0.12263937262517359
6 0.6840349373418249 0.6316551630909369 0.07769696856846871 0.12667290919430557
0 0.3394993792362731 0.5724139817638887 0.06814003205070396 0.12254845364722229
2 0.7027120469379001 0.34419087747173555 0.08022265508623327 0.13063371058107648
8 0.3505888906088126 0.6761747613991664 0.07586264081820956 0.13755585780753493
3 0.3614084966902311 0.25359059337114553 0.06116228597964533 0.10677798328249999
3 0.7769179884180636 0.4261480858686105 0.06495937406898662 0.10452515226045148
7 0.6651094629823882 0.7290756769586453 0.10215331306795061 0.1490934230620141