11 0.3890625 0.4265625 0.06640625 0.12265625
1 0.27421875 0.66796875 0.10078125 0.1765625
2 0.6125 0.4546875 0.06640625 0.1359375
4 0.56015625 0.77421875 0.0765625 0.15390625
10 0.640625 0.81171875 0.084375 0.15234375
9 0.221875 0.696875 0.06875 0.10546875
8 0.48515625 0.5484375 0.0609375 0.13125
8 0.47265625 0.31875 0.0515625 0.12890625
7 0.4078125 0.3390625 0.06640625 0.1734375
3 0.5765625 0.62578125 0.0578125 0.11640625
3 0.44765625 0.428125 0.05390625 0.10546875
3 0.65 0.725 0.06015625 0.0984375