11 0.34453125 0.84140625 0.0875 0.1390625
10 0.45703125 0.696875 0.0875 0.15390625
9 0.1453125 0.9078125 0.0796875 0.109375
6 0.44296875 0.5875 0.0640625 0.12109375
3 0.66484375 0.44921875 0.06015625 0.10546875
3 0.5796875 0.37734375 0.053125 0.09609375
7 0.509375 0.40703125 0.071875 0.18359375
4 0.490625 0.8296875 0.0765625 0.15
9 0.759375 0.865625 0.06640625 0.10703125
9 0.67109375 0.246875 0.05859375 0.1046875
2 0.33046875 0.56796875 0.06953125 0.1265625
9 0.2140625 0.30078125 0.0578125 0.10078125
0 0.66875 0.74375 0.0640625 0.11796875
8 0.7171875 0.64140625 0.06953125 0.13359375
1 0.5890625 0.49765625 0.071875 0.1734375
8 0.55859375 0.72265625 0.06875 0.13671875
0 0.7421875 0.55390625 0.06640625 0.12265625
2 0.403125 0.34140625 0.06640625 0.1296875
3 0.41640625 0.459375 0.05859375 0.10234375
3 0.309375 0.42890625 0.05625 0.0984375