11 0.25859375 0.31484375 0.0984375 0.15390625
11 0.85390625 0.44296875 0.0921875 0.16015625
9 0.13125 0.42109375 0.0890625 0.12109375
9 0.234375 0.44921875 0.084375 0.1203125
9 0.29296875 0.62890625 0.08515625 0.1078125
9 0.38828125 0.7734375 0.07421875 0.1046875
9 0.484375 0.80625 0.06953125 0.10234375
9 0.61875 0.5375 0.07421875 0.103125
9 0.72578125 0.57109375 0.071875 0.103125
9 0.84296875 0.58125 0.08046875 0.109375
6 0.353125 0.3359375 0.08203125 0.13359375
6 0.2796875 0.74296875 0.103125 0.1203125
8 0.4078125 0.5046875 0.084375 0.14921875
8 0.61015625 0.6625 0.08046875 0.13359375
7 0.525 0.49453125 0.0890625 0.1671875