10 0.54765625 0.411312077666965 0.06640625 0.15231895734906137
11 0.3875 0.42134429817805225 0.0640625 0.12958086179556502
9 0.15703125 0.47267115208425103 0.0640625 0.10458086179556503
1 0.6078125 0.3977877802067029 0.0671875 0.18750248920022675
4 0.6734375 0.4219544557045989 0.071875 0.1548536803072194
2 0.30703125 0.4404092675080132 0.06640625 0.13591270734906136
3 0.66796875 0.5748884827464409 0.0578125 0.10983135698624161
7 0.48515625 0.39428577957373073 0.06640625 0.18981895734906135
8 0.434375 0.39641870924797795 0.05625 0.12930804328391082
3 0.2375 0.4512624327542901 0.0609375 0.10447173439090332
3 0.59140625 0.534714861332229 0.053125 0.10654266587924895