10 0.5613517392850448 0.36348605212702195 0.07164436542376222 0.15348020409301455
11 0.40174112630835335 0.3875044855278215 0.06850944173996468 0.13070112336031983
9 0.17334579699692587 0.45895784090945996 0.06763642250267106 0.10570112336031982
1 0.6209623522617362 0.3447083966545265 0.07365329872620645 0.18867739767057934
4 0.6873512440943682 0.3631441361390769 0.07719496097725838 0.1561105591359686
2 0.32203626814098535 0.41359667401700373 0.07107144654928818 0.13707395409301454
3 0.6872297369227921 0.5165557411820311 0.06157739546082901 0.1108423247398008
7 0.49833338411290173 0.35191778833221204 0.07295389427970278 0.19098020409301456
8 0.4476885433687288 0.358485370873929 0.06069694173996467 0.13029168758467105
3 0.25296880961079765 0.43052190242027766 0.06451142250267106 0.10553734905006032
3 0.6093577080668515 0.483068211783389 0.056780768056167476 0.10747166327441171