11 0.12578125 0.36796875 0.12109375 0.16796875
11 0.84765625 0.35234375 0.0984375 0.2140625
8 0.228125 0.35234375 0.1046875 0.19453125
8 0.6046875 0.60546875 0.103125 0.21484375
6 0.32109375 0.3546875 0.0984375 0.19921875
6 0.2328125 0.7453125 0.12890625 0.1921875
7 0.40546875 0.32109375 0.11875 0.2859375
10 0.48203125 0.5953125 0.12734375 0.2234375
9 0.10234375 0.48671875 0.0984375 0.1421875
9 0.19921875 0.48203125 0.08984375 0.1421875
9 0.30390625 0.4875 0.084375 0.14765625
9 0.35390625 0.76953125 0.10234375 0.15390625
9 0.4671875 0.7796875 0.0921875 0.16015625
9 0.603125 0.48984375 0.08203125 0.1578125
9 0.725 0.50859375 0.09375 0.17578125
9 0.85546875 0.49375 0.09140625 0.16484375