9 0.0703125 0.946875 0.0875 0.10546875
9 0.1703125 0.95546875 0.08671875 0.0890625
9 0.2796875 0.95703125 0.0875 0.0828125
9 0.3890625 0.96015625 0.08671875 0.0796875
9 0.5 0.965625 0.08203125 0.06640625
9 0.5859375 0.96875 0.07578125 0.0625
9 0.67109375 0.9671875 0.0828125 0.0640625
8 0.09921875 0.809375 0.0875 0.18125
8 0.5765625 0.85 0.07578125 0.17578125
6 0.49375 0.853125 0.0734375 0.1625
6 0.196875 0.8359375 0.08671875 0.1578125
11 0.684375 0.85546875 0.08984375 0.1625
7 0.29609375 0.803125 0.09765625 0.22734375
10 0.39375 0.8375 0.0953125 0.19375