5 0.2989111820364999 0.22620613240543136 0.06879961841898705 0.1166795669378847
5 0.7782440179713493 0.2615017390302652 0.07100695916315977 0.11289614767057934
2 0.7073139590783419 0.2530883734718615 0.06039684137714509 0.12169793758467104
2 0.3593675323993196 0.2207650378779268 0.05997025544229562 0.13181324400710617
0 0.6375644542690185 0.25569439506858754 0.06438493693064125 0.12424640547249544
0 0.43522070426901854 0.24509000847928464 0.06047868693064125 0.12404168758467105
4 0.5808333046318381 0.24411176390635156 0.07826638765628076 0.14212994629109837
1 0.5079687235063122 0.22385681761525325 0.07676837504240908 0.16622586555840374
9 0.8124527714299103 0.8283893458822416 0.06946181733052796 0.09098020409301455
9 0.7236085262392338 0.8174717780398458 0.06954366288402411 0.09332395409301456
9 0.6462102125369029 0.8149808638609232 0.06404763103285874 0.09225609905006031
9 0.5609274769648731 0.7917270703287868 0.06404763103285874 0.09225609905006031
9 0.47786944030438433 0.7944183011069098 0.06561013103285873 0.09233798620519025
9 0.3967285677090461 0.7870351690401628 0.06571925843752044 0.09546298620519007
9 0.3147692395787449 0.8030895369734157 0.06326638103285873 0.09221515547249552
9 0.23570922215554982 0.7809445420617983 0.06399306733052797 0.09069359905006032
11 0.8308084126295702 0.9303170160540581 0.09296380471665629 0.11638631784239592
11 0.2151834126295702 0.898053476932936 0.08342511360966362 0.11120749491161738
8 0.7398833122667504 0.9341613110565327 0.07725695916315978 0.113223696291098
6 0.6455157533737431 0.9245196381711824 0.07302332694917482 0.1036439784032737
8 0.3038193266947207 0.8925238511977669 0.0699256088003402 0.10426145409301454
6 0.3980231944807356 0.906853024083117 0.06833582694917481 0.10339831693788462
7 0.47798351299238984 0.9032167689947344 0.08868553248413757 0.1278594063770065
10 0.5632488903970516 0.9045546189493056 0.08593255471665628 0.11601782564431176
3 0.7774230732361597 0.3522495697629598 0.06591023139567867 0.10093173620519007
3 0.7080009506408214 0.3454805913596859 0.05631697658635524 0.09419041327441154
3 0.6392782324919868 0.3410963065339768 0.05879713584218216 0.09821949400710625
3 0.5735168232361596 0.3415632960185272 0.05952382213985139 0.09669793758467105
3 0.5024503550873252 0.3370561804601235 0.058824417693347716 0.09900074400710616
3 0.43141116878965596 0.33176781490171975 0.05639882213985139 0.09653416327441153
3 0.3628794235989794 0.32191478007601065 0.05489088584218216 0.09801477611928178
3 0.29496523730131025 0.31679018882786647 0.05631697658635506 0.09419041327441154