0 0.3921875 0.76640625 0.0671875 0.1234375
9 0.646875 0.58984375 0.05859375 0.11171875
9 0.5640625 0.584375 0.0515625 0.0921875
8 0.490625 0.57421875 0.05390625 0.115625
6 0.496875 0.65703125 0.06640625 0.11171875
10 0.57890625 0.88984375 0.08046875 0.140625
7 0.48046875 0.865625 0.08984375 0.16953125
1 0.57421875 0.64453125 0.071875 0.14921875
0 0.66328125 0.67578125 0.0671875 0.125
4 0.57578125 0.76484375 0.0796875 0.1359375
3 0.50234375 0.771875 0.0578125 0.0921875
11 0.6609375 0.77890625 0.071875 0.125