11 0.4542321058977653 0.8099295415612167 0.08976249663478768 0.18908607878371625
8 0.5504849802709447 0.8198739298982268 0.0939271594086268 0.17133565260503403
6 0.6457891200835302 0.8508392936281313 0.089884517088759 0.1664662160872691
7 0.7351782290173035 0.839398833536718 0.10214047618081672 0.21228813833700996
10 0.8292153855229365 0.8804476726595165 0.10527383636823089 0.18590757485477488
6 0.923670079175588 0.909032899085868 0.09990437476889084 0.1622517510334575
8 0.9767424769888662 0.9160320698878669 0.04651504602226773 0.16335833271265762
9 0.46050850112062724 0.9393520697364558 0.09125078879637112 0.12129586052708845
9 0.552232999866986 0.9473401019943021 0.09120532468974858 0.10531979601139589
9 0.6369262486133447 0.9603971624262602 0.0772875771970309 0.07920567514747959
9 0.7355001409332129 0.9673133847688771 0.08248354255729495 0.06537323046224586
9 0.8389433896795715 0.9804341229820526 0.10059704506457727 0.03913175403589477
9 0.9454889063726191 0.9938143899896401 0.08587531551854859 0.012371220020719775