11 0.619589739051223 0.8079177255781989 0.09228961216700923 0.1412634871097012
10 0.5123568536896902 0.6654170443251058 0.0929262821289532 0.1568884871097012
6 0.5346549594309089 0.5582253420411136 0.06587169220506546 0.12428734905006031
9 0.8176969752110586 0.8630202261440256 0.08414418973360753 0.11355124491161739
9 0.20535348410830712 0.8530143781100182 0.07076743923931579 0.11051145409301455
4 0.4755996585188753 0.802211037427701 0.08257903114037006 0.1516687206013579
3 0.4049369204190545 0.3553161052700967 0.057040520265955054 0.09887791327441153
3 0.3176332385941124 0.4316130116471033 0.06285943874502423 0.1077582683173656
7 0.47257274798565263 0.3790568204443877 0.08176328904903532 0.18904588986866325
2 0.6448257968833386 0.5329619911820311 0.07390702669174569 0.13016553482570908
9 0.7736816032325796 0.25959201096973483 0.06191902125453837 0.10381107473980081
9 0.3171570306088974 0.23284464100031696 0.06054752224312141 0.10841668758467105
0 0.29941384330956683 0.7256905602676224 0.06721135771838505 0.11890048620519007
8 0.2574584480622023 0.62654373134395 0.07731852817462048 0.13736055913596862
1 0.3906595617120863 0.4761199282008753 0.0789420365775774 0.1772043091359686
8 0.4119602642600939 0.6995231286758451 0.07432086216700924 0.1403217848257091
0 0.2346204673395742 0.5365295629811558 0.06733869171077381 0.12202548620519008
3 0.6738659925484451 0.3942336838550848 0.06270027125453836 0.10385201831736568
2 0.5829637613315255 0.3101253567404348 0.07169061068413445 0.13316770409301446
3 0.5632494861226546 0.4304345347141674 0.06032468775644091 0.10294793758467105