9 0.13474672998515363 0.5474603317584983 0.1393568283578454 0.15927085099579194
9 0.286766253390902 0.531713824586922 0.12693871551297525 0.1603968413771451
9 0.4200700763216805 0.5457267392850448 0.11489241689245625 0.15373761360966362
9 0.5617629313646347 0.5561335043459873 0.10896996551297526 0.1597693588003402
9 0.834951447872978 0.5758111204027216 0.1311725141334943 0.1667832506329722
9 0.6962541180447945 0.59280266904411 0.11016397331489128 0.15279267250267098
11 0.8716270115315025 0.769707453342346 0.16583079715018095 0.18826887023308564
8 0.7145581399802049 0.7486260831092606 0.1268944499091429 0.1744320595259797
6 0.5518943656699454 0.7398264580668515 0.12895159486618865 0.16904515507947587
7 0.40843097071289947 0.7402753474524129 0.1594137008136542 0.19974208357259665
10 0.2551864620064722 0.7177678864751543 0.16776178934826486 0.1953546839354164
6 0.11328556704942636 0.7182713395630465 0.15983310266810494 0.163105179126093