10 0.5181272296591842 0.7549736894095874 0.09164001038216937 0.15252611067790872
11 0.5832719004517578 0.48210890141626894 0.06812691567207593 0.12414657200827221
1 0.6861407532661203 0.6756236387650864 0.11336309193808311 0.17698121801399935
9 0.7366188954018476 0.7082639634388588 0.07567410516284986 0.10627781934277217
7 0.5710210713855058 0.35688163474695084 0.08243161035393456 0.18208634134309049
4 0.5871726322476679 0.7104338960852689 0.08406272881213823 0.14306929467695398
8 0.40570209534537777 0.6449981580601336 0.07432370776545091 0.13671020667568143
3 0.5015668741433986 0.48897597207190574 0.05770535516284987 0.10606873400699968
3 0.326076237551692 0.7503936353834977 0.07093339725622468 0.1187141846753633
8 0.5096054292497787 0.32411404073836036 0.06623819198043535 0.13193180000795418
3 0.5733901242845729 0.6383498107494961 0.0697958314853265 0.0991829346753633
2 0.5420707768024695 0.5183731180776328 0.07125191567207594 0.1241829346753633