11 0.6059649052753209 0.4415634781515977 0.06862382535009015 0.12500130642076393
1 0.7180178205760951 0.6840802461033686 0.10756869402449887 0.1829235624046877
2 0.38063764127150285 0.4644515450215976 0.07112211668522636 0.13833710780753475
4 0.4300627398950049 0.7836567931217365 0.08152381468808993 0.15966724715020852
10 0.3515104785566868 0.8185571635627087 0.08850961135422626 0.1559246513105208
9 0.7700161252387316 0.7149860604079172 0.06997724001431749 0.1070689240119446
8 0.5100246019255489 0.560456988885174 0.06558973201781733 0.13274107123840279
8 0.523643848623502 0.33024281202343797 0.056995982017817325 0.13254104948690984
7 0.5882603319541839 0.3512833170574311 0.0715766500238626 0.17739960780753475
3 0.41616496658182206 0.6348556172099309 0.062337462682999244 0.12173083605604162
3 0.546580814608548 0.4409627596867366 0.05671417134786303 0.10832229948690983
3 0.3423723832352318 0.730820774220035 0.06366360534690844 0.10145470364722228