11 0.16530159077993756 0.5068561517870089 0.09214261228216233 0.15148640787279355
11 0.8074698201017732 0.5128205905089439 0.09490589329940917 0.17729493141174402
8 0.2570353265119139 0.498229399758414 0.08389561869230314 0.17554151663909145
8 0.7014745312266436 0.509206441157567 0.09141917431665565 0.20299436079489297
6 0.34513463999414923 0.5005946948077197 0.08820212903138529 0.18420345048646744
6 0.6071252177444083 0.5069502402640627 0.09000222353086737 0.2060920872559425
7 0.42496984326113696 0.46251226786020283 0.0987629474760194 0.26010743141174386
10 0.5160100661728317 0.5022957422926575 0.09423595926284367 0.21319152110331832
9 0.13782510008556245 0.5939840048712639 0.08289389081820957 0.13727390340856668
9 0.22347150165713905 0.5987339602289953 0.08065930272886837 0.13957674310014118
9 0.3135143048002922 0.6096520949698755 0.07626290115729181 0.14574492248329013
9 0.4022493190683158 0.6151287532497062 0.07600819003242129 0.1402761724832901
9 0.4926196079434453 0.6190156379905865 0.07864303846084475 0.14656708279171565
9 0.5864423825505511 0.615816725653566 0.07875220037150363 0.14891083279171563
9 0.6960164356937043 0.6263939411575671 0.08351247497860932 0.15055515340856668
9 0.8104064214256808 0.6173717228141923 0.0864191511572919 0.14592220048646745