11 0.7469018680984935 0.35369920510906727 0.10112394358660844 0.1590651407731743
11 0.15382579829242138 0.45062519900463177 0.09498303774240986 0.16498759215265543
9 0.8761002187471167 0.46662300825214204 0.09117619926865146 0.12576131784239591
9 0.7734661424482228 0.4893434560135784 0.08647506249917605 0.12473440637700665
9 0.7180088494275119 0.6659601876962127 0.08703812418757337 0.11227534995457145
9 0.6252191517804183 0.8054963212332978 0.07604607710967279 0.10857713986866316
9 0.5296981460983754 0.8332727611928181 0.07131766680124726 0.10598772840327406
9 0.3906320973989169 0.5574804658516594 0.0760188035707225 0.10701463986866315
9 0.28418722848634925 0.5854649457252714 0.0736750535707225 0.10689180913596844
9 0.16717700648952646 0.58947965909054 0.08237789772652385 0.11359218848918218
6 0.6527388108743232 0.3698387822237173 0.08436313758025413 0.13789282564431193
6 0.7332810677708868 0.7807187285148156 0.10522506249917604 0.12571705223856355
8 0.6009968530809597 0.535722731794176 0.08697962296975739 0.15364065637700647
8 0.4014077305149441 0.6829308452048731 0.08280063758025413 0.1378109384891822
7 0.4836320750777826 0.5194249451594446 0.09198076866768652 0.17185506784239593