11 0.09765625 0.43984375 0.0796875 0.14921875
11 0.6421875 0.7484375 0.08671875 0.17421875
8 0.53828125 0.6875 0.071875 0.2015625
8 0.16796875 0.46484375 0.07109375 0.17421875
6 0.23046875 0.51328125 0.0671875 0.17578125
6 0.4640625 0.64453125 0.0765625 0.1921875
10 0.37890625 0.584375 0.0796875 0.2078125
7 0.303125 0.515625 0.08203125 0.26171875
9 0.04375 0.5140625 0.06875 0.1296875
9 0.1078125 0.55625 0.0765625 0.1453125
9 0.171875 0.60546875 0.06953125 0.13359375
9 0.2421875 0.646875 0.07109375 0.1390625
9 0.32421875 0.69765625 0.08203125 0.15
9 0.409375 0.76328125 0.0734375 0.1609375
9 0.49375 0.803125 0.078125 0.14453125
9 0.58203125 0.87890625 0.08671875 0.18046875