3 0.7099082241392843 0.11571714932236317 0.05967015507947586 0.12354318678935065
3 0.5310986555428121 0.4387920863234753 0.06483880471665629 0.1152679552052021
3 0.7241392611782913 0.9572707108422343 0.07749257213985139 0.0854585783155315
3 0.720237989578745 0.8287022677099799 0.07029763103285873 0.09297572625188977
3 0.7236135046396874 0.687205012448308 0.07641122177703163 0.0894334972985769
3 0.7151785004633362 0.5700707203549331 0.06733632213985138 0.09748121572854593
3 0.7126165287711225 0.3295899335232302 0.06489336841898705 0.1168304552052021
3 0.7178893605296207 0.22343093878490206 0.06287700063297219 0.1260689473126943
5 0.8085366970974424 0.11598173080768967 0.08446182395395 0.1413600183452643
5 0.8325147563689679 0.9636416259271886 0.09853175843752063 0.07271674814562275
2 0.814255929041275 0.22121526237772077 0.09726192431676957 0.1506818104386391
2 0.8430033669834067 0.8327211807512199 0.10468255471665629 0.1175885893778343
0 0.8228049727885219 0.6937650965644704 0.0937177728654909 0.11617030254613141
0 0.8147246657944311 0.3198802755319004 0.09508186542376222 0.1552328025461313
1 0.818581297375444 0.43361655184025966 0.10670141170289789 0.1754010893778343
4 0.7224329836731131 0.42958222824744097 0.09154763765628075 0.14333204202278757
8 0.349362560622288 0.3076499601845253 0.08427085099579194 0.1358912683452643
8 0.09329354366242895 0.8031466577795683 0.11701886360966363 0.11362913147120893
6 0.11463780872337141 0.6626959630271226 0.10172124582364876 0.12209407885449046
6 0.16386157024093478 0.2843203340455752 0.0919295835725967 0.1542695420227876
11 0.1821106063532695 0.07558237087727819 0.099841287293461 0.1352388209619828
11 0.07747259230381735 0.9423533709478654 0.11311261360966363 0.11340161831702958
10 0.13000489229596815 0.5140687472279897 0.11305061542376213 0.15627936305535747
7 0.14514379737544406 0.39439328405969265 0.10653772059590531 0.1707135893778343
9 0.2787946333951115 0.08669344710093282 0.0664013047166562 0.11535896046687397
9 0.27268598793428245 0.19436943920842506 0.0617138047166562 0.11508594468185844
9 0.20344481526197536 0.9442105445124493 0.07194197658635507 0.0954104815135615
9 0.21312489402524867 0.8015148102974647 0.07531251324684388 0.10262374203690498
9 0.23093493131870968 0.6726008550216754 0.06781747177703164 0.0889329683593818
9 0.24104159601683245 0.540106873437527 0.08030011360966363 0.11149050782192056
9 0.25068446924514287 0.4208941418533785 0.06771826805616729 0.10841871572854593
9 0.2578744650687917 0.30466990237672215 0.06858136360966363 0.11080796835938181