3 0.28359375 0.0625 0.0671875 0.125
3 0.365625 0.1640625 0.0578125 0.11640625
3 0.2671875 0.27734375 0.071875 0.11796875
3 0.4546875 0.40234375 0.0578125 0.10234375
3 0.2625 0.51796875 0.0640625 0.0984375
3 0.2515625 0.6453125 0.06953125 0.0984375
3 0.234375 0.928125 0.06953125 0.0921875
3 0.4453125 0.92265625 0.05859375 0.08046875
5 0.115625 0.9234375 0.10234375 0.10703125
5 0.16015625 0.38828125 0.0890625 0.13203125
0 0.1390625 0.64140625 0.1 0.11875
0 0.35703125 0.5140625 0.06953125 0.125
4 0.259375 0.38046875 0.08515625 0.15
1 0.16171875 0.2515625 0.10234375 0.1859375
2 0.359375 0.26640625 0.07421875 0.13359375
8 0.45703125 0.1671875 0.0734375 0.1421875
6 0.64140625 0.3953125 0.07109375 0.1421875
6 0.825 0.271875 0.0828125 0.1390625
10 0.83046875 0.384375 0.0890625 0.14453125
7 0.8390625 0.5015625 0.10546875 0.1515625
11 0.86328125 0.9203125 0.09765625 0.10546875
11 0.8125 0.06484375 0.08203125 0.1296875
9 0.71640625 0.07421875 0.053125 0.10078125
9 0.71796875 0.178125 0.0609375 0.10078125
9 0.725 0.290625 0.06015625 0.10546875
9 0.54609375 0.39921875 0.05390625 0.10078125
9 0.44765625 0.51875 0.05390625 0.0953125
9 0.640625 0.646875 0.06015625 0.0875
9 0.74609375 0.7828125 0.06953125 0.0890625
9 0.753125 0.915625 0.0734375 0.09140625