3 0.45546875 0.403125 0.05546875 0.1046875
3 0.6390625 0.51953125 0.0625 0.10234375
3 0.55 0.64453125 0.0609375 0.0921875
3 0.45 0.78359375 0.0640625 0.09140625
3 0.65390625 0.91875 0.071875 0.0921875
3 0.728125 0.28828125 0.0609375 0.10546875
3 0.7203125 0.17890625 0.0609375 0.11796875
3 0.634375 0.06640625 0.0625 0.1234375
0 0.846875 0.6421875 0.0875 0.10546875
0 0.8265625 0.26953125 0.08671875 0.1453125
5 0.81015625 0.0671875 0.0765625 0.134375
1 0.8453125 0.50703125 0.1046875 0.15390625
11 0.1859375 0.06484375 0.0890625 0.1296875
11 0.11484375 0.93203125 0.1 0.1
10 0.1515625 0.50859375 0.115625 0.1515625
7 0.15546875 0.37890625 0.1046875 0.1609375
6 0.171875 0.275 0.0796875 0.13671875
6 0.74375 0.63984375 0.07421875 0.11171875
8 0.871875 0.9234375 0.1140625 0.10234375
8 0.4546875 0.27734375 0.078125 0.13203125
9 0.2703125 0.284375 0.06953125 0.10703125
9 0.3609375 0.40234375 0.0625 0.10703125
9 0.45390625 0.525 0.0609375 0.0984375
9 0.459375 0.18125 0.053125 0.10703125
9 0.6375 0.2875 0.06875 0.1046875
9 0.25390625 0.65859375 0.06640625 0.09140625
9 0.2390625 0.7828125 0.0796875 0.1046875
9 0.2359375 0.928125 0.0734375 0.0828125