9 0.6343378493154279 0.04734798844358702 0.06533052273741298 0.09469597688717404
9 0.7276342045623551 0.1377340743692776 0.06423093775644091 0.10350370257436618
9 0.6491828938016708 0.24958860323788556 0.06276393825073256 0.10575644731269432
9 0.563923167527667 0.3673214057840169 0.060356521254538366 0.10405743942018653
6 0.7572022767289267 0.47901152175255907 0.07330219022789901 0.1157229815135615
10 0.8504190830409867 0.3451531902672326 0.10211028114037006 0.15325307359281873
7 0.8769165519377978 0.5918538850196782 0.11110327916320344 0.14442410516284987
11 0.9064408617470796 0.8744010745104518 0.0960711867678576 0.10068181043863902
11 0.8161144313306504 0.046984696420799395 0.0837913626613009 0.09396939284159879
2 0.3712343073378241 0.25089828718463875 0.08613511266130089 0.14374927097610027
5 0.19011034684397005 0.05960131585913207 0.08722011018984292 0.11920263171826415
1 0.1569926655876817 0.7778758290662521 0.12980685821267657 0.12524917093374785
8 0.585841860264205 0.8860259031531811 0.0861059377564409 0.104777776237772
4 0.6784538301124182 0.7373238216678545 0.08267719022789902 0.11626901308359247
0 0.6921555272603994 0.8814000453594953 0.0733512697716634 0.09779973414439738
3 0.273819362735663 0.9159457054875506 0.07221985129259441 0.08916048151356151
3 0.37896316608197333 0.7672968319088496 0.062222768783080265 0.09247519731269413
3 0.3803598869187697 0.6286060582313262 0.06231826927737192 0.09481894731269432
3 0.37645500102576424 0.37902328718463874 0.06510768825073265 0.1058929552052021
3 0.2800508918245045 0.26169084499244194 0.06555335722409339 0.1168304552052021
3 0.2801862015966055 0.14969907920742642 0.06583985870696818 0.1238617052052021
3 0.2844824293534841 0.05287582906625208 0.06896485870696818 0.10575165813250416