9 0.28459251730020557 0.07712201298893881 0.06740235870696817 0.12140344155801361
9 0.2862597880604522 0.1756004232973643 0.06191902125453828 0.10179037094116258
9 0.28684206129215684 0.28582485714474015 0.059734438745024224 0.10565571063273707
9 0.470332335018153 0.3952020369349262 0.06266843775644108 0.10102275771063773
9 0.573481192736538 0.5091088039810548 0.06832818874502422 0.10580571509696383
9 0.38511105391496403 0.6445219728108971 0.06987610129259432 0.08631537540538936
9 0.2832049971086126 0.7721714602289953 0.07306476828878879 0.08793242248329011
9 0.2820629442565938 0.9168254411542719 0.0725063527754691 0.09338753571381489
6 0.47851088543589493 0.6342918104738766 0.0753912722431215 0.10670969602224041
6 0.37773099954288947 0.38665492573299626 0.07510211216700924 0.13793242248329013
7 0.28044079996063137 0.6275856631510945 0.09748644813656435 0.1508142520285949
10 0.1907575815581119 0.3836641136375619 0.09393036661563352 0.15933981818121906
11 0.19170468034206725 0.06354143851512126 0.0849718606841345 0.1270828770302425
11 0.1749998607584966 0.9179124285723701 0.0996100222431214 0.1071324358759707
1 0.8485634698853943 0.2377114963531426 0.10979278855474384 0.18459891680124726
5 0.8549474155505006 0.37519785958366747 0.09675427768032882 0.13284550202859488
5 0.9254455297318573 0.9157586298762069 0.10885768825073257 0.1041710771096728
0 0.8837886344473116 0.6225268271162634 0.10125077669174587 0.12823982264544592
0 0.6607901917479548 0.5028939857998358 0.07124494171077381 0.11990912540538937
2 0.6515757233454353 0.2575678490303606 0.08532202916320361 0.13967220048646736
4 0.7538159970714315 0.3683632528459644 0.08865261760421675 0.1639318607948929
3 0.7237040968439701 0.05784655377671245 0.06768886018984296 0.1156931075534249
3 0.6420004520908971 0.1568820564166868 0.0610886917107738 0.11973184740221221
3 0.7441133918245045 0.2645524602322905 0.06689302273741297 0.10890344155801354
3 0.5639550010257641 0.39044062459790585 0.06295493923931587 0.10805400771063774
3 0.7577925257403436 0.5043280263849147 0.07382877224312132 0.10668242248329012
3 0.670889386424478 0.6356246651829848 0.06191902125453837 0.10179037094116268
3 0.804128945245177 0.9124035791448583 0.06762785178688588 0.08861821509696384
3 0.5922828612527882 0.9129741436726292 0.06734135030401109 0.08158696509696384