3 0.5401757974882331 0.6330827630772079 0.06176538879807012 0.09428820253973794
3 0.6386524334469292 0.7615946542768677 0.061683568181219076 0.08960070253973776
3 0.7494654281719235 0.8990450358578806 0.06637106818121907 0.08976439364673042
3 0.729212798299012 0.49374990064867064 0.0681653932622968 0.10310020734906136
3 0.7288191063339612 0.3821129962021669 0.058131874187573374 0.10977679328391084
3 0.7270538291415629 0.25959315545799405 0.06690290219075071 0.1202331436467305
3 0.7220544577933633 0.14343244211848288 0.06627165665497756 0.12879961179556512
3 0.7130670158283126 0.04515000381745614 0.06917846834337489 0.09030000763491228
5 0.8121493981335609 0.05134605413590454 0.08273245373287814 0.10269210827180908
5 0.8680654237076967 0.9034919444807356 0.1088585771096728 0.10842511360966363
2 0.8574978908332556 0.7484869859505479 0.1158216432622968 0.10476440027015244
2 0.8263425373386681 0.11792895591348099 0.1001790523529067 0.14794148139567848
0 0.8258458851479172 0.23584314221115013 0.09159893912238175 0.14842263103285883
0 0.84657580195246 0.6137945274203601 0.09426028896022558 0.12196925843752045
4 0.8465912130716644 0.47872012297385635 0.12295803327818292 0.15576390507947585
1 0.8371361668045425 0.3494418507413378 0.10822337743398443 0.16149554990733286
8 0.36079758360578984 0.26379459365457975 0.06961484496658024 0.14140873920022673
8 0.3403258019524599 0.6314731669755574 0.0777722183433748 0.1167088395630465
11 0.11513133848034907 0.918854149004208 0.09553641680124728 0.10561757213985139
11 0.18629996428618506 0.06599701395324113 0.08441768465815476 0.13199402790648226
6 0.1694458806836905 0.26735364719010957 0.08678870819710509 0.14122768992586626
6 0.14013488717980754 0.649394820873907 0.08869608157389966 0.11630953547936258
7 0.1450423498411395 0.5024379753204107 0.10800518912238162 0.14899554990733285
10 0.15961513880136535 0.3832514657017638 0.10249552881395614 0.1464608269491748
9 0.22768588555824976 0.9118005624363864 0.0665074358759707 0.09757689364673042
9 0.24020129667745413 0.7762896483712358 0.07038641233702041 0.09615080290255769
9 0.2480701181050841 0.638598675413078 0.06569891233702041 0.09598711179556503
9 0.26253558725923776 0.3913690113479274 0.06424550649282175 0.10218254809323427
9 0.26910496144681123 0.2833928202409348 0.05965346387914794 0.1074876069862416
9 0.2742345665596612 0.1684399428362731 0.05803641680124727 0.10430804328391079
9 0.282929502435632 0.07288190617578424 0.058131874187573464 0.10977679328391081
9 0.44545540706530995 0.5130282126217209 0.06425914326229698 0.10296379809323426