3 0.6182301688989986 0.772124065245095 0.06847276878308044 0.0898170253421359
3 0.7262443042605314 0.9192343278962773 0.07678001730020548 0.08288577267663584
3 0.7199584480622023 0.63272466323205 0.07341493676785796 0.09612156934277216
3 0.7155494737653648 0.5109587512333228 0.06875927026595505 0.09684827534213589
3 0.6218869984799442 0.3949166752466858 0.06454927273741298 0.10851248134149963
3 0.7206348576812039 0.27116954523395914 0.06965060821267652 0.11872327534213589
3 0.6244376314072001 0.1598422412476403 0.06515410920125966 0.12335623134149962
3 0.7169845701522244 0.05850692462008169 0.07149960969555132 0.11701384924016338
2 0.6286158650583966 0.6322257712444587 0.08989944121648215 0.11739713267822668
2 0.8205778023577273 0.13725707455445973 0.10236494912514757 0.15502440201304485
5 0.8107027366541271 0.05879727861435467 0.09031327669174587 0.11759455722870935
5 0.8488050537662399 0.92015084321296 0.11094677026595505 0.09733917134786267
4 0.8268755874152489 0.3659815112190053 0.12097036908709172 0.17085848734881742
1 0.834999810723503 0.492389469883869 0.12229544714798131 0.14588575934913556
0 0.8317408650583967 0.6298621978835508 0.11002094022789918 0.11294599001431749
0 0.623552974753948 0.5073439499125041 0.07095844022789902 0.11249145667568143
8 0.3548334441450506 0.2605893179503659 0.07251828163466154 0.15077270667568143
8 0.31057683638948463 0.7717995379535475 0.08376218775644109 0.10092724801081765
11 0.095408139735795 0.9164233366486372 0.10372451927737189 0.09256985534690827
11 0.18254590315602998 0.06304220949037545 0.09190761018984288 0.1260844189807509
6 0.15945727714885624 0.2644244846435465 0.08219702916320366 0.13917213534372674
6 0.1262721150583967 0.6380710699793191 0.09380569121648219 0.11744258601209037
10 0.15243400292856846 0.3792955066438647 0.09719994665368965 0.1432511080124085
7 0.13587656121779473 0.4981818666454555 0.1068614481365644 0.1503914460136812
9 0.28122348368837763 0.07403474729472906 0.06568069121648215 0.11711532200827235
9 0.2062501392415034 0.9174762119669106 0.0698761012925944 0.08592895667568143
9 0.2222955863894846 0.7728267832988653 0.07732118676785786 0.09616702267663584
9 0.3321082795831331 0.6458273839513204 0.07003526878308027 0.08983520667568143
9 0.3359574742596564 0.5130330652848658 0.07344677026595506 0.09690281934277234
9 0.25092058247233295 0.396109741963729 0.06660652125453828 0.10150850334181775
9 0.2654061882135516 0.28974156329568357 0.06051568874502422 0.10534202800763603
9 0.2718392134224225 0.1701921319621381 0.057295188250732564 0.10296191534054513