9 0.2670213196927806 0.0640324416075875 0.0728968413771451 0.12075042069139796
9 0.26055801016680097 0.18206938776752152 0.07106152286549072 0.11289245658477527
9 0.2514880558129645 0.28535351214070087 0.0708432680561673 0.10664245658477522
9 0.24407980517999234 0.40810069035394625 0.06817213584218225 0.09719926042484132
9 0.23013137786799787 0.5169899570469937 0.0730506088003402 0.1028044027447093
9 0.2253024902117171 0.6552712070469937 0.07296876324684387 0.1004606527447093
9 0.21546864402524868 0.780430331420173 0.07095239546082902 0.10976745658477541
9 0.20010156045265193 0.9299445981132205 0.08021826805616739 0.10691524122451135
11 0.17318947413928437 0.0708966059152247 0.08780507876327333 0.1417932118304494
11 0.07262140119682478 0.9375561728029691 0.1132763047166562 0.11490123746358769
6 0.159950374957591 0.15768080469799578 0.09513642912609299 0.15417668613080418
6 0.09946169810893266 0.7947321753102516 0.0949256088003402 0.1034409002374268
8 0.10378215427686768 0.6486611573635628 0.11834575063297219 0.12597512978345585
8 0.14749996025946827 0.29072062523110925 0.099841287293461 0.1324608105039836
10 0.12660707378431385 0.5090758201374019 0.11623017912609299 0.1547904515702104
7 0.13813982922660947 0.37996498165759995 0.10629218393541642 0.16074493487716293