9 0.71328125 0.0765625 0.06640625 0.10546875
9 0.721875 0.18046875 0.06875 0.10546875
9 0.7234375 0.29453125 0.0625 0.0984375
9 0.7328125 0.40234375 0.06640625 0.0984375
9 0.640625 0.51875 0.06015625 0.0953125
9 0.740625 0.65078125 0.06875 0.0953125
9 0.746875 0.78125 0.06640625 0.08671875
9 0.75390625 0.91875 0.06953125 0.0875
11 0.81484375 0.06484375 0.08671875 0.1296875
11 0.86796875 0.91796875 0.10078125 0.09609375
8 0.865625 0.775 0.11171875 0.1078125
8 0.81640625 0.16328125 0.0796875 0.14921875
6 0.8234375 0.27734375 0.084375 0.1359375
6 0.84765625 0.6390625 0.0890625 0.1109375
10 0.83046875 0.38671875 0.0984375 0.14765625
7 0.8390625 0.50390625 0.10078125 0.1515625
5 0.184375 0.0640625 0.08984375 0.12734375
5 0.11328125 0.9296875 0.10234375 0.1
2 0.13046875 0.784375 0.10703125 0.11171875
2 0.17265625 0.15 0.1 0.1515625
0 0.1734375 0.2671875 0.09140625 0.1453125
0 0.1390625 0.6390625 0.1109375 0.11875
1 0.14921875 0.5078125 0.1109375 0.1453125
4 0.1546875 0.371875 0.103125 0.1578125
3 0.2828125 0.06875 0.06640625 0.11328125
3 0.36796875 0.178125 0.0578125 0.1109375
3 0.26875 0.27734375 0.06640625 0.11171875
3 0.26484375 0.4 0.0640625 0.10234375
3 0.259375 0.515625 0.0671875 0.09375
3 0.25625 0.64375 0.06953125 0.1
3 0.2421875 0.7828125 0.06640625 0.0890625
3 0.23671875 0.92578125 0.06953125 0.0875