3 0.7125 0.07421875 0.05546875 0.1203125
3 0.5453125 0.40703125 0.0609375 0.11171875
3 0.75625 0.91953125 0.07421875 0.09375
3 0.74765625 0.78515625 0.0671875 0.0890625
3 0.74609375 0.64375 0.0734375 0.08515625
3 0.73359375 0.52734375 0.0640625 0.09375
3 0.72265625 0.2875 0.0609375 0.11328125
3 0.72421875 0.18125 0.05859375 0.12265625
5 0.8109375 0.06875 0.0796875 0.13671875
5 0.86484375 0.92578125 0.0953125 0.0921875
2 0.8203125 0.1734375 0.0921875 0.1453125
2 0.8703125 0.78203125 0.10078125 0.11171875
0 0.8453125 0.64453125 0.08984375 0.1109375
0 0.82421875 0.271875 0.08984375 0.15
1 0.83203125 0.38515625 0.10078125 0.16953125
4 0.7359375 0.38671875 0.08671875 0.13828125
8 0.359375 0.28671875 0.0796875 0.13125
8 0.12109375 0.79609375 0.11328125 0.10703125
6 0.1375 0.6546875 0.09765625 0.11640625
6 0.1734375 0.27421875 0.08671875 0.14921875
11 0.184375 0.06484375 0.0953125 0.1296875
11 0.11015625 0.9359375 0.109375 0.10703125
10 0.14765625 0.50546875 0.1078125 0.15
7 0.15859375 0.38515625 0.10078125 0.16484375
9 0.28125 0.0703125 0.0625 0.11171875
9 0.27890625 0.178125 0.0578125 0.11171875
9 0.2359375 0.93046875 0.06875 0.09140625
9 0.240625 0.7875 0.071875 0.0984375
9 0.25390625 0.6578125 0.06484375 0.08515625
9 0.259375 0.525 0.0765625 0.10703125
9 0.26484375 0.40546875 0.0640625 0.1046875
9 0.26796875 0.2890625 0.06484375 0.10703125