3 0.4578125 0.06484375 0.05546875 0.1296875
3 0.2765625 0.1671875 0.0625 0.12265625
3 0.27265625 0.28203125 0.06484375 0.11640625
3 0.3609375 0.40390625 0.0578125 0.1109375
3 0.54921875 0.64921875 0.06953125 0.09609375
3 0.3453125 0.78515625 0.0609375 0.09375
3 0.2328125 0.928125 0.071875 0.0875
4 0.65234375 0.915625 0.0828125 0.1046875
5 0.64453125 0.51875 0.0671875 0.1140625
1 0.12109375 0.78515625 0.12734375 0.11875
2 0.3578125 0.27421875 0.07578125 0.1390625
11 0.7171875 0.06875 0.06953125 0.13671875
10 0.83359375 0.39453125 0.0953125 0.15
7 0.75234375 0.6390625 0.09609375 0.13828125
8 0.75703125 0.78515625 0.09609375 0.1078125
9 0.640625 0.64765625 0.06015625 0.11328125
9 0.6359375 0.284375 0.05546875 0.10703125
9 0.72421875 0.1828125 0.05859375 0.1109375
9 0.54140625 0.08203125 0.05390625 0.10703125
9 0.45078125 0.4078125 0.05546875 0.1