9 0.2828125 0.06875 0.06484375 0.1140625
9 0.27109375 0.28671875 0.0609375 0.10703125
9 0.27734375 0.17890625 0.06875 0.11328125
9 0.36171875 0.39453125 0.05546875 0.10703125
9 0.45 0.52421875 0.06875 0.09609375
9 0.253125 0.66171875 0.0734375 0.0875
9 0.24296875 0.78515625 0.071875 0.09375
9 0.23515625 0.92734375 0.07578125 0.1
6 0.54765625 0.92109375 0.07109375 0.10234375
0 0.84765625 0.64375 0.08515625 0.1140625
6 0.17578125 0.27578125 0.0875 0.13359375
7 0.15546875 0.3796875 0.109375 0.15859375
10 0.1484375 0.50625 0.1140625 0.1515625
11 0.11171875 0.9359375 0.1078125 0.10703125
11 0.18828125 0.06484375 0.078125 0.1296875
8 0.45546875 0.27734375 0.084375 0.1421875
8 0.875 0.93125 0.1109375 0.10234375
2 0.8671875 0.79140625 0.1140625 0.10703125
2 0.4546875 0.171875 0.071875 0.13203125
4 0.63984375 0.3875 0.0734375 0.1453125
1 0.73515625 0.384375 0.08515625 0.1671875
0 0.825 0.275 0.0828125 0.1515625
5 0.81484375 0.16875 0.0765625 0.1453125
3 0.65 0.9203125 0.07421875 0.08671875
3 0.45 0.7796875 0.06875 0.09375
3 0.55234375 0.64453125 0.06640625 0.10234375
3 0.453125 0.4015625 0.05546875 0.10078125
3 0.72734375 0.28359375 0.05546875 0.1109375
3 0.72265625 0.178125 0.0609375 0.1109375
3 0.71328125 0.071875 0.05625 0.125
3 0.73671875 0.52734375 0.06015625 0.0890625