1 0.8510768632638669 0.47679740258737624 0.11965052335295354 0.1493381082126767
4 0.8354347766152296 0.34468523954551455 0.10501585868872639 0.16670202174882984
0 0.8305211046308199 0.23009615753029217 0.08921813602004462 0.15122160178688587
0 0.8495678125795949 0.6064849025873762 0.0951317813494537 0.1225700197716634
2 0.8620212645608231 0.7441931496216267 0.10437951201463562 0.11201452174882984
2 0.82873243264641 0.11537974152268093 0.09543177335295354 0.1483512697716635
5 0.8109914966581823 0.04675833519093671 0.07957950668363552 0.09351667038187342
5 0.8727304032065968 0.8975900636520716 0.10437042134786303 0.11123327174883002
3 0.752508809874324 0.8946799223590398 0.07054940467854501 0.09033318133065045
3 0.747113879893414 0.7543414238419144 0.07069485534690845 0.10283318133065045
3 0.6408649745783223 0.6243594465793276 0.06517156134627218 0.09792284684397004
3 0.7321632312619578 0.49569859429815005 0.06210110534690845 0.10248301285158128
3 0.7281126252785025 0.37404642878483035 0.06372724001431748 0.10801542984777565
3 0.7295216786282746 0.2529526787848304 0.06548973468331738 0.12526659684397004
3 0.7222824379774101 0.13689659726389955 0.057722688017181056 0.1288545118629981
3 0.7195670653246367 0.04760855196841799 0.056850531349453705 0.09521710393683598
11 0.18591877132400042 0.0655941721769608 0.08440336668522645 0.1311883443539216
11 0.12126790054109668 0.9196201388215739 0.0973118993475448 0.10860302026595506
8 0.1300445585614594 0.7693336373386992 0.10695052868395374 0.1316412722431215
8 0.17845971264322835 0.16530271193954776 0.09770279801877182 0.14219677026595506
6 0.172572244629229 0.26861871292813094 0.09770279801877182 0.14219677026595506
10 0.16189727928072967 0.3807194649052973 0.10169086401972635 0.14938718775644108
7 0.150322885264185 0.5030083003805609 0.10249938602004453 0.1517627712545382
6 0.14712406524509497 0.6436969673767552 0.09038064668204475 0.11691026878308027
9 0.4508768685948669 0.5102836536131405 0.062110196013681215 0.10326426285158127
9 0.23303210387496032 0.9111616985936749 0.07072212734722658 0.10517693133065045
9 0.2448155832272776 0.7709041131184113 0.06518065201304486 0.09870409684397004
9 0.2518206559118677 0.638650028631731 0.0635636080124085 0.09395292984777566
9 0.2640410346117298 0.39373677665456464 0.06543519068268111 0.12057909684397003
9 0.28185797998886414 0.07050752368881513 0.06140167134786303 0.10948242935348407
9 0.2716182719605473 0.2794196086697871 0.05675962468172653 0.11319767836490087
9 0.2784142593093647 0.16513427418310672 0.05505167401336308 0.10063401136870649