9 0.4557211510953566 0.05560939469705638 0.058924022103323634 0.11121878939411275
9 0.3636580200582597 0.15782519272301765 0.05695234514371963 0.1071982239451521
9 0.44629937232811534 0.2671038393321955 0.060744934877162926 0.10347391046291676
9 0.4366048089211379 0.4930306385464072 0.060744934877162926 0.10347391046291676
9 0.5301956845479585 0.4941329121200558 0.060608542557294955 0.09878641046291677
9 0.42660035695521614 0.756421050457066 0.05897784639736088 0.09636988585581072
9 0.21132103477275005 0.9154643724163567 0.06692673871722885 0.10142125889134021
7 0.2778007395751588 0.05925829890462544 0.08346102084968247 0.11851659780925088
6 0.2719706252311092 0.14493139454226323 0.07617135807584337 0.15100388192686945
6 0.24701111150756266 0.49327900330976887 0.0749127349563052 0.1345612446233165
0 0.3429002730277606 0.4958346149727587 0.07114287727617326 0.13906680810555194
3 0.5447836510953566 0.05509781839453944 0.059105878529814505 0.11019563678907889
3 0.7183909841648823 0.13974285690998803 0.06575068362352177 0.11462973428423431
3 0.7141999261681813 0.25696674421354093 0.05902331050398359 0.0979323858558109
3 0.6266685531151502 0.7447621507475162 0.06035848997087001 0.09019266046291677
5 0.8404773373591748 0.8775788430562492 0.09810854255729495 0.10053300103345748
2 0.725952116917839 0.3625253854460353 0.08396948620994635 0.1240603922659517
1 0.8122235521907133 0.10572526778718952 0.0994557453811467 0.20046022642635145
4 0.6275935217741194 0.4716521364794926 0.07784751834239997 0.1549829065339754
11 0.1734649290711752 0.15185994478993226 0.091637233702664 0.14626287799792798