9 0.36640625 0.17578125 0.05546875 0.10703125
9 0.4546875 0.06875 0.0625 0.11328125
9 0.45546875 0.28203125 0.05546875 0.10703125
9 0.3609375 0.39765625 0.05859375 0.0984375
9 0.45078125 0.5140625 0.06015625 0.10078125
9 0.35390625 0.6421875 0.0640625 0.10078125
9 0.44921875 0.77890625 0.06640625 0.09140625
9 0.2390625 0.9234375 0.06953125 0.10234375
6 0.259375 0.5015625 0.07578125 0.1421875
6 0.27734375 0.159375 0.0734375 0.1453125
7 0.1859375 0.06484375 0.0890625 0.1296875
11 0.16015625 0.39140625 0.08984375 0.1234375
11 0.1296875 0.7828125 0.10078125 0.1046875
10 0.34765625 0.7828125 0.0796875 0.1078125
2 0.26015625 0.2765625 0.078125 0.14453125
2 0.65 0.646875 0.0796875 0.10234375
5 0.7515625 0.77421875 0.084375 0.09609375
5 0.834375 0.51015625 0.08203125 0.11640625
1 0.81640625 0.14296875 0.08984375 0.19921875
4 0.74140625 0.50625 0.084375 0.1515625
3 0.75546875 0.9203125 0.078125 0.08671875
3 0.546875 0.76953125 0.06484375 0.09609375
3 0.54609375 0.51796875 0.05859375 0.0984375
3 0.54140625 0.07109375 0.05390625 0.12265625
3 0.721875 0.178125 0.0640625 0.11171875
3 0.7234375 0.290625 0.0578125 0.09609375