3 0.28046875 0.05859375 0.06640625 0.11640625
3 0.3640625 0.16015625 0.06015625 0.11875
3 0.2671875 0.2796875 0.0640625 0.11796875
3 0.26015625 0.5171875 0.0640625 0.09609375
3 0.2515625 0.64140625 0.07109375 0.1046875
3 0.2359375 0.9265625 0.0671875 0.0796875
3 0.34921875 0.78046875 0.0640625 0.08046875
3 0.4546875 0.40234375 0.053125 0.0984375
2 0.359375 0.26953125 0.0796875 0.14453125
2 0.34765625 0.63046875 0.08515625 0.11171875
4 0.259375 0.38359375 0.09140625 0.15625
0 0.35703125 0.51171875 0.06484375 0.1234375
0 0.13671875 0.6390625 0.1 0.1140625
1 0.14765625 0.50546875 0.11328125 0.15
5 0.1859375 0.0640625 0.084375 0.12734375
5 0.1109375 0.92734375 0.115625 0.11875
8 0.4546875 0.16875 0.0734375 0.1359375
8 0.6546875 0.78125 0.0890625 0.1109375
6 0.82734375 0.271875 0.0875 0.1390625
6 0.84609375 0.64453125 0.08671875 0.1203125
11 0.86328125 0.91875 0.10703125 0.11171875
11 0.81015625 0.06484375 0.08671875 0.1296875
10 0.83046875 0.38828125 0.0984375 0.1515625
7 0.8390625 0.5 0.10078125 0.15390625
9 0.71171875 0.07734375 0.0578125 0.11171875
9 0.7203125 0.18125 0.0609375 0.10703125
9 0.7234375 0.29296875 0.0625 0.1
9 0.5453125 0.39921875 0.0625 0.09609375
9 0.5453125 0.5265625 0.06640625 0.09609375
9 0.6421875 0.65234375 0.0625 0.0921875
9 0.746875 0.78203125 0.07109375 0.0921875
9 0.75625 0.91953125 0.06953125 0.0890625