3 0.45784941000954504 0.09693153903901586 0.05777723201781733 0.13452618942018657
3 0.2794527846912716 0.19740343394675322 0.06621644068268111 0.12174546835938176
3 0.28076184070654364 0.3099034339467532 0.056541448679181275 0.09541818678935066
3 0.45917029340386045 0.5459227758848362 0.061274402013044946 0.09959745257436622
3 0.2652941187539505 0.6579846181758551 0.06749713001272664 0.09761772362105355
3 0.2575474427911761 0.9315663313441522 0.07447383601209037 0.09333974729857672
5 0.17236063673613317 0.5214108103680519 0.08653803134945379 0.12370978676111584
5 0.25826396343885877 0.7918590892366599 0.083957924013363 0.10326077886860804
2 0.36225093475490505 0.6706581943995097 0.08546588001272673 0.09866428413027997
2 0.7384197993714073 0.323286725616605 0.08447609201940817 0.14779202886860804
0 0.4598082821053134 0.8020362679923284 0.07069485534690845 0.10404973414439737
4 0.3614765860518613 0.4028259522920175 0.07611869935549898 0.16760399992941294
4 0.18291359201940818 0.15352536035393452 0.09606812002704421 0.20467906570031094
7 0.7210852066756814 0.10835967563072242 0.0757550726845901 0.13635399992941283
6 0.749577117401315 0.5440997545558002 0.0820505260184536 0.14062427097610025
6 0.7268544960216353 0.20160144141573796 0.07122211401972649 0.14936223414439728
10 0.6630060074394951 0.8201169520096687 0.08824598201781733 0.13630079202278794
11 0.877141232773677 0.8388346728587122 0.10218121268299925 0.1261823393778343
11 0.8420453333863612 0.43940382025611113 0.09523177868395365 0.13280406570031095
9 0.7724639181253579 0.9576366582078689 0.07461019601368121 0.08472668358426212
9 0.5575190761059496 0.8124115968468191 0.06835110534690844 0.10391322625188941
9 0.6528032094207232 0.6813351730704736 0.0707493993475449 0.10873723414439737
9 0.5567992714035422 0.5492668547393269 0.06757894601368122 0.10464897362105355
9 0.6406191933879521 0.4393828915004425 0.06598917401336309 0.1022142183593818
9 0.5502112747055892 0.31857059158514717 0.06608917134786303 0.11080796835938181
9 0.6348760813574079 0.21420088097709886 0.062155649347544896 0.1082367052052021
9 0.5430238413430905 0.10345382580013163 0.0662255313494537 0.12252671835938171