6 0.3640625 0.06640625 0.06015625 0.13203125
9 0.45859375 0.06875 0.06640625 0.1140625
9 0.62890625 0.18046875 0.0515625 0.10078125
9 0.6359375 0.2921875 0.05546875 0.0984375
9 0.44921875 0.778125 0.0625 0.0953125
7 0.3609375 0.26875 0.0765625 0.1765625
3 0.64609375 0.7734375 0.0609375 0.08515625
3 0.72109375 0.2921875 0.0578125 0.09375
3 0.540625 0.07265625 0.05625 0.1265625
0 0.36015625 0.50390625 0.06640625 0.11875
4 0.26171875 0.25546875 0.0953125 0.16953125
1 0.8171875 0.14140625 0.10078125 0.18125
5 0.25546875 0.5015625 0.0875 0.13828125