9 0.26878207919800107 0.05849549544765349 0.06781254631872766 0.11588106426490725
9 0.3533132828792735 0.16994380931684933 0.060635747104515934 0.1125514757851052
9 0.24765613420318103 0.27756374419401225 0.0648138248547749 0.10175036810497318
9 0.2405991513666888 0.39557795830063497 0.0718450748547749 0.10195495658477523
9 0.41969799235151417 0.5034944437191585 0.0648138248547749 0.10175036810497318
9 0.21600144996172793 0.6389331532069277 0.07340757485477489 0.10200042069139795
9 0.2044924075719418 0.7687797775801071 0.0669392510334573 0.09713106426490725
9 0.18887590798622655 0.9198110801665319 0.07836690260503384 0.09122204506457728
11 0.17503207919800107 0.06418778475529069 0.08427445430044496 0.12837556951058138
10 0.06503814764714436 0.9319964945897237 0.10725603597964536 0.10844664898378546
10 0.33485857361642984 0.3819126119032741 0.0743557987999269 0.15586120658477523
8 0.33671863420318104 0.2749722901165194 0.08599962014004517 0.12109140149106805
8 0.3074804745688338 0.6347110029695009 0.0828917367654336 0.10461695533113406
6 0.35869860380510693 0.05998477360470096 0.06150904238978612 0.11996954720940192
6 0.10897019996172796 0.6420474445105814 0.09246794396136275 0.12596075791755884
7 0.1347322950803825 0.3736922496042886 0.11023979487098554 0.17250914898378564
2 0.42501053867024174 0.38943194371915857 0.07495295822938637 0.1184294027447093
2 0.4008579853222008 0.7739888001456492 0.08063787799792799 0.08972774122451135
5 0.7999956918944482 0.056060159904098794 0.0828211162111037 0.11212031980819759
5 0.8148390945039912 0.897696455464148 0.09428300103345713 0.09792668613080409
4 0.8098692280834905 0.4851198991167996 0.10694997497860932 0.15212845282385173
1 0.8064617458661708 0.3572676837565357 0.10358953453190338 0.16373354255729494
0 0.6101239392083609 0.4854705547645028 0.07077488047912742 0.12923051042484132
0 0.7042549288692788 0.4913137263138306 0.08245724317557439 0.12879024122451135
3 0.5115580066195378 0.5078433114284204 0.0669392510334573 0.09713106426490725
3 0.6202354172873423 0.056533681595084394 0.05653044396136266 0.11306736319016879
3 0.7011150820934852 0.15670304559330278 0.06937504631872748 0.11592652837152988
3 0.6134266834173927 0.26380014324430484 0.07004713440806878 0.11360551042484132
3 0.6125105386702417 0.3839762509244368 0.06444995181924558 0.09393786810497326
3 0.7027929745688338 0.6232085839939625 0.0601070541766104 0.08444920783841639
3 0.6997685202683889 0.7551489057807171 0.06632066687305756 0.08384981426490726
3 0.7054277072004382 0.9016601929277357 0.07382495181924557 0.09421065274470948