3 0.4723906120094135 0.5326579907850351 0.06020288879807012 0.0935512846692708
3 0.37500532304918777 0.4116895677230211 0.0594761858759707 0.09665810087368065
3 0.3776609443973874 0.29539242049656284 0.055075058034949276 0.11295524810013893
3 0.3777898092527653 0.07907708947451421 0.05767790665497756 0.12785354948690977
3 0.2929256599013884 0.1833086881639933 0.0622154021907507 0.11936890226045146
3 0.2776565848170153 0.6507319242962849 0.06558981818121908 0.08899107123840296
3 0.27763108562779415 0.7834898729095141 0.06558981818121908 0.08899107123840296
3 0.2675857041333247 0.9238239321800696 0.07503300202859489 0.09311552678548622
0 0.37454344723676114 0.5194475163362503 0.07331654342445271 0.12899847539871523
0 0.27844969723676116 0.517210909478646 0.0740977934244527 0.12901665919430555
5 0.19499094602224049 0.07560333130638905 0.08216939204448095 0.14404224715020839
5 0.1574294541333247 0.9212600170018405 0.09948357710967279 0.10696047444878473
4 0.17758662661991015 0.5101776998475002 0.0977943920444809 0.1444059230620139
1 0.18239508319545744 0.3829976040078127 0.09884837743398434 0.16004910685760426
2 0.5648217995102374 0.4145457300514588 0.07397506249917622 0.12198540919430556
2 0.7754901128201924 0.6724712520872923 0.09319266680124727 0.10447125408406262
6 0.6371375357138149 0.08355160961048665 0.06254268465815471 0.13811890226045143
6 0.8745588583559656 0.6661868441272576 0.08879153896022593 0.1207684013105208
7 0.834444958197105 0.15764699230364654 0.1032319143656153 0.18748377583555564
11 0.8392569634721108 0.29910779369041735 0.08432222727182861 0.13315929853697925
11 0.909251052753353 0.9498310364253649 0.10496596387914821 0.1003379271492701
8 0.6768889715864905 0.6608050938429172 0.08000687418757338 0.10963087955902787
10 0.6542643547058129 0.3041732341355214 0.07408415665497756 0.12823540919430557
10 0.6537206582765354 0.40724368274875056 0.06972393912238176 0.14687630642076394
9 0.784087411519651 0.9413121710652437 0.06175175202859471 0.09280640226045164
9 0.7753146091667444 0.7966354507005216 0.07371596387914785 0.10714165919430556
9 0.7477570304355139 0.425831988219584 0.06277846387914784 0.10688708605604162
9 0.743176850241586 0.2976524368328131 0.0627648271096728 0.10610583605604171
9 0.7293659460222405 0.0880410474901395 0.0692466521907507 0.11953255642076392
9 0.6437205466708635 0.19225446238402832 0.06658925649282174 0.1015092550339931
9 0.5652775413925626 0.5301343624602782 0.06671198741809832 0.10854050503399311