9 0.2620896805943744 0.9121106676153214 0.07764948741809832 0.10835401663909146
9 0.26517199593621965 0.7752964602289952 0.07124948295387146 0.09965117248329011
9 0.3668145422033414 0.6437952698887976 0.06890573295387145 0.09961026217486477
9 0.5605900413925624 0.50755994075053 0.07137221387914786 0.10668242248329012
9 0.28007287824476323 0.2858248571447402 0.0668347183433748 0.11519435186643907
9 0.28275577313191325 0.17089928652788916 0.07137221387914794 0.10668242248329012
9 0.28638355925276526 0.06533507914156296 0.06054380803494937 0.11274150771063773
8 0.36992276217486464 0.06425218537046966 0.06718927434972928 0.12850437074093932
6 0.547422245128736 0.15612017167580655 0.07229951420345948 0.1598074224832901
6 0.4635122642001642 0.6319480604738766 0.07756766680124727 0.10366651663909146
7 0.2649520332748877 0.6283805499205697 0.09143529788867957 0.13749209172016935
11 0.15430445413332475 0.9155550418028948 0.10018300649282179 0.10171823295387128
11 0.19256537540538946 0.06490862601512126 0.08667961404130375 0.12981725203024252
10 0.46130133319545746 0.370969650165451 0.06916087743398443 0.15897162540538945
1 0.7246102621748646 0.06125209608593226 0.08906427434972919 0.12250419217186452
4 0.7449087199649326 0.36680075284596436 0.09261201420345948 0.16016197848964459
0 0.8720787406612139 0.6232535300383627 0.10682847280760158 0.1244835771096728
0 0.6511604943146618 0.5028530754914102 0.06926028896022593 0.1199227621748646
5 0.8990948027533531 0.917402950493058 0.11599892126547431 0.11292846834337453
5 0.8482382715070601 0.3767194492752419 0.09850745819710519 0.13995857264544592
3 0.7480491310841371 0.5019433660764892 0.07608698741809831 0.10832674310014116
3 0.5523354362797125 0.39282528490633134 0.05976255803494936 0.1127278709411625
3 0.6365529289761118 0.15847182995563716 0.06698472280760157 0.12378810186643911
3 0.7367904825468343 0.25987859700176574 0.06672562418757337 0.10894435186643907
3 0.6580844245085897 0.6308962548745592 0.06272391680124727 0.10340741801906325
3 0.5676402512112254 0.9114661907505301 0.06645288879807013 0.09331935186643889
3 0.7778783218280765 0.9124853997617091 0.07348413879807011 0.09344208279171581