3 0.6874500853667921 0.800576886424478 0.06679907564431194 0.08457792984777583
3 0.7348441480092636 0.3215061517475173 0.06350697930778501 0.0961375123572897
3 0.7247144742194024 0.2025969842570313 0.06255531094499105 0.12260451186299814
3 0.5459543091359687 0.09396744767945384 0.06201972241038014 0.12726017836490092
2 0.5578722122336148 0.30649928117755104 0.07821793249628843 0.13883434832684483
4 0.5708170267966504 0.5237504481737455 0.07747430404758582 0.15439568133065046
5 0.2834287279489887 0.930675632927256 0.09051985866099876 0.10581360129259423
0 0.38195924468447473 0.5199529916342241 0.07328477103089917 0.13395584733826169
6 0.37523237336031984 0.07921524509426517 0.07308005314307486 0.13004959733826163
6 0.28500235752934494 0.5144431378701718 0.08146576322898298 0.1413054323192336
11 0.18323181761525326 0.5212104496194392 0.09281934305716648 0.11993976828878879
9 0.4900804404097462 0.7979917614058876 0.07234639077317447 0.10117518083635879
9 0.47640528550307765 0.5370542614058875 0.07189268939369349 0.1073933473382617
9 0.469877567276569 0.3083708458925679 0.06297139077317446 0.10079317885919252
9 0.3755776113745322 0.18992991060758482 0.0656426893936934 0.10713867935348409
9 0.461456478403274 0.08818567988495671 0.061282738014212336 0.11319767836490088
7 0.2853067362051901 0.07399189281308767 0.08467597241038013 0.12818334980971957