9 0.35553798000824727 0.30780316011329323 0.06338420157021041 0.1133886793534841
9 0.44208558227810285 0.42474526239447075 0.06386993487716311 0.10326426285158127
9 0.2706892700582597 0.18623722482831012 0.06972512978345576 0.11676834733826165
9 0.27619277546853604 0.07773897532260168 0.06425637978345566 0.11654551285158128
9 0.2082642309326841 0.9338006329272559 0.07850909639736088 0.09683784931542797
9 0.2187196607952821 0.7895240509120335 0.0828017913036537 0.11027826680591417
9 0.2349704495916533 0.6611271368815886 0.07230456050398351 0.09814568133065045
9 0.24655647044133583 0.5317579718625606 0.08001777210332381 0.12186968281352506
7 0.35836276629733604 0.15695824311709883 0.08128240690134447 0.19215034931542796
8 0.16406719701786385 0.16781353558899428 0.0962338054894186 0.14281885277546907
8 0.09896109026216872 0.7924660257031626 0.11710859514371966 0.10933519072219049
11 0.09002269629294804 0.9383687747145795 0.10780179130365367 0.11129693874502422
11 0.1817069895751587 0.072324622052841 0.08814852084968257 0.13312551779449713
6 0.16253813776752152 0.2741272025851887 0.09574807218246603 0.15294326927737192
6 0.11936818164496465 0.6556345291632036 0.10651207594338974 0.12060827174882985
10 0.13549694998736472 0.5045495316346615 0.11231344655564542 0.15908052273741297
2 0.628765913698276 0.6756087199225753 0.08234715023742681 0.09465326680591382
2 0.8155615008579298 0.19670642300205554 0.09170542986259811 0.14809660178688594
5 0.8389148373591748 0.9503822733831633 0.1052761848771631 0.09923545323367336
5 0.8106132395751586 0.09795058802108358 0.08580477084968266 0.13303001730020556
1 0.8217874541439999 0.41284075897161066 0.10330215940862679 0.17119852076024672
4 0.8291560217741193 0.5359426779449714 0.10491848370266403 0.14629402125453836
0 0.8274534662847006 0.675100678439263 0.09483879005001228 0.12169326927737192
0 0.5266267521780781 0.6644072816718426 0.07526207594338974 0.1193349318249421
3 0.7304574796790428 0.9441279096561827 0.0749438271970309 0.1083974318249421
3 0.7266722162847007 0.6709941571847248 0.07446645407749272 0.0919911818249421
3 0.5333661486545812 0.5403158656642314 0.06522784639736087 0.09629667984777565
3 0.5344094745979711 0.42381411516993983 0.0719779515702104 0.11373884783255317
3 0.7173931223281154 0.31785456973229487 0.06600073620994636 0.12285917984777565
3 0.7167830200582597 0.2044141522418089 0.06738137978345567 0.11667284684397003
3 0.7121075434152248 0.09628331726083691 0.07537573620994635 0.12324118182494201