3 0.543107648456054 0.05873209196056896 0.05740825063297219 0.11746418392113792
3 0.7329142260382009 0.27272285068700997 0.058688008437520624 0.0938014757851052
3 0.7255605391075596 0.15172002890025532 0.06274059137714509 0.12045490399835054
3 0.67318462820727 0.7569818419115213 0.06937997177703163 0.08708847453146404
0 0.37546385770403184 0.495057469583406 0.06552085099579194 0.13302310015828453
4 0.3685962656939147 0.2536057554767833 0.08555309800056694 0.1702874194377567
5 0.26813008437520497 0.915009919899975 0.08625001324684387 0.10084709765100186
1 0.8198363287632734 0.11925921839627181 0.09787204872620663 0.18781590023742684
7 0.2842410799443996 0.05974641571008654 0.08254465988879929 0.11949283142017308
6 0.3686706436467305 0.059950675524733946 0.064685037293461 0.11990135104946789
6 0.2770536395551973 0.4987029583006349 0.07654019654928819 0.1356850989046432
11 0.171103739918017 0.5103882675509773 0.09390874582364876 0.11902043613080408
9 0.46965036732267873 0.5048296231860452 0.05952382213985139 0.09538670783841656
9 0.4755829419096008 0.7642955513992906 0.06337550843752063 0.09393786810497318
9 0.5523363486335391 0.27484895500192963 0.05879713584218216 0.0969264757851052
9 0.4622470619730503 0.2704318911327338 0.06774554990733286 0.10733277837152996