3 0.7314688117864484 0.2636500982524827 0.06266843775644108 0.10238751235728971
3 0.7274113700756747 0.14486826475438552 0.06515410920125966 0.1251074293534841
3 0.5434581813306505 0.0543705291260226 0.05802735870696818 0.1087410582520452
3 0.6776089131162237 0.7471111970736192 0.06440735129259423 0.08763926285158127
0 0.3791263562726913 0.48929467437338714 0.07377969269935694 0.12623884783255335
4 0.18222886266130084 0.13186812943003376 0.10132637254713259 0.1897575197716635
5 0.277850357755566 0.5004642791260225 0.08722011018984296 0.13068626730020547
1 0.8222317801517868 0.10970274448843045 0.10167654102620176 0.19835126977166354
7 0.3695126398473382 0.2533571743733871 0.08528753707186905 0.17896459980971963
6 0.3737995973382616 0.05935877703457861 0.07491111117842611 0.11871755406915722
9 0.4613950978325533 0.053925183774222576 0.06086585722409339 0.10785036754844515
9 0.4663703938016708 0.26819165410743206 0.05807643825073257 0.10454026136870649
9 0.5556875617864484 0.27081263532435174 0.05798093775644109 0.10219651136870649
9 0.4741669422422464 0.4979428211036264 0.05954343775644109 0.10226017836490087
9 0.48089308060670977 0.7590394885941125 0.06000635277546902 0.09447951186299797