9 0.5710901048805012 0.3864085806287503 0.06510062620953719 0.11342365399835046
9 0.6529554839326358 0.2736836086045688 0.0620666314712091 0.1148952257851052
9 0.7322040971997549 0.15633933274032133 0.06785389988706055 0.12052310015828457
9 0.7257427236210535 0.05165981640973181 0.06758088410204514 0.10331963281946362
9 0.770747741613382 0.4956375134608491 0.07364887357870131 0.1128924565847754
9 0.7866597099021766 0.6344726929277357 0.07669057359281872 0.09816236685133184
9 0.8046956203125808 0.7560294441813771 0.08211382096198286 0.09754024122451135
9 0.8182106306947501 0.9074555518615088 0.08785558674699842 0.1023868655976905
11 0.9400401280639142 0.9031281015449398 0.11987913147120892 0.11657739773014449
11 0.8201829683593818 0.053580017584230755 0.0919284367187636 0.10716003516846151
8 0.8413137866905286 0.1351653632234223 0.10869870776545092 0.13886993487716293
8 0.9245908913592682 0.7588014400247418 0.1195151104245216 0.11032739773014448
6 0.8970966809629815 0.6226509913575253 0.10034788147120892 0.11600909639736087
6 0.8452493997458863 0.24304605938335633 0.09389275512049763 0.15247779381093612
10 0.8792126889966635 0.47683002599726143 0.12210876038216938 0.1548586477301445
7 0.754123870806691 0.2370892275674718 0.10922162350811426 0.18802048871722893
5 0.19752671835938174 0.06263874082879997 0.09192843671876347 0.12527748165759994
5 0.1876130780780317 0.9101525868304494 0.1014630604386391 0.09498354255729495
0 0.19112740202378625 0.634584285497666 0.09318012357870131 0.11346075791755865
0 0.1889993997458862 0.2621409841648824 0.09572827090551309 0.15721075791755884
2 0.195773773536349 0.1500357892585896 0.0864519814429742 0.14524195533113407
2 0.3902474414863252 0.6405290939565854 0.09019933674699834 0.10245506175762475
1 0.18916527069375152 0.37247909059137313 0.1129080656297238 0.170969381037097
4 0.18780643899666355 0.49694789317779786 0.10874421039628679 0.13965118487716294
3 0.2853907394060691 0.0629102108079174 0.06495641304124015 0.12433842194503922
3 0.2985050754471958 0.9061433852602392 0.07719880780780315 0.09349759890464356
3 0.2991813676817449 0.7699558326738143 0.07499156570031093 0.0957731527447093
3 0.29365316254713 0.6347313865138803 0.07512807359281873 0.0981169027447093
3 0.48182174950588985 0.5063921231860451 0.06809682359281873 0.09791231426490725
3 0.4779848469879934 0.3867699449727998 0.0690978814712091 0.11509981426490726
3 0.2901824681476202 0.27954378134103075 0.0753478814712091 0.11528167069139794
3 0.2914425893072471 0.1668164608079174 0.07879139988706055 0.12084134890464333