3 0.4609817061157642 0.40994190539463354 0.06077580547083343 0.09443180000795408
3 0.2755189444322574 0.5288448047024075 0.07185877583555564 0.10080906934277216
3 0.2683682463877091 0.9263101507001803 0.07567410685760426 0.09694827267663583
3 0.27060028077263953 0.7873112853675893 0.0597399823325695 0.08348520934118149
3 0.2720874327487506 0.6498658293682257 0.07400250408406261 0.09224259134309047
3 0.2809831219595836 0.2938158240372256 0.06039459897381949 0.11161020934118149
3 0.27921864057694457 0.18444991470399827 0.06286563554295146 0.11710623134149963
3 0.28686552678548616 0.07675559337204367 0.058323605907673756 0.1233016873408633
5 0.19297005642076395 0.06941471335931698 0.0828151128415279 0.13530224801081767
5 0.15901143018329938 0.9258187073519991 0.09202580547083343 0.09479542667886313
0 0.1696891313619797 0.646331202020999 0.08695709897381954 0.11191929201145409
0 0.18214557845659746 0.2754829000238625 0.09004638459302092 0.14397781401177223
2 0.180544751234271 0.17314824069063525 0.09724128875333346 0.1510908800127267
2 0.14712641318145897 0.7843124600174992 0.10456217306201396 0.09650337734722676
4 0.16966833472486154 0.5112113146880899 0.10180150218420154 0.1456766740133631
1 0.17691517743041701 0.3863294933561353 0.09989416327836817 0.16439940201304476
8 0.6464444677992711 0.2910390060868596 0.08817476006798622 0.1306783826782268
8 0.8966542877064938 0.80631165945254 0.116553679995868 0.10835848734881744
6 0.8714880207046534 0.6646508707829037 0.10717867999586801 0.10824939934754489
6 0.8320728432742364 0.27992133477876757 0.08768445079743045 0.1431692920114541
11 0.8163893726251736 0.07588781544394946 0.0851043114547572 0.13298577001113585
11 0.9101018047083341 0.9472372285566337 0.1102673124046877 0.10552554288673263
10 0.8626734523160421 0.5208372361154947 0.11926175911805573 0.157595418682363
7 0.8502617584524657 0.39025939811422206 0.10461803086954902 0.1660164460136812
9 0.7219126740119445 0.07713159476445006 0.0666991503605903 0.11402668467536323
9 0.7834483857303827 0.9424571501034043 0.0755104526972918 0.08991702267663584
9 0.7768320969770492 0.7924207874363135 0.0868298124046877 0.1064505420114541
9 0.7622403072737853 0.6688469274347226 0.07096842306201409 0.09611247867599956
9 0.7519359740675352 0.5281401114337682 0.07133209897381967 0.11173747867599956
9 0.7430129561157642 0.41322363609958634 0.06891561379145834 0.10858520667568143
9 0.7371422029816321 0.29521852343249544 0.06967867999586819 0.1078130473424542
9 0.728328287803403 0.18498954809831364 0.06915200313413213 0.11874145667568144