1 0.14296875 0.51171875 0.11796875 0.14453125
4 0.16015625 0.37890625 0.103125 0.1625
0 0.16640625 0.2640625 0.0875 0.14765625
0 0.14296875 0.64140625 0.09375 0.11875
2 0.12890625 0.7796875 0.103125 0.1078125
2 0.16953125 0.14921875 0.09375 0.14453125
5 0.18828125 0.0625 0.078125 0.125
5 0.11640625 0.93359375 0.103125 0.10703125
3 0.23671875 0.92578125 0.06953125 0.0875
3 0.24375 0.78515625 0.06953125 0.1
3 0.3515625 0.65078125 0.0640625 0.0953125
3 0.26171875 0.52578125 0.0609375 0.1
3 0.2671875 0.40390625 0.0625 0.10546875
3 0.2671875 0.2828125 0.0640625 0.12265625
3 0.27578125 0.16640625 0.05625 0.1265625
3 0.2796875 0.0640625 0.05546875 0.11875
11 0.81328125 0.06875 0.0828125 0.13671875
11 0.86796875 0.925 0.09609375 0.1046875
8 0.8609375 0.775 0.10546875 0.12734375
8 0.81953125 0.17265625 0.09609375 0.13828125
6 0.82421875 0.27578125 0.09609375 0.13828125
10 0.83359375 0.3875 0.1 0.1453125
7 0.84375 0.509375 0.10078125 0.14765625
6 0.8453125 0.65 0.0890625 0.11328125
9 0.54296875 0.52890625 0.0609375 0.10078125
9 0.75625 0.92109375 0.06953125 0.10234375
9 0.74609375 0.78125 0.0640625 0.09609375
9 0.740625 0.64921875 0.0625 0.09140625
9 0.73125 0.4046875 0.0640625 0.11796875
9 0.7171875 0.08203125 0.06015625 0.10703125
9 0.725 0.290625 0.05546875 0.1109375
9 0.71953125 0.1765625 0.05390625 0.0984375