9 0.63125 0.0765625 0.06015625 0.1109375
9 0.71875 0.18125 0.0625 0.10234375
9 0.6390625 0.28671875 0.05625 0.10234375
9 0.54375 0.40390625 0.05390625 0.10078125
9 0.64765625 0.78125 0.06015625 0.09140625
6 0.7359375 0.5171875 0.0671875 0.1203125
10 0.83359375 0.39453125 0.08984375 0.1453125
7 0.8484375 0.50625 0.10078125 0.1421875
11 0.8109375 0.07109375 0.0796875 0.1421875
11 0.86640625 0.928125 0.0890625 0.10078125
8 0.55078125 0.915625 0.0765625 0.0953125
2 0.3609375 0.27734375 0.08203125 0.1359375
0 0.16796875 0.2640625 0.08515625 0.15859375
5 0.184375 0.06328125 0.07578125 0.1265625
3 0.2828125 0.06640625 0.06484375 0.13203125
3 0.35 0.78203125 0.05546875 0.0875
3 0.35625 0.65078125 0.05859375 0.1
3 0.359375 0.3984375 0.06015625 0.1046875
3 0.23515625 0.92890625 0.07578125 0.0890625
1 0.12109375 0.784375 0.1265625 0.11640625
4 0.64296875 0.5015625 0.06953125 0.13359375