9 0.7258163111704166 0.043704406378021435 0.06755313554295164 0.08740881275604287
9 0.6380961459921874 0.142125629241672 0.06019457722232637 0.1053735747398008
9 0.7309174659963192 0.24416176277875712 0.061030378609097366 0.10775826831736568
9 0.7319688600886455 0.36661329489093275 0.062374673062014094 0.09846515547249553
9 0.546574261114826 0.48713159204111367 0.05846842306201392 0.09826043758467122
9 0.7379415306821175 0.6128741412274596 0.06311955547083344 0.09694359905006031
9 0.740500873387673 0.7375875361845055 0.06713490824437507 0.10183581693788461
9 0.7471658346343395 0.8870552696761621 0.07096842306201409 0.09891553482570892
6 0.8467353024336106 0.5985892339459419 0.09182643692972228 0.12341756784239592
6 0.6367719949660069 0.048845047066524726 0.05848726006798621 0.09769009413304945
10 0.6398339518442704 0.46975930631089347 0.07518445079743064 0.1459543091359686
7 0.6433992822007288 0.2495286934660232 0.07244065729444457 0.12864397840327388
7 0.8669179030229508 0.7372046766189955 0.11172070963114607 0.10651335085908258
7 0.8713664008387493 0.8813264908433467 0.10067410685760407 0.10125264077317411
8 0.841180859138715 0.334359637609415 0.10679812670923639 0.16321705223856364
11 0.8265793773748265 0.045483251357781564 0.0772918114547572 0.09096650271556313
2 0.5449701678405896 0.7571984305757244 0.08261443787965277 0.09640468848918218
2 0.36140439979190947 0.26274682496694346 0.0749298776591667 0.1350168091359686
5 0.117641988794652 0.9130245431934523 0.09373377583555564 0.10479039857509065
5 0.19452994357923606 0.06315455760985972 0.0875026128415279 0.12630911521971944
0 0.18146297986402757 0.24954854138442978 0.08535888459302096 0.14726782564431193
0 0.1452091700247911 0.6337940665992005 0.08999117999586814 0.11161693068726616
1 0.16928767534312467 0.37035236431520835 0.09509756050482654 0.16338414857509048
3 0.3757435759880555 0.05461393897033804 0.05118325313413212 0.10922787794067608
3 0.28418989599218736 0.16067306987856078 0.06520938554295146 0.11968173620519007
3 0.27991801044923587 0.2771612070336905 0.0583229526972918 0.09201043758467105
3 0.35942171286218716 0.3814558813893786 0.053780923062013916 0.09801477611928178
3 0.4503350407501038 0.4984176520815934 0.05843205547083343 0.09669793758467123
3 0.25062336863802026 0.6306104336279421 0.06206554853697925 0.08518390547249552
3 0.24667813820531181 0.7665888772055072 0.06270132817225704 0.07897484905006032
3 0.23021472397701315 0.9040036680241099 0.0716042026972918 0.09270647840327406