3 0.63125 0.403125 0.05546875 0.0953125
3 0.7140625 0.290625 0.053125 0.09609375
3 0.7109375 0.17578125 0.05625 0.11640625
3 0.70703125 0.071875 0.05390625 0.1140625
3 0.72734375 0.52265625 0.06484375 0.0984375
3 0.734375 0.64453125 0.06484375 0.09140625
3 0.7359375 0.7828125 0.0625 0.0796875
3 0.7484375 0.92578125 0.06875 0.08671875
5 0.80625 0.06875 0.084375 0.13671875
5 0.86171875 0.91796875 0.09375 0.1
2 0.8578125 0.7875 0.10078125 0.09375
2 0.81171875 0.1703125 0.08984375 0.13359375
0 0.81171875 0.2640625 0.08046875 0.14765625
0 0.84140625 0.64609375 0.09140625 0.1140625
4 0.83671875 0.50625 0.09609375 0.1421875
1 0.821875 0.375 0.0953125 0.15859375
11 0.17578125 0.06640625 0.08671875 0.13203125
11 0.1078125 0.93203125 0.10078125 0.1
8 0.11328125 0.7875 0.1109375 0.11328125
8 0.1625 0.1625 0.09375 0.13359375
6 0.16484375 0.27734375 0.0890625 0.1359375
6 0.1375 0.6453125 0.0875 0.11796875
10 0.14296875 0.50390625 0.1078125 0.14765625
7 0.1515625 0.3765625 0.10078125 0.1578125
9 0.27421875 0.065625 0.0625 0.11640625
9 0.26953125 0.18125 0.05859375 0.10234375
9 0.2640625 0.2828125 0.0609375 0.1
9 0.25859375 0.40625 0.06015625 0.09609375
9 0.25234375 0.5140625 0.0671875 0.1
9 0.25234375 0.65390625 0.0671875 0.09609375
9 0.240625 0.78203125 0.0640625 0.10703125
9 0.23203125 0.92890625 0.06953125 0.0890625