9 0.5465152433504862 0.18909185460062736 0.06266561379145834 0.10816247882456524
9 0.6500442061157642 0.40841454722264325 0.06244740824437507 0.09878747882456533
9 0.5583314444322574 0.5289583304983264 0.06315592306201392 0.0956670240041051
9 0.6652380207046533 0.658469089377121 0.058286585106111136 0.08782725292686636
9 0.7791940307726396 0.7888020048717739 0.07167693787965276 0.092592020979043
9 0.7856284815700703 0.9310076855899331 0.07093205547083344 0.09414997579950324
9 0.7395041367772224 0.2917633784083407 0.06649912860909737 0.10506020472226432
6 0.833744446047778 0.2798133451326576 0.08365091422829884 0.13718690349260038
6 0.1898996078075348 0.07062663826909393 0.08370546561506957 0.1395306534926003
11 0.8155717550339932 0.06957982708048083 0.08583101006798621 0.13016928903121974
11 0.9085029371171537 0.9410962787776832 0.10316332722232673 0.10293007816063522
7 0.854131640861285 0.3838241342620732 0.10690722948277802 0.16309996369925486
10 0.8641632171336809 0.5127712908779315 0.12135093597979178 0.1459988221105112
8 0.1694345582237158 0.6344936955488821 0.08801110590767372 0.12315167456983929
1 0.3664576414299659 0.7762459000747548 0.08962815729444458 0.12550451492891881
0 0.26649400902114645 0.7772266170936593 0.07643717306201392 0.09574429205628174
3 0.36637118882958336 0.06774759884509074 0.061539524885625065 0.12690338846548568
3 0.46223312195958355 0.29327483967170853 0.053217878609097366 0.10498293667008758
3 0.5594192061157642 0.40788730639602544 0.060975827222326376 0.10268463846548563
3 0.4634936827487506 0.6494839330558503 0.06230193787965277 0.09253747882456534
3 0.5705820969770492 0.7868071919346449 0.0660809013105208 0.08709145472226432
3 0.3721472098185772 0.9200095356133741 0.06916953371934031 0.08554713544042372