9 0.2828125 0.07265625 0.06484375 0.11171875
9 0.2828125 0.18125 0.06484375 0.1078125
9 0.27265625 0.2875 0.06484375 0.11875
9 0.27265625 0.40625 0.06953125 0.10546875
9 0.26484375 0.5265625 0.078125 0.10546875
9 0.25625 0.6625 0.07109375 0.0890625
9 0.2421875 0.7875 0.08046875 0.1
9 0.23984375 0.928125 0.07578125 0.10234375
11 0.11328125 0.9375 0.1109375 0.10546875
11 0.1875 0.06484375 0.08203125 0.1296875
8 0.1734375 0.1625 0.10078125 0.13359375
8 0.12265625 0.790625 0.115625 0.10078125
6 0.13671875 0.65 0.1 0.11640625
6 0.17109375 0.271875 0.0875 0.1453125
7 0.15546875 0.3796875 0.1046875 0.15859375
10 0.15 0.509375 0.11328125 0.15390625
5 0.80859375 0.0671875 0.0796875 0.134375
5 0.86640625 0.9234375 0.0890625 0.0921875
2 0.865625 0.78125 0.10546875 0.09609375
2 0.82265625 0.16875 0.0921875 0.1453125
0 0.82734375 0.27734375 0.0921875 0.1421875
0 0.84375 0.63984375 0.09140625 0.11171875
4 0.840625 0.50390625 0.1 0.13671875
1 0.834375 0.384375 0.10078125 0.16796875
3 0.7140625 0.07109375 0.0578125 0.11796875
3 0.75390625 0.91796875 0.07578125 0.10078125
3 0.74453125 0.7875 0.07109375 0.09375
3 0.74609375 0.6453125 0.0734375 0.0984375
3 0.7390625 0.52734375 0.07421875 0.09375
3 0.54765625 0.40390625 0.06640625 0.1109375
3 0.725 0.2890625 0.06953125 0.11171875
3 0.71953125 0.18125 0.05859375 0.11640625