3 0.5421875 0.07421875 0.05546875 0.125
3 0.5453125 0.5171875 0.0578125 0.09609375
3 0.74140625 0.6390625 0.06015625 0.08671875
3 0.759375 0.915625 0.07578125 0.09140625
3 0.72265625 0.290625 0.05546875 0.0953125
3 0.7203125 0.171875 0.06640625 0.11796875
4 0.63984375 0.38203125 0.0734375 0.15390625
1 0.81875 0.1421875 0.09375 0.19375
2 0.65 0.6453125 0.078125 0.0984375
2 0.2640625 0.2734375 0.08671875 0.13359375
5 0.83515625 0.51171875 0.0796875 0.1203125
5 0.859375 0.7765625 0.09375 0.1109375
3 0.45078125 0.6375 0.06953125 0.1265625
11 0.1296875 0.78203125 0.10078125 0.11171875
11 0.17890625 0.16015625 0.084375 0.13828125
7 0.28046875 0.06484375 0.07578125 0.1296875
6 0.27734375 0.1578125 0.0734375 0.14296875
6 0.165625 0.3859375 0.08671875 0.13671875
10 0.34609375 0.77890625 0.08671875 0.1109375
9 0.2359375 0.92421875 0.06875 0.0890625
9 0.45078125 0.778125 0.06015625 0.1
9 0.353125 0.6421875 0.06640625 0.09609375
9 0.44921875 0.51875 0.06640625 0.1046875
9 0.3609375 0.40078125 0.0640625 0.1046875
9 0.45 0.2828125 0.05859375 0.1
9 0.36796875 0.178125 0.0578125 0.1109375
9 0.45703125 0.071875 0.0578125 0.1140625