9 0.36767040002386253 0.1842912663362503 0.05982099001431749 0.1068325346692709
9 0.28044202534213597 0.07135354882131968 0.05675962468172653 0.11222854948690975
9 0.2727947993714073 0.286742159478646 0.05897610534690845 0.10134560087368065
9 0.26952544338795204 0.40850805670510437 0.05505167401336308 0.09969218189572918
9 0.2638577934038604 0.525531902544792 0.0596573580124085 0.09277003466927099
9 0.26210548408654144 0.6434279173624308 0.06369087734722659 0.10379845364722229
9 0.25509351010499515 0.7791653956109377 0.07074939934754472 0.10630585780753492
9 0.248208805458267 0.9258403738594445 0.0674698580124085 0.0929518726251736
11 0.18825452534213596 0.06920786094166684 0.08354030068427191 0.13159679853697923
11 0.12406278079244877 0.9291991503605903 0.101926674013363 0.10078320963114606
8 0.13181964210690417 0.7903548559076736 0.10657781134627213 0.09776731240468753
8 0.17058631468808994 0.16174019984750015 0.09366927868395374 0.12948943787965286
6 0.15279411875395052 0.6463509359797918 0.08569314668204475 0.11524509992375016
6 0.1766010520369074 0.2759118026210418 0.08355848201781738 0.13315929853697925
7 0.16060442938413405 0.3778555091180557 0.10261756468808994 0.16015820963114588
10 0.15907938673613317 0.5152827739356945 0.09124371268299925 0.12240363649288195
5 0.8085852066756815 0.0852082946403479 0.08356757268458992 0.13394054853697923
5 0.878677555458267 0.9405146969007994 0.09726644601368122 0.10301785685760408
0 0.8559191187539504 0.6627163520110424 0.08803689668204484 0.1152996513105208
0 0.8249476453691802 0.28319185296097293 0.08845506735358981 0.15123715131052098
2 0.8190783586887264 0.18152025018743123 0.09294257268458991 0.13415875408406258
2 0.6598980940881323 0.6644022193178826 0.07533690201304495 0.09782121058107655
3 0.6437260120544066 0.4156555947928478 0.054234061346272 0.09654899810013902
3 0.7132999786759996 0.08533362157833393 0.05527894068268111 0.11922343189572922
3 0.7223669906906351 0.1933279595342367 0.05678689668204484 0.11457229948690975
3 0.7245027500397709 0.309752393329827 0.054288605346908624 0.10123649810013893
3 0.7404202934038604 0.5366240178548617 0.061274402013044946 0.09749390226045147
3 0.7441549154200869 0.6562098192416326 0.0565323580124085 0.09269729948690966
3 0.7542940787714497 0.7892223409931256 0.06346361067790855 0.08426720364722229
3 0.7668769894573125 0.9308831641313894 0.07522781401177223 0.0884462105810762