3 0.6631410969879934 0.4298012016098486 0.06721686305535748 0.11065070967712849
3 0.6840884467479971 0.682436050038272 0.06432708148532633 0.1011665477664696
3 0.5862501862246533 0.674762637094156 0.06313630780780315 0.09409891046291677
3 0.69811939662094 0.8163208984666955 0.07016755780780315 0.09442639619489306
3 0.8168301412180939 0.9616557554780002 0.07614454202278757 0.07668848904399965
3 0.749102441839261 0.3138187907326471 0.07455892619541978 0.12969180810555186
3 0.7332205656297238 0.20166339309001197 0.06968941567207612 0.12634848428423426
3 0.720046460466874 0.09586715735803561 0.06509292093374804 0.12769266046291672
5 0.8148052236210536 0.10417627108793999 0.08737744461127121 0.1357427549623987
2 0.838788026167185 0.19489331637321028 0.10373048670464584 0.1489705010334573
0 0.8487461260683627 0.2989815028909749 0.09650952090551286 0.158762877997928
4 0.38569020215084315 0.5220613604201355 0.08893223933548197 0.1490603922659517
1 0.9255541518826119 0.8284721038005977 0.13214391304124007 0.12847821856846836
7 0.1871161942583354 0.5104752353176917 0.11080723933548198 0.15007923676543378
10 0.1907655680487982 0.3992295202638797 0.10442073144297419 0.14744438833701015
11 0.18590636490973464 0.931149454300445 0.09723058674699833 0.10425731451569291
11 0.1947202367752332 0.0791910020669146 0.08369870776545092 0.13946706844463408
8 0.5035565964938831 0.9404903368464869 0.09143561305535748 0.11177871608726946
9 0.2975341096480628 0.9347903387085136 0.0754010893778343 0.10401972001621047
9 0.3974368571584012 0.7906294239023708 0.06989454202278758 0.08973889619489306
9 0.47734010488050116 0.4234847733642516 0.07498386042452161 0.11023333271265763
9 0.2919724813017998 0.3042145808506309 0.07107761042452161 0.11005139619489306
9 0.2878548577230986 0.19338624276128968 0.06661762357870131 0.11373932237357551
9 0.28997952886860795 0.09609386579681897 0.0706603814712091 0.11626500889134014
6 0.29592975213672573 0.5326841832079958 0.08163567882625564 0.13080054383752823