3 0.63203125 0.06875 0.0625 0.11796875
3 0.4515625 0.40078125 0.05625 0.1046875
3 0.7265625 0.2890625 0.0640625 0.10234375
3 0.55078125 0.65 0.0625 0.09375
3 0.446875 0.7875 0.0671875 0.0890625
3 0.6515625 0.91796875 0.0625 0.08203125
1 0.84296875 0.50546875 0.1046875 0.1546875
0 0.84609375 0.6421875 0.08671875 0.11171875
0 0.63984375 0.5125 0.0640625 0.1265625
5 0.8109375 0.06875 0.084375 0.13671875
8 0.65390625 0.7828125 0.08671875 0.1046875
8 0.45078125 0.27734375 0.06953125 0.1359375
9 0.72265625 0.18046875 0.06640625 0.10546875
9 0.4578125 0.18125 0.05546875 0.10703125
9 0.35859375 0.40078125 0.05859375 0.1
9 0.45234375 0.52421875 0.05859375 0.10078125
9 0.26953125 0.29140625 0.05859375 0.10234375
6 0.1765625 0.27734375 0.084375 0.13671875
11 0.1109375 0.9359375 0.10234375 0.10234375
11 0.1890625 0.06484375 0.084375 0.1296875
7 0.15859375 0.38125 0.10078125 0.1609375
10 0.15 0.50546875 0.11640625 0.1453125
9 0.25390625 0.6625 0.06953125 0.0890625
9 0.240625 0.78515625 0.0734375 0.0953125
9 0.2359375 0.928125 0.0671875 0.0828125