9 0.4593289993236823 0.07912580722087512 0.05684144068268111 0.11893696063273707
9 0.36355232797581927 0.18450700811437953 0.05988462468172653 0.11196025771063774
9 0.4497796346276381 0.2954093262955986 0.05672326201463562 0.10878071063273706
9 0.3531035346117298 0.4109331404196279 0.059003377347226584 0.10335287094116268
9 0.44400015993000325 0.5234797792176978 0.06989542401336309 0.09963753571381488
9 0.3433087219128222 0.6483104094943514 0.06836019601368122 0.10195401217486459
9 0.5401008112269594 0.7931803989410444 0.07054031401177223 0.08793242248329011
9 0.22591903787400577 0.9322569411509765 0.07070394601368121 0.10199492248328994
10 0.7572872165420512 0.931373694394092 0.09981928134945388 0.12046823295387128
11 0.12519342655955037 0.7914080243497292 0.10213575934913566 0.11816539326229698
11 0.17620686931095558 0.16795293344033876 0.08837325135263549 0.14370118141174384
6 0.2527302699315941 0.5084200206962812 0.0758277980187719 0.13957674310014098
6 0.27233698197804646 0.16650525608578465 0.07825336401972631 0.14664890340856668
7 0.27893297465786404 0.06972571347211085 0.08588405068427196 0.13116027110331835
2 0.341565503262276 0.5295058624164506 0.08090564934754481 0.10607845048646744
0 0.44179167524668583 0.6461223924482228 0.07241189668204484 0.11452219602224041
2 0.7329183039465479 0.40662311038456045 0.08648348734881743 0.11554890787279355
4 0.6363694732654577 0.5112094245085897 0.07522836135422625 0.15518810633066593
1 0.8147335673138191 0.15800042410155263 0.09134425735995322 0.19764834172016937
5 0.8204364852800934 0.4065879285657795 0.07947950934913557 0.11776992694751698
5 0.8511383085614593 0.7900140831921622 0.09108917134786268 0.1085994784896446
3 0.7386030405792767 0.6567731148487873 0.06517156134627218 0.09643071509696384
3 0.5400120939290487 0.5321883518631438 0.059684630012726815 0.09477275771063773
3 0.5421687713240004 0.07822755478524315 0.06393632535009015 0.1245284415580136
3 0.7190483499761374 0.1883679882255819 0.06854200934913557 0.11757901217486459
3 0.7208097499602291 0.30561003530348263 0.059757355346908625 0.10102275771063773