3 0.46170002132400045 0.06875 0.05767723468331738 0.12265625
3 0.27768755331000106 0.171875 0.06616189668204475 0.11328125
3 0.2739620219605473 0.290625 0.056577811346272176 0.0953125
3 0.24877747191282218 0.6421875 0.06508065467854492 0.0875
3 0.4447450472629123 0.51875 0.056577811346272176 0.0953125
0 0.441808761895323 0.77109375 0.06595281134627218 0.0953125
3 0.23073380720882392 0.9171875 0.07056758601209037 0.0890625
5 0.24096387722791396 0.7765625 0.08314940201304485 0.09609375
5 0.17724156329568355 0.27734375 0.08814598468331739 0.12265625
1 0.17655231464831903 0.13515625 0.10303573535963513 0.19375
2 0.5448386906429101 0.175 0.07565507535009015 0.1234375
2 0.342500199912504 0.64453125 0.08080565201304486 0.09609375
4 0.252666635264185 0.509375 0.08603859201940818 0.14296875
7 0.8117000213240004 0.06875 0.08830961668522655 0.13671875
11 0.8256790632956836 0.27734375 0.0890817760184536 0.1359375
6 0.7231636853119101 0.1578125 0.08140563602004462 0.14765625
6 0.7371598139322304 0.49921875 0.07811700401813546 0.13359375
11 0.8627843332272777 0.78125 0.10374371268299924 0.1203125
10 0.5439423318746421 0.9234375 0.07935224001431748 0.10546875
9 0.7509190378740058 0.928125 0.0729386080124085 0.09140625
9 0.5425172865611412 0.77734375 0.0658800860120902 0.0890625
9 0.6386212219128222 0.6421875 0.06997724001431749 0.10546875
9 0.5432189099300032 0.515625 0.06130167401336308 0.0984375
9 0.6335995566120479 0.40234375 0.06130167401336308 0.0984375
9 0.5419853159611836 0.2859375 0.06372724001431748 0.10546875
9 0.6299585779758192 0.178125 0.05900337734722676 0.10234375
9 0.5414057026575458 0.0671875 0.06138349001431749 0.10546875