9 0.5484375 0.6515625 0.0640625 0.09609375
9 0.3515625 0.6578125 0.0640625 0.09375
9 0.240625 0.78515625 0.08203125 0.1
9 0.2359375 0.9265625 0.06875 0.0890625
9 0.35859375 0.4046875 0.05859375 0.0984375
9 0.26953125 0.2859375 0.0578125 0.10078125
9 0.45859375 0.18125 0.05625 0.10703125
10 0.4515625 0.503125 0.07578125 0.1453125
11 0.1875 0.06484375 0.08203125 0.1296875
11 0.11640625 0.934375 0.1078125 0.1
7 0.15859375 0.38125 0.10078125 0.1609375
6 0.1734375 0.271875 0.0828125 0.1453125
6 0.81171875 0.06875 0.08515625 0.13671875
0 0.84765625 0.64453125 0.0890625 0.1109375
1 0.75390625 0.77890625 0.08984375 0.1203125
3 0.6546875 0.91796875 0.0640625 0.08671875
3 0.446875 0.7828125 0.0625 0.0890625
3 0.4546875 0.40234375 0.0578125 0.10703125
3 0.5453125 0.28984375 0.0578125 0.1078125
3 0.6359375 0.0703125 0.06015625 0.1265625