10 0.22865070669500626 0.5221283038777831 0.09733642469437224 0.14662960228117755
11 0.8107051266396802 0.09723300501727797 0.08948630314307486 0.13071810079830276
6 0.8123141350074231 0.3055548409868331 0.09010045680654813 0.14243685079830276
6 0.1856641830621153 0.07254745653952137 0.0864841338757694 0.13293451680591395
7 0.8266644035519315 0.6741111814050125 0.12369420680654777 0.14380569121648215
9 0.7145583926977976 0.9535142434878174 0.07501768939369331 0.09297151302436504
9 0.718103873814605 0.8184421601504743 0.07859639077317446 0.1014298488211363
9 0.6157302255781988 0.6803917204168668 0.07119664857509048 0.09411209733826169
9 0.4173336691557637 0.6715247619001792 0.06798643939369349 0.10723417984777565
9 0.6178946703989592 0.42994605144350617 0.067781721505869 0.10332792984777565
9 0.7154834006112554 0.31570182072087805 0.06987648801421234 0.11354784684397004
9 0.5318254528498191 0.20487311418135662 0.062063988014212514 0.11322951186299815
1 0.20453269674538355 0.7881207184025195 0.09762967378986112 0.12247451927737174
3 0.36761354590698553 0.08152716159616798 0.062473423789861114 0.1210420118629981
3 0.44118276345612567 0.3060907628887623 0.059884012324471846 0.11625901136870649
3 0.5280509203989592 0.4262851991623286 0.06075047150586901 0.10304142836490086
3 0.51033231739217 0.8091931996566203 0.064741930687266 0.08995117935348418
3 0.4040712720510113 0.9395253453982763 0.07123759215265543 0.09489334733826169