9 0.2828125 0.07714872631118486 0.06015625 0.11885742935348409
9 0.26875 0.29923197334543533 0.0609375 0.10326426285158127
9 0.278125 0.19180147532260167 0.05625 0.1132295118629981
9 0.265625 0.4170733893530466 0.06015625 0.10323242935348417
9 0.2546875 0.6697527203796858 0.0671875 0.09023768083635879
9 0.3578125 0.5473922421285156 0.0578125 0.09610567885919252
9 0.23828125 0.7940842169196447 0.0765625 0.09530718281352506
9 0.23671875 0.9393330499234501 0.07421875 0.0881804323192334
11 0.11328125 0.9397721072240934 0.10234375 0.11510768825073256
11 0.18515625 0.0762945390490354 0.08671875 0.14025226828878873
6 0.1734375 0.2773795365775774 0.0828125 0.14009310079830276
6 0.13828125 0.6540720291632036 0.0984375 0.11807352076024671
10 0.146875 0.5137971976422728 0.11171875 0.15923969022789902
10 0.15625 0.38449169961943913 0.10546875 0.1589850222431215
8 0.1234375 0.8019046926993569 0.11796875 0.1180881082126767
8 0.44921875 0.5393980114058875 0.0765625 0.12186968281352506
4 0.7328125 0.4173598212151696 0.08046875 0.1485913503040111
1 0.83203125 0.41671517547351355 0.10234375 0.16901393825073258
0 0.82421875 0.3070218404925415 0.08984375 0.14662960228117755
0 0.8453125 0.6766313449411658 0.0890625 0.11456651878308044
2 0.865625 0.816521515891693 0.11171875 0.10064594022789883
2 0.82265625 0.20148942349634708 0.0875 0.15122160178688587
5 0.81015625 0.09785508752679199 0.08671875 0.13322101828878874
5 0.865625 0.9527419401322119 0.10078125 0.09451611973557625
3 0.75546875 0.9509237838775644 0.078125 0.09815243224487133
3 0.74609375 0.8139947406828221 0.06484375 0.08936093034206749
3 0.74296875 0.6771486566904331 0.071875 0.0943349318249421
3 0.7375 0.5573945722037528 0.0609375 0.09623301285158128
3 0.4546875 0.42087084589256796 0.053125 0.10450842787060921
3 0.72734375 0.3210432367284892 0.06015625 0.104794929353484
3 0.725 0.20766648623419764 0.05546875 0.11319767836490087
3 0.71484375 0.10022140075893411 0.06015625 0.11573242935348409