3 0.5405679470974423 0.07506801340704206 0.05568205952597971 0.11856873400699967
3 0.7150098971901097 0.18260943543122277 0.06193205952597971 0.11864145934118145
3 0.7125074013664608 0.29903386676476823 0.05882441769334754 0.09673918734086336
3 0.6164954306857375 0.7879594594207232 0.06937997177703163 0.08592895667568143
0 0.34253217414713355 0.508878297382225 0.070935037293461 0.13046020667568142
4 0.1330753285936373 0.5087857486871354 0.10504714246560418 0.14569485534690846
5 0.20215513377362965 0.9253834500318167 0.08317957694917473 0.10092724801081765
1 0.8114409530878921 0.1516872467774949 0.0967733401960185 0.19948292667886308
6 0.36721229265093863 0.0707061353834977 0.06086063284695733 0.132685778007636
6 0.2385713604448027 0.5092317387014529 0.07575894654928819 0.1344210006763177
7 0.27893104265093865 0.06967889003818006 0.07648563284695734 0.13286759134309048
9 0.455329851543946 0.07642088072881532 0.05958830952597971 0.1186141873408633
9 0.4463194061757842 0.28968394939526987 0.05998761360966363 0.10768577800763604
9 0.53432783766413 0.2985236947405875 0.058906263246844046 0.09908293734086326
9 0.43520082378431385 0.518553836728179 0.05874257213985139 0.09439543734086335
9 0.42212787179273015 0.7810083833943153 0.061140885842182156 0.09598520934118149