9 0.2856138478325532 0.05632941669522863 0.06949144072219057 0.11265883339045726
9 0.2827766438016709 0.27251132858498806 0.06529868923931588 0.11022484905006032
9 0.2846336210642578 0.16437127996446904 0.07336585722409339 0.11688428482570909
9 0.37779466653908383 0.37557437358746243 0.05982993923931588 0.10993824400710625
9 0.4713602772232184 0.5006352493226315 0.07266552026595505 0.0996967848257091
9 0.2800879728883248 0.6484530308689802 0.07700285178688589 0.09134869629109836
9 0.2749614155876817 0.7724227973773237 0.07569501977166357 0.09751680913596861
9 0.27294261224137134 0.9150197331529724 0.07985593775644109 0.10397152702379309
6 0.5851879442565938 0.8923923021270219 0.07526393825073256 0.10606961555840363
0 0.8738870524320893 0.5993262183421096 0.08980394072219049 0.11852534995457162
6 0.18701847482831008 0.2665689450479029 0.09294352817462048 0.13817943068726607
7 0.17093983007523714 0.3715397280645897 0.11583720011373075 0.16432585085908258
10 0.16906560676698285 0.49847072026267353 0.12023819863085597 0.15754026232447202
11 0.1498552807204405 0.9300825684082227 0.11217368923931584 0.112681463703953
11 0.19092343034206724 0.06093363834255435 0.08340936068413449 0.1218672766851087
8 0.46676964182450453 0.25347364427967733 0.09016869665368965 0.14660940637700665
8 0.9129455297318574 0.885393193127339 0.11510768825073256 0.10815773801421216
2 0.8994348335724593 0.7459588789029877 0.11842368923931587 0.11300901232447184
2 0.461690869581383 0.14804583785724218 0.07725486117842592 0.1357980591359686
4 0.655633165056209 0.3539672099743666 0.07935853064607841 0.14916119629109836
1 0.7508183310638203 0.34584709351145176 0.09196861859279988 0.17165034995457146
0 0.8362053913302129 0.23176358209149103 0.08898819863085591 0.1559025192218769
5 0.8217197855889943 0.1260458485998344 0.08248353064607841 0.14932497060135783
3 0.6874998607584966 0.8862474434660232 0.07775226828878878 0.09060838986866315
3 0.4817698311010014 0.7561039993226315 0.0725700197716634 0.09735303482570892
3 0.5786063859301865 0.6155841406616327 0.07057643825073256 0.10582395409301455
3 0.46948741802195854 0.37781522501237197 0.05957527125453836 0.10368824400710626
3 0.738899309809282 0.24547527928710053 0.05998910672980173 0.11384449400710625
3 0.7299142875661607 0.14025219075248976 0.06545785672980173 0.11413109905006032
3 0.716209931824942 0.0492337412378019 0.06134335969555131 0.0984674824756038
3 0.7582063612156071 0.488733956356322 0.06378526878308026 0.09221515547249552