9 0.27148865973911623 0.06007828913458311 0.06316359621281205 0.11551720364722229
9 0.3606688135263042 0.17204965264170108 0.056114165494652826 0.11222854948690979
9 0.25927850946796976 0.279082862272847 0.06073803298109555 0.10140015226045147
9 0.2570296873574586 0.39708797986402755 0.06776928298109555 0.10156380642076393
9 0.4407456363241863 0.5060778541047218 0.06073803298109546 0.10140015226045147
9 0.24233488652057805 0.6403658543890624 0.06933178298109555 0.10160017401194459
9 0.23611163671696983 0.7701806409581943 0.06305451190385672 0.09676720364722229
9 0.2266406670657867 0.9211619127096874 0.07473690046753818 0.0907899605810762
11 0.17773865973911623 0.06459257969246522 0.07889313534222771 0.12918515938493044
10 0.10315317009084879 0.9326287024129514 0.10295734923787418 0.10785082722232638
10 0.35084331987101597 0.3839684243931941 0.06808290036934235 0.15547005642076392
8 0.34834100946796975 0.27700990957555527 0.08115961729005097 0.12062293094579868
8 0.33375022687965766 0.6366758503049997 0.07872041851971492 0.10416212955902786
6 0.3613415000981958 0.060956963692577984 0.056223249803608336 0.12191392738515597
6 0.13530363652057806 0.6428570343849305 0.0874368883672898 0.1254559013105208
7 0.1501438831027325 0.3745791598598957 0.10333005396013854 0.17191332722232647
2 0.44140923253699843 0.3920153541047219 0.0702084817514315 0.11802460780753474
2 0.43292300420341245 0.7765358244694441 0.07707156010845857 0.0892820119678472
5 0.8027341145595764 0.0582865320585587 0.07734427088084708 0.1165730641171174
5 0.8524446429634857 0.9026904424418742 0.09039826190385654 0.09740363649288213
4 0.8306302929400445 0.48997289010517286 0.10086812929210325 0.15154627583555574
1 0.8220007023845731 0.3620660956522562 0.09703005698520073 0.16317410685760425
0 0.6306621091968233 0.4891591917762842 0.06558461426498888 0.1288530050339931
0 0.7251433622218855 0.4955527025098606 0.07729881908544911 0.12834451196784719
3 0.5328922297083281 0.510963416225069 0.06305451190385654 0.09676720364722229
3 0.6230375242004967 0.05827452723782093 0.05149938836728971 0.11654905447564186
3 0.7083432442444634 0.16083286360402718 0.06472609621281204 0.11555357123840286
3 0.624921690186129 0.2674478459365967 0.06549371067419259 0.1132280050339931
3 0.6289092325369985 0.387651243163055 0.060692581185697494 0.09358765226045147
3 0.7290627268796577 0.6274748497363187 0.05673178903121965 0.08412173328249999
3 0.73141959153743 0.7594333645539576 0.06297724385167988 0.08348595364722229
3 0.7430650977839459 0.9060174238245132 0.07006758118569749 0.09380585780753492