9 0.7153255390312198 0.06201267122012338 0.056041442622015936 0.10005147578510518
9 0.723701641294156 0.15866035068700998 0.06081984621281222 0.11581286810497318
9 0.7267044423274284 0.271873404527076 0.056050532981095455 0.1016139757851052
9 0.6406720144379394 0.39236541244463474 0.0607425781606354 0.10253161810497317
9 0.7475406797362006 0.6299215852476039 0.06071530708339647 0.09784411810497318
9 0.6537593843602691 0.761578413698276 0.06305451190385654 0.09713106426490725
9 0.7616314925751337 0.9029953723946222 0.06539826190385671 0.09719926042484132
8 0.6522276588553535 0.498297163698276 0.08273120764913067 0.12269936559769068
8 0.5537780859592754 0.902010848575439 0.07870678298109546 0.10227320533113407
6 0.845969089377121 0.6254948465303748 0.08343973477649343 0.11022209765100222
6 0.8281442224798535 0.24782448759660172 0.081277791958086 0.14140390149106813
11 0.8152528161585828 0.05784279450426374 0.07735336123992695 0.11568558900852748
11 0.8702525136523726 0.9045231169843462 0.10058178298109546 0.10290970282385174
7 0.8466998215213358 0.4824806324237523 0.10630960821486468 0.1476000771970309
10 0.8342992945903646 0.3656341132234223 0.09850165339440445 0.14815400666391768
4 0.15220947813719424 0.5097206778175339 0.11180562929210351 0.1524467015702104
1 0.12487586025796808 0.7808742637900534 0.1256772317514315 0.1200433785298145
0 0.1695050206844554 0.25917510853806175 0.08763687626704138 0.16033575791755883
0 0.3475235407797356 0.9072308606496329 0.07010394262201594 0.10046065274470947
5 0.26159356849627385 0.5081006903539462 0.07495961426498887 0.12950329506457728
5 0.18631474990180413 0.06267283890876699 0.07419199980360829 0.12534567781753397
2 0.17121699072842195 0.15051316237812776 0.09617153893302391 0.15042956050398354
3 0.24135535401145214 0.9243849198999751 0.06925906010845857 0.08950042069139812
3 0.3514610861556672 0.7781882183297647 0.06459428600615764 0.09327027837152997
3 0.45692022491574036 0.6391591590794224 0.060701671544777014 0.09550036810497317
3 0.35926397491574036 0.6420006657433401 0.05676815046753827 0.09069920783841638
3 0.268760653001621 0.39693586982083284 0.05687268959695384 0.10866795783841647
3 0.271930583916172 0.2702597095542762 0.06084711729005097 0.12050036810497318
3 0.2783164184215191 0.1591176210744741 0.06555734318774994 0.12454301042484124
3 0.2792607740041051 0.057300371470185504 0.05852154800821019 0.11460074294037101