9 0.28125 0.065625 0.0671875 0.11640625
9 0.3625 0.29140625 0.0609375 0.10703125
9 0.278125 0.1734375 0.0609375 0.11640625
9 0.23828125 0.92890625 0.078125 0.09375
9 0.240625 0.778125 0.0765625 0.0953125
9 0.25390625 0.65234375 0.06953125 0.09375
9 0.2578125 0.5171875 0.0734375 0.10546875
9 0.26953125 0.40234375 0.0625 0.0984375
11 0.1859375 0.0625 0.084375 0.125
11 0.1125 0.93046875 0.1046875 0.10546875
8 0.11875 0.78203125 0.10703125 0.10703125
8 0.1703125 0.16015625 0.1 0.13828125
6 0.1734375 0.2703125 0.09609375 0.1421875
6 0.1390625 0.6453125 0.0953125 0.1078125
10 0.15 0.5015625 0.11328125 0.14765625
7 0.15 0.3734375 0.10703125 0.16484375
5 0.81015625 0.06640625 0.08671875 0.13203125
5 0.865625 0.91796875 0.0921875 0.10078125
2 0.8671875 0.771875 0.1046875 0.1203125
2 0.81484375 0.16796875 0.08671875 0.1390625
0 0.8421875 0.63828125 0.0921875 0.11796875
0 0.82578125 0.265625 0.084375 0.1515625
1 0.834375 0.38125 0.10078125 0.1703125
4 0.84375 0.503125 0.10078125 0.1453125
3 0.75625 0.91796875 0.07421875 0.1
3 0.74765625 0.77734375 0.0671875 0.0890625
3 0.7453125 0.6421875 0.071875 0.10234375
3 0.73125 0.4046875 0.06875 0.11796875
3 0.73359375 0.28515625 0.0640625 0.11875
3 0.72421875 0.17734375 0.06875 0.1234375
3 0.71875 0.07109375 0.0578125 0.11796875
3 0.5484375 0.51953125 0.053125 0.09609375