3 0.5484375 0.51953125 0.053125 0.0921875
3 0.5484375 0.40234375 0.0578125 0.11171875
3 0.74453125 0.6390625 0.06640625 0.10078125
3 0.74765625 0.7765625 0.0671875 0.08203125
3 0.75390625 0.915625 0.07578125 0.1
3 0.72734375 0.28515625 0.06953125 0.1140625
3 0.72265625 0.1734375 0.06953125 0.1203125
3 0.71484375 0.07109375 0.06015625 0.11796875
5 0.80703125 0.06640625 0.08046875 0.13203125
5 0.86875 0.9171875 0.09765625 0.09375
0 0.8453125 0.63359375 0.09375 0.11328125
0 0.54921875 0.6421875 0.06953125 0.1203125
4 0.8421875 0.49765625 0.09765625 0.14453125
1 0.83203125 0.3765625 0.10078125 0.1671875
2 0.8203125 0.165625 0.0921875 0.1578125
2 0.6515625 0.6484375 0.08203125 0.1046875
11 0.18828125 0.06328125 0.0828125 0.1265625
11 0.11796875 0.93046875 0.1109375 0.1109375
8 0.12265625 0.7875 0.1109375 0.0984375
8 0.16796875 0.15703125 0.09609375 0.1359375
6 0.1734375 0.26953125 0.08671875 0.14453125
6 0.140625 0.646875 0.09375 0.11171875
10 0.14765625 0.503125 0.11328125 0.1546875
7 0.26171875 0.25625 0.09140625 0.17578125
9 0.2734375 0.1734375 0.0609375 0.1109375
9 0.28046875 0.06328125 0.0609375 0.11171875
9 0.2359375 0.92890625 0.0765625 0.09375
9 0.24296875 0.78359375 0.0765625 0.10546875
9 0.25625 0.653125 0.06953125 0.1
9 0.2609375 0.5171875 0.06953125 0.10546875
9 0.45390625 0.4 0.05625 0.11171875
9 0.36328125 0.2921875 0.05859375 0.1078125