3 0.6363426489443398 0.05857423325986953 0.06080290665497756 0.11714846651973906
3 0.5503853782447632 0.27793271067798564 0.05974892126547413 0.11228310087368065
3 0.6668453644417502 0.9051653982732981 0.05773640787279355 0.08646548328249999
3 0.46219700040044653 0.7778437513311801 0.06643925202859488 0.09291550503399311
3 0.46169679951023734 0.390979530966458 0.05480232264544593 0.09733024810013893
0 0.8612230612780649 0.623184780397777 0.09182108157389948 0.11537238649288195
1 0.7651583591667446 0.7614134386421522 0.09202563311602727 0.12709113649288195
11 0.18785060186643912 0.06313901916341139 0.08273245373287823 0.12627803832682277
11 0.1622479987788887 0.5190922260643054 0.09190290219075066 0.12005988649288195
6 0.17818309577735916 0.2678381973789582 0.08914609496658028 0.1410809013105209
6 0.8136727621748646 0.058209250927300026 0.08437677434972919 0.11641850185460005
10 0.4603718530809598 0.49417726614881907 0.08307337296975739 0.15109168094579867
7 0.15027192450858973 0.6389507843849305 0.11180234496658023 0.141608231382639
9 0.2729598076279122 0.2797004581125345 0.06668471387914794 0.1069780050339931
9 0.46331998051823947 0.170539744397326 0.057350624187573376 0.10910354948690974
9 0.369563846588138 0.39625021884611084 0.06272391680124727 0.10376208605604172
9 0.5598105657422918 0.6387974754956245 0.05948982264544576 0.09743935087368065
9 0.36451170251176696 0.6441246743931941 0.06804266233702042 0.09529562262517359
9 0.2543299533225459 0.7795556409581943 0.07351141233702041 0.09542290919430556
9 0.25209707182807645 0.9202897437317359 0.07027731818121907 0.08910017401194459