1 0.81328125 0.1453125 0.0921875 0.19453125
5 0.82578125 0.2796875 0.0890625 0.1265625
5 0.75234375 0.77734375 0.08203125 0.11171875
2 0.65 0.65078125 0.084375 0.1
2 0.45234375 0.1703125 0.0640625 0.14296875
0 0.546875 0.27109375 0.06484375 0.14765625
4 0.7390625 0.50703125 0.084375 0.14453125
3 0.53828125 0.06953125 0.0578125 0.125
3 0.7203125 0.290625 0.0609375 0.0953125
3 0.546875 0.521875 0.05546875 0.09609375
3 0.7421875 0.646875 0.0609375 0.0921875
3 0.75390625 0.91953125 0.07578125 0.09375
7 0.18359375 0.06953125 0.0921875 0.1390625
11 0.1734375 0.28125 0.08671875 0.15859375
11 0.1296875 0.78515625 0.10078125 0.11328125
6 0.14765625 0.64921875 0.09375 0.125
6 0.275 0.159375 0.07421875 0.1453125
8 0.334375 0.91875 0.08671875 0.10703125
10 0.4484375 0.9234375 0.07421875 0.10234375
9 0.2390625 0.9265625 0.0796875 0.1078125
9 0.44921875 0.7765625 0.071875 0.09140625
9 0.353125 0.6390625 0.0609375 0.1
9 0.4515625 0.515625 0.0625 0.0984375
9 0.3609375 0.396875 0.0578125 0.10234375
9 0.4546875 0.2828125 0.0625 0.1078125
9 0.36875 0.178125 0.06015625 0.10546875
9 0.459375 0.0703125 0.05859375 0.10703125