9 0.714130966501554 0.04390912426584581 0.06557795822938636 0.08781824853169162
9 0.7178230849889694 0.24995806139927615 0.06563146215832774 0.10397484905006031
9 0.7134695328792734 0.14263688433005464 0.06141699710451576 0.11388543758467104
9 0.7154536021524771 0.36776303708901664 0.06485021215832773 0.10393390547249534
9 0.7146016158013282 0.6203148270031084 0.07126287799792799 0.09102114767057934
9 0.6173713589769025 0.49915687924167196 0.06217897642635144 0.0967798247398008
9 0.7251858972328595 0.744455011874246 0.08085620181924558 0.09619997060135788
9 0.7199803587720149 0.8896856247191163 0.0781849660872691 0.08904588986866316
11 0.8431631476471445 0.8886852894638657 0.10751074710451576 0.11630110866099877
11 0.8116416672873423 0.048338796077342504 0.09308652812176277 0.09667759215468501
6 0.8139724929706867 0.22699419493636128 0.08918027812176241 0.1410587692218769
6 0.8315172880510693 0.6032767339459418 0.10375004631872749 0.11922139077317447
10 0.8294732526905964 0.4631021132991554 0.11892343610347993 0.1605424315917773
10 0.8261385450803825 0.333905936229934 0.11267343610347993 0.16021488297125827
8 0.8394474503760128 0.7509363059722092 0.12324490901517464 0.11946373021229614
8 0.5265109185301965 0.49222852781676246 0.08209337014004525 0.12276247060135788
4 0.24913939743774738 0.37349729647281243 0.08723678846084475 0.14952968848918227
1 0.15013897125906492 0.37400963082355165 0.11002147104966795 0.17020735866099876
0 0.16304569375647496 0.2642251950479029 0.09650262655018596 0.1476772614199607
0 0.1247771364794926 0.6340806716421545 0.09422949710451589 0.11560506784239592
2 0.09798769644707131 0.7742077046588414 0.11619438833701023 0.10194868159177731
2 0.16952047973612033 0.15867455789277315 0.09437720037150354 0.15224193068726607
5 0.18682360380510693 0.06100528960329288 0.09275904238978616 0.12201057920658576
5 0.09136520720043828 0.9163952046588413 0.10554798676543364 0.10762547150586883
3 0.20166700641465002 0.907497160222194 0.0825642510334573 0.09940685775648746
3 0.21740978453641252 0.7702870872914154 0.06888274069437506 0.0901170669378848
3 0.22690256265817504 0.6334045629811558 0.07613231451569265 0.0951730591359686
3 0.2379385701017731 0.5135867079382017 0.06530397642635144 0.09694359905006031
3 0.5265730386702417 0.3737651328597166 0.0578917367654336 0.10512791327441154
3 0.25908378577475755 0.2771169414298583 0.0649229867654336 0.10549640547249543
3 0.2667036947899323 0.16371286069716368 0.060635747104515844 0.11384449400710617
3 0.2818450053766835 0.05718314846253401 0.06543240901517464 0.11436629692506801