10 0.365887271596726 0.06378159986688606 0.08775670680654794 0.12756319973377211
6 0.4446087358665058 0.14667652632405181 0.08195708615976152 0.15024802586071567
6 0.5123562420865422 0.6246799860353659 0.07941526232447185 0.11662699400955016
7 0.7145738393275802 0.6051412684346855 0.09889892469437242 0.14616072658635507
8 0.6262072959069857 0.05576198850364111 0.06941946460846396 0.11152397700728223
9 0.7106675050883826 0.05566277650349936 0.07065773801421252 0.11132555300699871
9 0.7124170335825136 0.15526031952314462 0.06440773801421251 0.11298363883740707
9 0.7073024084131715 0.2677330376719792 0.06568363297125827 0.10756945253973793
9 0.31778404850897735 0.6322544169755574 0.06909856004047973 0.09833086179556502
9 0.6067646613538477 0.6237226320443491 0.07452636646291495 0.09774058475372308
9 0.7037514467453836 0.7521253958393472 0.08102202792830404 0.1026463395630465
9 0.7056747156285762 0.8939855136253622 0.08081731004047973 0.0987400895630465
11 0.8167350463612708 0.8877677407598712 0.10524077792830404 0.10349207694917481
11 0.8082385459069856 0.052740523487069965 0.08738821460846395 0.10548104697413993
1 0.2634339789691008 0.12181047949676194 0.09958499943417314 0.20389138103285878
0 0.10462562924167199 0.6373586123437193 0.10474281094499091 0.12375001324684387
0 0.3278285131174414 0.5001140395708957 0.0761641095655099 0.12899058475372308
5 0.13984823552782152 0.3819072205110873 0.10087418249628843 0.13921132213985138
5 0.06389997343049227 0.9234151634321783 0.11091092378986114 0.12240576805616712
4 0.2418201713034703 0.37054807985958166 0.09346779624566981 0.16156747177703162
3 0.23457315807448725 0.5088293298595816 0.07234639077317437 0.10078373920022692
3 0.18717369912023277 0.9222296309480408 0.07691106004047973 0.09860368030721922
3 0.3965044335164005 0.9008828766868715 0.06708568068726609 0.08968254809323425
3 0.4312987511316537 0.3857663081752173 0.0698764880142125 0.11317461179556502
3 0.3482140134561257 0.274813939208076 0.06477623021229624 0.12001488883740716
3 0.35682213082355163 0.15520084365457973 0.06411781094499087 0.12233135698624165