9 0.46015625 0.07109375 0.05546875 0.11796875
9 0.365625 0.178125 0.05859375 0.1109375
9 0.453125 0.2875 0.05546875 0.1078125
9 0.3578125 0.4046875 0.0578125 0.10234375
9 0.45 0.515625 0.06875 0.0984375
9 0.35078125 0.6421875 0.0671875 0.10078125
9 0.54921875 0.78359375 0.06953125 0.08671875
9 0.23671875 0.928125 0.06953125 0.10078125
10 0.76796875 0.91796875 0.0984375 0.11875
11 0.134375 0.7890625 0.10078125 0.11640625
11 0.178125 0.16484375 0.08671875 0.1421875
6 0.25859375 0.50390625 0.07421875 0.13828125
6 0.27421875 0.16171875 0.0765625 0.1453125
7 0.2796875 0.06484375 0.084375 0.1296875
2 0.34765625 0.5234375 0.0796875 0.1046875
0 0.44921875 0.63828125 0.07109375 0.11328125
2 0.7375 0.39375 0.08515625 0.1140625
4 0.6421875 0.5 0.0734375 0.15390625
1 0.81640625 0.14375 0.0890625 0.19609375
5 0.825 0.3921875 0.078125 0.11640625
5 0.86015625 0.775 0.08984375 0.10703125
3 0.74609375 0.64375 0.0640625 0.0953125
3 0.54609375 0.52265625 0.05859375 0.09375
3 0.54296875 0.06875 0.0625 0.1234375
3 0.72109375 0.17578125 0.0671875 0.11640625
3 0.72421875 0.29296875 0.05859375 0.1